% # columns="iteration, evaluation, min 25%tile 75%tile max correlation, correlation matrix principal axes lengths  (sorted square roots of eigenvalues of correlation matrix)", seed=123450, Wed Apr  8 11:06:53 2026
1 12 -0.17830463488199785 -0.0194992564149852 0.025606215662858013 0.12481047817234242 0.8769215699466584 0.9299350968345822 0.9740909159468624 0.982763586317902 0.9931727293589169 1.0057732730201638 1.0117775831060654 1.0141017509137205 1.1838427728244842
2 24 -0.1729524493478588 -0.03370352519599838 0.025302290721551275 0.1470858885066298 0.8769215699466584 0.9299350968345822 0.9740909159468624 0.982763586317902 0.9931727293589169 1.0057732730201638 1.0117775831060654 1.0141017509137205 1.1838427728244842
3 36 -0.22512757833698638 -0.04123086762232421 0.07555931602077313 0.1934507152888056 0.8769215699466584 0.9299350968345822 0.9740909159468624 0.982763586317902 0.9931727293589169 1.0057732730201638 1.0117775831060654 1.0141017509137205 1.1838427728244842
4 48 -0.2116253562087391 -0.054930043771518555 0.11459996279890196 0.2064409994840741 0.8769215699466584 0.9299350968345822 0.9740909159468624 0.982763586317902 0.9931727293589169 1.0057732730201638 1.0117775831060654 1.0141017509137205 1.1838427728244842
5 60 -0.2158023572068082 -0.07084474148296764 0.10772241531350733 0.17179279243573498 0.8769215699466584 0.9299350968345822 0.9740909159468624 0.982763586317902 0.9931727293589169 1.0057732730201638 1.0117775831060654 1.0141017509137205 1.1838427728244842
6 72 -0.19650976694798197 -0.08701565778247936 0.08388990269528307 0.1750085303714637 0.8769215699466584 0.9299350968345822 0.9740909159468624 0.982763586317902 0.9931727293589169 1.0057732730201638 1.0117775831060654 1.0141017509137205 1.1838427728244842
7 84 -0.216972350426474 -0.06624359495021892 0.09288555588149641 0.1852497610803158 0.8769215699466584 0.9299350968345822 0.9740909159468624 0.982763586317902 0.9931727293589169 1.0057732730201638 1.0117775831060654 1.0141017509137205 1.1838427728244842
8 96 -0.22625224007874786 -0.0695647750048668 0.10125496037270754 0.18498272287649317 0.8769215699466584 0.9299350968345822 0.9740909159468624 0.982763586317902 0.9931727293589169 1.0057732730201638 1.0117775831060654 1.0141017509137205 1.1838427728244842
9 108 -0.27192502858783946 -0.08187470850293985 0.04135743002892463 0.14945169608061948 0.8769215699466584 0.9299350968345822 0.9740909159468624 0.982763586317902 0.9931727293589169 1.0057732730201638 1.0117775831060654 1.0141017509137205 1.1838427728244842
10 120 -0.3007996666240155 -0.10950295952171876 0.07415132047874379 0.17047383712070582 0.7340495633018638 0.8418183042382756 0.8689680384764102 0.9183253145254191 0.9368676577239723 1.0232729628303652 1.1187065280255533 1.1602698725635217 1.2773203625166207
11 132 -0.33374455168896694 -0.10019877601945415 0.065848022995313 0.19612457525530413 0.7340495633018638 0.8418183042382756 0.8689680384764102 0.9183253145254191 0.9368676577239723 1.0232729628303652 1.1187065280255533 1.1602698725635217 1.2773203625166207
12 144 -0.32651887986569167 -0.10122914548784936 0.06445126260928423 0.2280974120458047 0.7340495633018638 0.8418183042382756 0.8689680384764102 0.9183253145254191 0.9368676577239723 1.0232729628303652 1.1187065280255533 1.1602698725635217 1.2773203625166207
13 156 -0.32744229384833434 -0.08903606515011606 0.08063120328213505 0.22765537479439515 0.7340495633018638 0.8418183042382756 0.8689680384764102 0.9183253145254191 0.9368676577239723 1.0232729628303652 1.1187065280255533 1.1602698725635217 1.2773203625166207
14 168 -0.27299689089127993 -0.07709889715112048 0.0836599811931346 0.22961425776445576 0.7340495633018638 0.8418183042382756 0.8689680384764102 0.9183253145254191 0.9368676577239723 1.0232729628303652 1.1187065280255533 1.1602698725635217 1.2773203625166207
15 180 -0.3286753906836964 -0.10887425661442224 0.08286556759087921 0.24400984749553278 0.7340495633018638 0.8418183042382756 0.8689680384764102 0.9183253145254191 0.9368676577239723 1.0232729628303652 1.1187065280255533 1.1602698725635217 1.2773203625166207
16 192 -0.31942522170209714 -0.08922933483620074 0.07691708945732073 0.24930770948841766 0.7340495633018638 0.8418183042382756 0.8689680384764102 0.9183253145254191 0.9368676577239723 1.0232729628303652 1.1187065280255533 1.1602698725635217 1.2773203625166207
17 204 -0.31645065376091475 -0.11693481039136883 0.06894200861277466 0.27143717101181547 0.7340495633018638 0.8418183042382756 0.8689680384764102 0.9183253145254191 0.9368676577239723 1.0232729628303652 1.1187065280255533 1.1602698725635217 1.2773203625166207
18 216 -0.26610502446374273 -0.13379994596909872 0.06157577696723603 0.2611096972119933 0.7340495633018638 0.8418183042382756 0.8689680384764102 0.9183253145254191 0.9368676577239723 1.0232729628303652 1.1187065280255533 1.1602698725635217 1.2773203625166207
19 228 -0.24296990380939557 -0.14460328648667106 0.10413145587192177 0.2711472532774928 0.7021038818460069 0.7998528745638828 0.8267960702634894 0.8532410867268676 0.9773160255845877 1.033046410227264 1.0842100950902251 1.2350868865256652 1.3162031671271575
20 240 -0.27800090673596733 -0.15109894850554242 0.08563392404844823 0.2682788614179567 0.7021038818460069 0.7998528745638828 0.8267960702634894 0.8532410867268676 0.9773160255845877 1.033046410227264 1.0842100950902251 1.2350868865256652 1.3162031671271575
21 252 -0.2990797947859527 -0.1270111648838429 0.09127705045375359 0.2529210783259628 0.7021038818460069 0.7998528745638828 0.8267960702634894 0.8532410867268676 0.9773160255845877 1.033046410227264 1.0842100950902251 1.2350868865256652 1.3162031671271575
22 264 -0.2967612341203767 -0.1496778722655177 0.08443566461572412 0.27692339865278387 0.7021038818460069 0.7998528745638828 0.8267960702634894 0.8532410867268676 0.9773160255845877 1.033046410227264 1.0842100950902251 1.2350868865256652 1.3162031671271575
23 276 -0.24884431965336049 -0.16102900052459526 0.10291876265471625 0.30341123678127174 0.7021038818460069 0.7998528745638828 0.8267960702634894 0.8532410867268676 0.9773160255845877 1.033046410227264 1.0842100950902251 1.2350868865256652 1.3162031671271575
24 288 -0.2837917942343158 -0.13664333457776312 0.11244800358452478 0.3548585877537764 0.7021038818460069 0.7998528745638828 0.8267960702634894 0.8532410867268676 0.9773160255845877 1.033046410227264 1.0842100950902251 1.2350868865256652 1.3162031671271575
25 300 -0.31128886358194746 -0.13652137639111003 0.11463113990479301 0.3495572551529262 0.7021038818460069 0.7998528745638828 0.8267960702634894 0.8532410867268676 0.9773160255845877 1.033046410227264 1.0842100950902251 1.2350868865256652 1.3162031671271575
26 312 -0.31584077965069346 -0.11294298612948794 0.10179799887742291 0.3148516292417925 0.7021038818460069 0.7998528745638828 0.8267960702634894 0.8532410867268676 0.9773160255845877 1.033046410227264 1.0842100950902251 1.2350868865256652 1.3162031671271575
27 324 -0.33954216204008725 -0.10630563781117255 0.0903311901880352 0.3294314669764862 0.7021038818460069 0.7998528745638828 0.8267960702634894 0.8532410867268676 0.9773160255845877 1.033046410227264 1.0842100950902251 1.2350868865256652 1.3162031671271575
28 336 -0.3379465711905964 -0.08701253642836193 0.10054030040222203 0.31848139055998903 0.6430803178841152 0.7775019937705413 0.8176320079713217 0.8787741998211238 0.9160615316725933 1.0368674890276475 1.1939453136969005 1.2276788701506864 1.3016176165742124
29 348 -0.3751801193146431 -0.09205128638045235 0.09147729277538316 0.2776076041394679 0.6430803178841152 0.7775019937705413 0.8176320079713217 0.8787741998211238 0.9160615316725933 1.0368674890276475 1.1939453136969005 1.2276788701506864 1.3016176165742124
30 360 -0.3713562949257016 -0.0899233624847466 0.10269904415984968 0.31529359218133335 0.6430803178841152 0.7775019937705413 0.8176320079713217 0.8787741998211238 0.9160615316725933 1.0368674890276475 1.1939453136969005 1.2276788701506864 1.3016176165742124
31 372 -0.34756358590708847 -0.09238190082292982 0.10179828279698618 0.3265833176614616 0.6430803178841152 0.7775019937705413 0.8176320079713217 0.8787741998211238 0.9160615316725933 1.0368674890276475 1.1939453136969005 1.2276788701506864 1.3016176165742124
32 384 -0.35054752039283243 -0.07925516519676279 0.12378289714052625 0.34118528492529604 0.6430803178841152 0.7775019937705413 0.8176320079713217 0.8787741998211238 0.9160615316725933 1.0368674890276475 1.1939453136969005 1.2276788701506864 1.3016176165742124
33 396 -0.37145849818599386 -0.05888516472209367 0.1103949349040979 0.3581997480741506 0.6430803178841152 0.7775019937705413 0.8176320079713217 0.8787741998211238 0.9160615316725933 1.0368674890276475 1.1939453136969005 1.2276788701506864 1.3016176165742124
34 408 -0.368279308235707 -0.07407749360020355 0.15130306989631653 0.3148848059857823 0.6430803178841152 0.7775019937705413 0.8176320079713217 0.8787741998211238 0.9160615316725933 1.0368674890276475 1.1939453136969005 1.2276788701506864 1.3016176165742124
35 420 -0.3484197870145151 -0.09038505605970659 0.14541159659067038 0.3265929909932775 0.6430803178841152 0.7775019937705413 0.8176320079713217 0.8787741998211238 0.9160615316725933 1.0368674890276475 1.1939453136969005 1.2276788701506864 1.3016176165742124
36 432 -0.32566097994046656 -0.10062079808274016 0.13346560750593342 0.3076675690155886 0.6430803178841152 0.7775019937705413 0.8176320079713217 0.8787741998211238 0.9160615316725933 1.0368674890276475 1.1939453136969005 1.2276788701506864 1.3016176165742124
37 444 -0.3284988838633007 -0.1038353751009273 0.14674949848041413 0.3136537718329967 0.5644597704679715 0.7542785168574107 0.8064303996207106 0.855958031175042 0.9385478663520331 1.0532339654234377 1.177515722788315 1.2469327327261237 1.3408566460483755
38 456 -0.34476925432279343 -0.10562910839860154 0.16907417989521933 0.29736337508379107 0.5644597704679715 0.7542785168574107 0.8064303996207106 0.855958031175042 0.9385478663520331 1.0532339654234377 1.177515722788315 1.2469327327261237 1.3408566460483755
39 468 -0.35656538260173687 -0.12703168192653583 0.16509705798827418 0.3085025046673013 0.5644597704679715 0.7542785168574107 0.8064303996207106 0.855958031175042 0.9385478663520331 1.0532339654234377 1.177515722788315 1.2469327327261237 1.3408566460483755
40 480 -0.37792673221759954 -0.12513839869371507 0.13156566440226503 0.31013979055993174 0.5644597704679715 0.7542785168574107 0.8064303996207106 0.855958031175042 0.9385478663520331 1.0532339654234377 1.177515722788315 1.2469327327261237 1.3408566460483755
41 492 -0.38892362928997637 -0.10732392395326798 0.11271938738966489 0.29638674672174586 0.5644597704679715 0.7542785168574107 0.8064303996207106 0.855958031175042 0.9385478663520331 1.0532339654234377 1.177515722788315 1.2469327327261237 1.3408566460483755
42 504 -0.47807610840103004 -0.12379620323369925 0.14155519240337094 0.3202556781834788 0.5644597704679715 0.7542785168574107 0.8064303996207106 0.855958031175042 0.9385478663520331 1.0532339654234377 1.177515722788315 1.2469327327261237 1.3408566460483755
43 516 -0.5054209115250361 -0.131738633270499 0.146946620513437 0.31319646255950967 0.5644597704679715 0.7542785168574107 0.8064303996207106 0.855958031175042 0.9385478663520331 1.0532339654234377 1.177515722788315 1.2469327327261237 1.3408566460483755
44 528 -0.518501282017938 -0.12030491159549 0.13635265674699903 0.29941670617649785 0.5644597704679715 0.7542785168574107 0.8064303996207106 0.855958031175042 0.9385478663520331 1.0532339654234377 1.177515722788315 1.2469327327261237 1.3408566460483755
45 540 -0.5245987096173611 -0.14025180130479126 0.17011189888369585 0.3495600777535106 0.5644597704679715 0.7542785168574107 0.8064303996207106 0.855958031175042 0.9385478663520331 1.0532339654234377 1.177515722788315 1.2469327327261237 1.3408566460483755
46 552 -0.5264695597235123 -0.11957633118607519 0.15678262940413829 0.3370467798209819 0.5611682061235179 0.6848076053812778 0.6982330951564234 0.8861041333372903 0.9977339676458115 1.0057345354844431 1.0856989174270477 1.1738860478735316 1.5426254175930592
47 564 -0.5212852872171051 -0.1314224529311735 0.16253602292359834 0.35769877624320234 0.5611682061235179 0.6848076053812778 0.6982330951564234 0.8861041333372903 0.9977339676458115 1.0057345354844431 1.0856989174270477 1.1738860478735316 1.5426254175930592
48 576 -0.5426198070640853 -0.16058343402917863 0.17930667826771102 0.38838570810447903 0.5611682061235179 0.6848076053812778 0.6982330951564234 0.8861041333372903 0.9977339676458115 1.0057345354844431 1.0856989174270477 1.1738860478735316 1.5426254175930592
49 588 -0.5444281584646775 -0.14654797305193457 0.18281441012529767 0.3943252863906769 0.5611682061235179 0.6848076053812778 0.6982330951564234 0.8861041333372903 0.9977339676458115 1.0057345354844431 1.0856989174270477 1.1738860478735316 1.5426254175930592
50 600 -0.5109303621651998 -0.14870674374911147 0.20161801991473594 0.39307763297128756 0.5611682061235179 0.6848076053812778 0.6982330951564234 0.8861041333372903 0.9977339676458115 1.0057345354844431 1.0856989174270477 1.1738860478735316 1.5426254175930592
51 612 -0.5441555090464338 -0.16926079962580737 0.2063789699504899 0.40592404994745895 0.5611682061235179 0.6848076053812778 0.6982330951564234 0.8861041333372903 0.9977339676458115 1.0057345354844431 1.0856989174270477 1.1738860478735316 1.5426254175930592
