% # columns="iteration, evaluation, min 25%tile 75%tile max correlation, correlation matrix principal axes lengths  (sorted square roots of eigenvalues of correlation matrix)", seed=12345, Sun Apr 12 22:00:05 2026
1 12 -0.07975913126430767 -0.021736448903758178 0.027159337074476084 0.08221624485115465 0.8967024979072404 0.961164829707697 0.9784889403749423 0.990001873659519 0.9935511909633082 1.0166411612375652 1.0272023601719777 1.0447101258035794 1.0804051687251255
2 24 -0.07975913126430767 -0.021736448903758178 0.027159337074476084 0.08221624485115465 0.8967024979072404 0.961164829707697 0.9784889403749423 0.990001873659519 0.9935511909633082 1.0166411612375652 1.0272023601719777 1.0447101258035794 1.0804051687251255
3 36 -0.07975913126430767 -0.021736448903758178 0.027159337074476084 0.08221624485115465 0.8967024979072404 0.961164829707697 0.9784889403749423 0.990001873659519 0.9935511909633082 1.0166411612375652 1.0272023601719777 1.0447101258035794 1.0804051687251255
4 48 -0.07975913126430767 -0.021736448903758178 0.027159337074476084 0.08221624485115465 0.8967024979072404 0.961164829707697 0.9784889403749423 0.990001873659519 0.9935511909633082 1.0166411612375652 1.0272023601719777 1.0447101258035794 1.0804051687251255
5 60 -0.07975913126430767 -0.021736448903758178 0.027159337074476084 0.08221624485115465 0.8967024979072404 0.961164829707697 0.9784889403749423 0.990001873659519 0.9935511909633082 1.0166411612375652 1.0272023601719777 1.0447101258035794 1.0804051687251255
6 72 -0.07975913126430767 -0.021736448903758178 0.027159337074476084 0.08221624485115465 0.8967024979072404 0.961164829707697 0.9784889403749423 0.990001873659519 0.9935511909633082 1.0166411612375652 1.0272023601719777 1.0447101258035794 1.0804051687251255
7 84 -0.07975913126430767 -0.021736448903758178 0.027159337074476084 0.08221624485115465 0.8967024979072404 0.961164829707697 0.9784889403749423 0.990001873659519 0.9935511909633082 1.0166411612375652 1.0272023601719777 1.0447101258035794 1.0804051687251255
8 96 -0.07975913126430767 -0.021736448903758178 0.027159337074476084 0.08221624485115465 0.8967024979072404 0.961164829707697 0.9784889403749423 0.990001873659519 0.9935511909633082 1.0166411612375652 1.0272023601719777 1.0447101258035794 1.0804051687251255
9 108 -0.07975913126430767 -0.021736448903758178 0.027159337074476084 0.08221624485115465 0.8967024979072404 0.961164829707697 0.9784889403749423 0.990001873659519 0.9935511909633082 1.0166411612375652 1.0272023601719777 1.0447101258035794 1.0804051687251255
10 120 -0.1744203997710294 -0.07926910272711099 0.08238226323117834 0.2858637379936675 0.697115715845615 0.859660249679424 0.8932785385337648 0.9424108741886622 0.9792465548492845 1.0481509341978836 1.0593015288078311 1.145246944168893 1.2639915516099087
11 132 -0.1744203997710294 -0.07926910272711099 0.08238226323117834 0.2858637379936675 0.697115715845615 0.859660249679424 0.8932785385337648 0.9424108741886622 0.9792465548492845 1.0481509341978836 1.0593015288078311 1.145246944168893 1.2639915516099087
12 144 -0.1744203997710294 -0.07926910272711099 0.08238226323117834 0.2858637379936675 0.697115715845615 0.859660249679424 0.8932785385337648 0.9424108741886622 0.9792465548492845 1.0481509341978836 1.0593015288078311 1.145246944168893 1.2639915516099087
13 156 -0.1744203997710294 -0.07926910272711099 0.08238226323117834 0.2858637379936675 0.697115715845615 0.859660249679424 0.8932785385337648 0.9424108741886622 0.9792465548492845 1.0481509341978836 1.0593015288078311 1.145246944168893 1.2639915516099087
14 168 -0.1744203997710294 -0.07926910272711099 0.08238226323117834 0.2858637379936675 0.697115715845615 0.859660249679424 0.8932785385337648 0.9424108741886622 0.9792465548492845 1.0481509341978836 1.0593015288078311 1.145246944168893 1.2639915516099087
15 180 -0.1744203997710294 -0.07926910272711099 0.08238226323117834 0.2858637379936675 0.697115715845615 0.859660249679424 0.8932785385337648 0.9424108741886622 0.9792465548492845 1.0481509341978836 1.0593015288078311 1.145246944168893 1.2639915516099087
16 192 -0.1744203997710294 -0.07926910272711099 0.08238226323117834 0.2858637379936675 0.697115715845615 0.859660249679424 0.8932785385337648 0.9424108741886622 0.9792465548492845 1.0481509341978836 1.0593015288078311 1.145246944168893 1.2639915516099087
17 204 -0.1744203997710294 -0.07926910272711099 0.08238226323117834 0.2858637379936675 0.697115715845615 0.859660249679424 0.8932785385337648 0.9424108741886622 0.9792465548492845 1.0481509341978836 1.0593015288078311 1.145246944168893 1.2639915516099087
18 216 -0.1744203997710294 -0.07926910272711099 0.08238226323117834 0.2858637379936675 0.697115715845615 0.859660249679424 0.8932785385337648 0.9424108741886622 0.9792465548492845 1.0481509341978836 1.0593015288078311 1.145246944168893 1.2639915516099087
19 228 -0.46270518804418137 -0.09800550261243404 0.10706138612316782 0.3127518546388056 0.6033795414007781 0.6584025091395501 0.7240303368308649 0.9742920336835563 0.99987307528826 1.0733343980839858 1.1272380552279255 1.1682582455517923 1.3934448360723046
20 240 -0.46270518804418137 -0.09800550261243404 0.10706138612316782 0.3127518546388056 0.6033795414007781 0.6584025091395501 0.7240303368308649 0.9742920336835563 0.99987307528826 1.0733343980839858 1.1272380552279255 1.1682582455517923 1.3934448360723046
21 252 -0.46270518804418137 -0.09800550261243404 0.10706138612316782 0.3127518546388056 0.6033795414007781 0.6584025091395501 0.7240303368308649 0.9742920336835563 0.99987307528826 1.0733343980839858 1.1272380552279255 1.1682582455517923 1.3934448360723046
22 264 -0.46270518804418137 -0.09800550261243404 0.10706138612316782 0.3127518546388056 0.6033795414007781 0.6584025091395501 0.7240303368308649 0.9742920336835563 0.99987307528826 1.0733343980839858 1.1272380552279255 1.1682582455517923 1.3934448360723046
23 276 -0.46270518804418137 -0.09800550261243404 0.10706138612316782 0.3127518546388056 0.6033795414007781 0.6584025091395501 0.7240303368308649 0.9742920336835563 0.99987307528826 1.0733343980839858 1.1272380552279255 1.1682582455517923 1.3934448360723046
24 288 -0.46270518804418137 -0.09800550261243404 0.10706138612316782 0.3127518546388056 0.6033795414007781 0.6584025091395501 0.7240303368308649 0.9742920336835563 0.99987307528826 1.0733343980839858 1.1272380552279255 1.1682582455517923 1.3934448360723046
25 300 -0.46270518804418137 -0.09800550261243404 0.10706138612316782 0.3127518546388056 0.6033795414007781 0.6584025091395501 0.7240303368308649 0.9742920336835563 0.99987307528826 1.0733343980839858 1.1272380552279255 1.1682582455517923 1.3934448360723046
26 312 -0.46270518804418137 -0.09800550261243404 0.10706138612316782 0.3127518546388056 0.6033795414007781 0.6584025091395501 0.7240303368308649 0.9742920336835563 0.99987307528826 1.0733343980839858 1.1272380552279255 1.1682582455517923 1.3934448360723046
27 324 -0.46270518804418137 -0.09800550261243404 0.10706138612316782 0.3127518546388056 0.6033795414007781 0.6584025091395501 0.7240303368308649 0.9742920336835563 0.99987307528826 1.0733343980839858 1.1272380552279255 1.1682582455517923 1.3934448360723046
28 336 -0.3820418393969381 -0.1430014225820076 0.12490229402791636 0.3130633071424825 0.587507993924367 0.6637133491788058 0.7565002940465001 0.9732839790804114 0.998939118084522 1.0927019780159817 1.104871482732625 1.196793014871563 1.3600783286888678
29 348 -0.3820418393969381 -0.1430014225820076 0.12490229402791636 0.3130633071424825 0.587507993924367 0.6637133491788058 0.7565002940465001 0.9732839790804114 0.998939118084522 1.0927019780159817 1.104871482732625 1.196793014871563 1.3600783286888678
30 360 -0.3820418393969381 -0.1430014225820076 0.12490229402791636 0.3130633071424825 0.587507993924367 0.6637133491788058 0.7565002940465001 0.9732839790804114 0.998939118084522 1.0927019780159817 1.104871482732625 1.196793014871563 1.3600783286888678
31 372 -0.3820418393969381 -0.1430014225820076 0.12490229402791636 0.3130633071424825 0.587507993924367 0.6637133491788058 0.7565002940465001 0.9732839790804114 0.998939118084522 1.0927019780159817 1.104871482732625 1.196793014871563 1.3600783286888678
32 384 -0.3820418393969381 -0.1430014225820076 0.12490229402791636 0.3130633071424825 0.587507993924367 0.6637133491788058 0.7565002940465001 0.9732839790804114 0.998939118084522 1.0927019780159817 1.104871482732625 1.196793014871563 1.3600783286888678
33 396 -0.3820418393969381 -0.1430014225820076 0.12490229402791636 0.3130633071424825 0.587507993924367 0.6637133491788058 0.7565002940465001 0.9732839790804114 0.998939118084522 1.0927019780159817 1.104871482732625 1.196793014871563 1.3600783286888678
34 408 -0.3820418393969381 -0.1430014225820076 0.12490229402791636 0.3130633071424825 0.587507993924367 0.6637133491788058 0.7565002940465001 0.9732839790804114 0.998939118084522 1.0927019780159817 1.104871482732625 1.196793014871563 1.3600783286888678
35 420 -0.3820418393969381 -0.1430014225820076 0.12490229402791636 0.3130633071424825 0.587507993924367 0.6637133491788058 0.7565002940465001 0.9732839790804114 0.998939118084522 1.0927019780159817 1.104871482732625 1.196793014871563 1.3600783286888678
36 432 -0.3820418393969381 -0.1430014225820076 0.12490229402791636 0.3130633071424825 0.587507993924367 0.6637133491788058 0.7565002940465001 0.9732839790804114 0.998939118084522 1.0927019780159817 1.104871482732625 1.196793014871563 1.3600783286888678
37 444 -0.3905356746981131 -0.18566891406884398 0.10912497617552876 0.21452270552158195 0.5640308752798279 0.6518962246783278 0.7979626972415361 0.9095304797468932 1.0049399728876498 1.0129274089208937 1.1260652109492713 1.2827654097916512 1.3577459569024015
38 456 -0.3905356746981131 -0.18566891406884398 0.10912497617552876 0.21452270552158195 0.5640308752798279 0.6518962246783278 0.7979626972415361 0.9095304797468932 1.0049399728876498 1.0129274089208937 1.1260652109492713 1.2827654097916512 1.3577459569024015
39 468 -0.3905356746981131 -0.18566891406884398 0.10912497617552876 0.21452270552158195 0.5640308752798279 0.6518962246783278 0.7979626972415361 0.9095304797468932 1.0049399728876498 1.0129274089208937 1.1260652109492713 1.2827654097916512 1.3577459569024015
40 480 -0.3905356746981131 -0.18566891406884398 0.10912497617552876 0.21452270552158195 0.5640308752798279 0.6518962246783278 0.7979626972415361 0.9095304797468932 1.0049399728876498 1.0129274089208937 1.1260652109492713 1.2827654097916512 1.3577459569024015
41 492 -0.3905356746981131 -0.18566891406884398 0.10912497617552876 0.21452270552158195 0.5640308752798279 0.6518962246783278 0.7979626972415361 0.9095304797468932 1.0049399728876498 1.0129274089208937 1.1260652109492713 1.2827654097916512 1.3577459569024015
42 504 -0.3905356746981131 -0.18566891406884398 0.10912497617552876 0.21452270552158195 0.5640308752798279 0.6518962246783278 0.7979626972415361 0.9095304797468932 1.0049399728876498 1.0129274089208937 1.1260652109492713 1.2827654097916512 1.3577459569024015
43 516 -0.3905356746981131 -0.18566891406884398 0.10912497617552876 0.21452270552158195 0.5640308752798279 0.6518962246783278 0.7979626972415361 0.9095304797468932 1.0049399728876498 1.0129274089208937 1.1260652109492713 1.2827654097916512 1.3577459569024015
44 528 -0.3905356746981131 -0.18566891406884398 0.10912497617552876 0.21452270552158195 0.5640308752798279 0.6518962246783278 0.7979626972415361 0.9095304797468932 1.0049399728876498 1.0129274089208937 1.1260652109492713 1.2827654097916512 1.3577459569024015
45 540 -0.3905356746981131 -0.18566891406884398 0.10912497617552876 0.21452270552158195 0.5640308752798279 0.6518962246783278 0.7979626972415361 0.9095304797468932 1.0049399728876498 1.0129274089208937 1.1260652109492713 1.2827654097916512 1.3577459569024015
46 552 -0.40939329493332677 -0.17237633857000523 0.10038187913226741 0.27679110719875266 0.581834327404473 0.6855757823191159 0.7609241652880719 0.8464455004392779 1.0058772151517876 1.0544382576371285 1.0976026348380412 1.2758706767122598 1.3927571765351345
47 564 -0.40939329493332677 -0.17237633857000523 0.10038187913226741 0.27679110719875266 0.581834327404473 0.6855757823191159 0.7609241652880719 0.8464455004392779 1.0058772151517876 1.0544382576371285 1.0976026348380412 1.2758706767122598 1.3927571765351345
48 576 -0.40939329493332677 -0.17237633857000523 0.10038187913226741 0.27679110719875266 0.581834327404473 0.6855757823191159 0.7609241652880719 0.8464455004392779 1.0058772151517876 1.0544382576371285 1.0976026348380412 1.2758706767122598 1.3927571765351345
49 588 -0.40939329493332677 -0.17237633857000523 0.10038187913226741 0.27679110719875266 0.581834327404473 0.6855757823191159 0.7609241652880719 0.8464455004392779 1.0058772151517876 1.0544382576371285 1.0976026348380412 1.2758706767122598 1.3927571765351345
50 600 -0.40939329493332677 -0.17237633857000523 0.10038187913226741 0.27679110719875266 0.581834327404473 0.6855757823191159 0.7609241652880719 0.8464455004392779 1.0058772151517876 1.0544382576371285 1.0976026348380412 1.2758706767122598 1.3927571765351345
51 612 -0.40939329493332677 -0.17237633857000523 0.10038187913226741 0.27679110719875266 0.581834327404473 0.6855757823191159 0.7609241652880719 0.8464455004392779 1.0058772151517876 1.0544382576371285 1.0976026348380412 1.2758706767122598 1.3927571765351345
52 624 -0.40939329493332677 -0.17237633857000523 0.10038187913226741 0.27679110719875266 0.581834327404473 0.6855757823191159 0.7609241652880719 0.8464455004392779 1.0058772151517876 1.0544382576371285 1.0976026348380412 1.2758706767122598 1.3927571765351345
53 636 -0.40939329493332677 -0.17237633857000523 0.10038187913226741 0.27679110719875266 0.581834327404473 0.6855757823191159 0.7609241652880719 0.8464455004392779 1.0058772151517876 1.0544382576371285 1.0976026348380412 1.2758706767122598 1.3927571765351345
54 648 -0.40939329493332677 -0.17237633857000523 0.10038187913226741 0.27679110719875266 0.581834327404473 0.6855757823191159 0.7609241652880719 0.8464455004392779 1.0058772151517876 1.0544382576371285 1.0976026348380412 1.2758706767122598 1.3927571765351345
55 660 -0.5699302449701051 -0.16753036001441146 0.11856733614955646 0.27143917713884325 0.545652943560844 0.5611516321368589 0.7487668205496771 0.8220478591413951 0.9948781747775202 1.0909543543591502 1.1155630202470332 1.3114407877846292 1.41655762279789
56 672 -0.5699302449701051 -0.16753036001441146 0.11856733614955646 0.27143917713884325 0.545652943560844 0.5611516321368589 0.7487668205496771 0.8220478591413951 0.9948781747775202 1.0909543543591502 1.1155630202470332 1.3114407877846292 1.41655762279789
57 684 -0.5699302449701051 -0.16753036001441146 0.11856733614955646 0.27143917713884325 0.545652943560844 0.5611516321368589 0.7487668205496771 0.8220478591413951 0.9948781747775202 1.0909543543591502 1.1155630202470332 1.3114407877846292 1.41655762279789
58 696 -0.5699302449701051 -0.16753036001441146 0.11856733614955646 0.27143917713884325 0.545652943560844 0.5611516321368589 0.7487668205496771 0.8220478591413951 0.9948781747775202 1.0909543543591502 1.1155630202470332 1.3114407877846292 1.41655762279789
59 708 -0.5699302449701051 -0.16753036001441146 0.11856733614955646 0.27143917713884325 0.545652943560844 0.5611516321368589 0.7487668205496771 0.8220478591413951 0.9948781747775202 1.0909543543591502 1.1155630202470332 1.3114407877846292 1.41655762279789
60 720 -0.5699302449701051 -0.16753036001441146 0.11856733614955646 0.27143917713884325 0.545652943560844 0.5611516321368589 0.7487668205496771 0.8220478591413951 0.9948781747775202 1.0909543543591502 1.1155630202470332 1.3114407877846292 1.41655762279789
61 732 -0.5699302449701051 -0.16753036001441146 0.11856733614955646 0.27143917713884325 0.545652943560844 0.5611516321368589 0.7487668205496771 0.8220478591413951 0.9948781747775202 1.0909543543591502 1.1155630202470332 1.3114407877846292 1.41655762279789
62 744 -0.5699302449701051 -0.16753036001441146 0.11856733614955646 0.27143917713884325 0.545652943560844 0.5611516321368589 0.7487668205496771 0.8220478591413951 0.9948781747775202 1.0909543543591502 1.1155630202470332 1.3114407877846292 1.41655762279789
63 756 -0.5699302449701051 -0.16753036001441146 0.11856733614955646 0.27143917713884325 0.545652943560844 0.5611516321368589 0.7487668205496771 0.8220478591413951 0.9948781747775202 1.0909543543591502 1.1155630202470332 1.3114407877846292 1.41655762279789
64 768 -0.6279386393686648 -0.15867775336840775 0.09898816904652423 0.27010378611810315 0.5248804525063373 0.5626179265267194 0.6774137695479658 0.8689498263501718 0.9750631571779701 1.07919696579473 1.1410784264451683 1.314397118774816 1.431392451716788
65 780 -0.6279386393686648 -0.15867775336840775 0.09898816904652423 0.27010378611810315 0.5248804525063373 0.5626179265267194 0.6774137695479658 0.8689498263501718 0.9750631571779701 1.07919696579473 1.1410784264451683 1.314397118774816 1.431392451716788
66 792 -0.6279386393686648 -0.15867775336840775 0.09898816904652423 0.27010378611810315 0.5248804525063373 0.5626179265267194 0.6774137695479658 0.8689498263501718 0.9750631571779701 1.07919696579473 1.1410784264451683 1.314397118774816 1.431392451716788
67 804 -0.6279386393686648 -0.15867775336840775 0.09898816904652423 0.27010378611810315 0.5248804525063373 0.5626179265267194 0.6774137695479658 0.8689498263501718 0.9750631571779701 1.07919696579473 1.1410784264451683 1.314397118774816 1.431392451716788
68 816 -0.6279386393686648 -0.15867775336840775 0.09898816904652423 0.27010378611810315 0.5248804525063373 0.5626179265267194 0.6774137695479658 0.8689498263501718 0.9750631571779701 1.07919696579473 1.1410784264451683 1.314397118774816 1.431392451716788
69 828 -0.6279386393686648 -0.15867775336840775 0.09898816904652423 0.27010378611810315 0.5248804525063373 0.5626179265267194 0.6774137695479658 0.8689498263501718 0.9750631571779701 1.07919696579473 1.1410784264451683 1.314397118774816 1.431392451716788
70 840 -0.6279386393686648 -0.15867775336840775 0.09898816904652423 0.27010378611810315 0.5248804525063373 0.5626179265267194 0.6774137695479658 0.8689498263501718 0.9750631571779701 1.07919696579473 1.1410784264451683 1.314397118774816 1.431392451716788
71 852 -0.6279386393686648 -0.15867775336840775 0.09898816904652423 0.27010378611810315 0.5248804525063373 0.5626179265267194 0.6774137695479658 0.8689498263501718 0.9750631571779701 1.07919696579473 1.1410784264451683 1.314397118774816 1.431392451716788
72 864 -0.6279386393686648 -0.15867775336840775 0.09898816904652423 0.27010378611810315 0.5248804525063373 0.5626179265267194 0.6774137695479658 0.8689498263501718 0.9750631571779701 1.07919696579473 1.1410784264451683 1.314397118774816 1.431392451716788
73 876 -0.8561512782086792 -0.17775309322724156 0.09291871757900583 0.30939258133363057 0.30867663748053764 0.5681137779039169 0.6325033296061788 0.8160824842894252 0.9353995444170413 1.0899695616642577 1.1312676557554093 1.3625420206606664 1.5220450603145665
74 888 -0.8561512782086792 -0.17775309322724156 0.09291871757900583 0.30939258133363057 0.30867663748053764 0.5681137779039169 0.6325033296061788 0.8160824842894252 0.9353995444170413 1.0899695616642577 1.1312676557554093 1.3625420206606664 1.5220450603145665
75 900 -0.8561512782086792 -0.17775309322724156 0.09291871757900583 0.30939258133363057 0.30867663748053764 0.5681137779039169 0.6325033296061788 0.8160824842894252 0.9353995444170413 1.0899695616642577 1.1312676557554093 1.3625420206606664 1.5220450603145665
76 912 -0.8561512782086792 -0.17775309322724156 0.09291871757900583 0.30939258133363057 0.30867663748053764 0.5681137779039169 0.6325033296061788 0.8160824842894252 0.9353995444170413 1.0899695616642577 1.1312676557554093 1.3625420206606664 1.5220450603145665
77 924 -0.8561512782086792 -0.17775309322724156 0.09291871757900583 0.30939258133363057 0.30867663748053764 0.5681137779039169 0.6325033296061788 0.8160824842894252 0.9353995444170413 1.0899695616642577 1.1312676557554093 1.3625420206606664 1.5220450603145665
78 936 -0.8561512782086792 -0.17775309322724156 0.09291871757900583 0.30939258133363057 0.30867663748053764 0.5681137779039169 0.6325033296061788 0.8160824842894252 0.9353995444170413 1.0899695616642577 1.1312676557554093 1.3625420206606664 1.5220450603145665
79 948 -0.8561512782086792 -0.17775309322724156 0.09291871757900583 0.30939258133363057 0.30867663748053764 0.5681137779039169 0.6325033296061788 0.8160824842894252 0.9353995444170413 1.0899695616642577 1.1312676557554093 1.3625420206606664 1.5220450603145665
80 960 -0.8561512782086792 -0.17775309322724156 0.09291871757900583 0.30939258133363057 0.30867663748053764 0.5681137779039169 0.6325033296061788 0.8160824842894252 0.9353995444170413 1.0899695616642577 1.1312676557554093 1.3625420206606664 1.5220450603145665
81 972 -0.8561512782086792 -0.17775309322724156 0.09291871757900583 0.30939258133363057 0.30867663748053764 0.5681137779039169 0.6325033296061788 0.8160824842894252 0.9353995444170413 1.0899695616642577 1.1312676557554093 1.3625420206606664 1.5220450603145665
82 984 -0.8900512244509764 -0.23340798403157503 0.12672010403384693 0.35592615360663676 0.2741270240028844 0.5145342895107278 0.5970401376301986 0.7807389820558557 0.9167806926347364 1.0005622976198048 1.2059577967955486 1.347362762186936 1.6070986855821523
83 996 -0.8900512244509764 -0.23340798403157503 0.12672010403384693 0.35592615360663676 0.2741270240028844 0.5145342895107278 0.5970401376301986 0.7807389820558557 0.9167806926347364 1.0005622976198048 1.2059577967955486 1.347362762186936 1.6070986855821523
84 1008 -0.8900512244509764 -0.23340798403157503 0.12672010403384693 0.35592615360663676 0.2741270240028844 0.5145342895107278 0.5970401376301986 0.7807389820558557 0.9167806926347364 1.0005622976198048 1.2059577967955486 1.347362762186936 1.6070986855821523
85 1020 -0.8900512244509764 -0.23340798403157503 0.12672010403384693 0.35592615360663676 0.2741270240028844 0.5145342895107278 0.5970401376301986 0.7807389820558557 0.9167806926347364 1.0005622976198048 1.2059577967955486 1.347362762186936 1.6070986855821523
86 1032 -0.8900512244509764 -0.23340798403157503 0.12672010403384693 0.35592615360663676 0.2741270240028844 0.5145342895107278 0.5970401376301986 0.7807389820558557 0.9167806926347364 1.0005622976198048 1.2059577967955486 1.347362762186936 1.6070986855821523
87 1044 -0.8900512244509764 -0.23340798403157503 0.12672010403384693 0.35592615360663676 0.2741270240028844 0.5145342895107278 0.5970401376301986 0.7807389820558557 0.9167806926347364 1.0005622976198048 1.2059577967955486 1.347362762186936 1.6070986855821523
88 1056 -0.8900512244509764 -0.23340798403157503 0.12672010403384693 0.35592615360663676 0.2741270240028844 0.5145342895107278 0.5970401376301986 0.7807389820558557 0.9167806926347364 1.0005622976198048 1.2059577967955486 1.347362762186936 1.6070986855821523
89 1068 -0.8900512244509764 -0.23340798403157503 0.12672010403384693 0.35592615360663676 0.2741270240028844 0.5145342895107278 0.5970401376301986 0.7807389820558557 0.9167806926347364 1.0005622976198048 1.2059577967955486 1.347362762186936 1.6070986855821523
90 1080 -0.8900512244509764 -0.23340798403157503 0.12672010403384693 0.35592615360663676 0.2741270240028844 0.5145342895107278 0.5970401376301986 0.7807389820558557 0.9167806926347364 1.0005622976198048 1.2059577967955486 1.347362762186936 1.6070986855821523
91 1092 -0.9274265091152183 -0.19697446834229476 0.13812236623783952 0.5024831766064288 0.24514382836382023 0.47647937089524695 0.5981430694918309 0.7605634665674361 0.9281468232200478 1.0579478581403294 1.126262028060002 1.340823362158397 1.6521671688759163
92 1104 -0.9274265091152183 -0.19697446834229476 0.13812236623783952 0.5024831766064288 0.24514382836382023 0.47647937089524695 0.5981430694918309 0.7605634665674361 0.9281468232200478 1.0579478581403294 1.126262028060002 1.340823362158397 1.6521671688759163
93 1116 -0.9274265091152183 -0.19697446834229476 0.13812236623783952 0.5024831766064288 0.24514382836382023 0.47647937089524695 0.5981430694918309 0.7605634665674361 0.9281468232200478 1.0579478581403294 1.126262028060002 1.340823362158397 1.6521671688759163
94 1128 -0.9274265091152183 -0.19697446834229476 0.13812236623783952 0.5024831766064288 0.24514382836382023 0.47647937089524695 0.5981430694918309 0.7605634665674361 0.9281468232200478 1.0579478581403294 1.126262028060002 1.340823362158397 1.6521671688759163
95 1140 -0.9274265091152183 -0.19697446834229476 0.13812236623783952 0.5024831766064288 0.24514382836382023 0.47647937089524695 0.5981430694918309 0.7605634665674361 0.9281468232200478 1.0579478581403294 1.126262028060002 1.340823362158397 1.6521671688759163
96 1152 -0.9274265091152183 -0.19697446834229476 0.13812236623783952 0.5024831766064288 0.24514382836382023 0.47647937089524695 0.5981430694918309 0.7605634665674361 0.9281468232200478 1.0579478581403294 1.126262028060002 1.340823362158397 1.6521671688759163
97 1164 -0.9274265091152183 -0.19697446834229476 0.13812236623783952 0.5024831766064288 0.24514382836382023 0.47647937089524695 0.5981430694918309 0.7605634665674361 0.9281468232200478 1.0579478581403294 1.126262028060002 1.340823362158397 1.6521671688759163
98 1176 -0.9274265091152183 -0.19697446834229476 0.13812236623783952 0.5024831766064288 0.24514382836382023 0.47647937089524695 0.5981430694918309 0.7605634665674361 0.9281468232200478 1.0579478581403294 1.126262028060002 1.340823362158397 1.6521671688759163
99 1188 -0.9274265091152183 -0.19697446834229476 0.13812236623783952 0.5024831766064288 0.24514382836382023 0.47647937089524695 0.5981430694918309 0.7605634665674361 0.9281468232200478 1.0579478581403294 1.126262028060002 1.340823362158397 1.6521671688759163
100 1200 -0.9210273460810741 -0.1590660335573211 0.18342625172692406 0.4435035770401045 0.24079202013464887 0.5047426306266125 0.631931269173282 0.7956096460312152 0.9094632718259693 1.019338129880239 1.2072831559656165 1.3233869433114525 1.6061951798636
101 1212 -0.9210273460810741 -0.1590660335573211 0.18342625172692406 0.4435035770401045 0.24079202013464887 0.5047426306266125 0.631931269173282 0.7956096460312152 0.9094632718259693 1.019338129880239 1.2072831559656165 1.3233869433114525 1.6061951798636
102 1224 -0.9210273460810741 -0.1590660335573211 0.18342625172692406 0.4435035770401045 0.24079202013464887 0.5047426306266125 0.631931269173282 0.7956096460312152 0.9094632718259693 1.019338129880239 1.2072831559656165 1.3233869433114525 1.6061951798636
103 1236 -0.9210273460810741 -0.1590660335573211 0.18342625172692406 0.4435035770401045 0.24079202013464887 0.5047426306266125 0.631931269173282 0.7956096460312152 0.9094632718259693 1.019338129880239 1.2072831559656165 1.3233869433114525 1.6061951798636
104 1248 -0.9210273460810741 -0.1590660335573211 0.18342625172692406 0.4435035770401045 0.24079202013464887 0.5047426306266125 0.631931269173282 0.7956096460312152 0.9094632718259693 1.019338129880239 1.2072831559656165 1.3233869433114525 1.6061951798636
105 1260 -0.9210273460810741 -0.1590660335573211 0.18342625172692406 0.4435035770401045 0.24079202013464887 0.5047426306266125 0.631931269173282 0.7956096460312152 0.9094632718259693 1.019338129880239 1.2072831559656165 1.3233869433114525 1.6061951798636
106 1272 -0.9210273460810741 -0.1590660335573211 0.18342625172692406 0.4435035770401045 0.24079202013464887 0.5047426306266125 0.631931269173282 0.7956096460312152 0.9094632718259693 1.019338129880239 1.2072831559656165 1.3233869433114525 1.6061951798636
107 1284 -0.9210273460810741 -0.1590660335573211 0.18342625172692406 0.4435035770401045 0.24079202013464887 0.5047426306266125 0.631931269173282 0.7956096460312152 0.9094632718259693 1.019338129880239 1.2072831559656165 1.3233869433114525 1.6061951798636
108 1296 -0.9210273460810741 -0.1590660335573211 0.18342625172692406 0.4435035770401045 0.24079202013464887 0.5047426306266125 0.631931269173282 0.7956096460312152 0.9094632718259693 1.019338129880239 1.2072831559656165 1.3233869433114525 1.6061951798636
109 1308 -0.9201387094342268 -0.20869547205777206 0.17701732793018957 0.4297052940318289 0.24477936683329815 0.49217347966319175 0.617819610121439 0.7414683740902733 0.9450616243730576 1.0186587485054046 1.1336280526800624 1.2854450552083982 1.702375762136575
