% # columns="iteration, evaluation, sigma, axis ratio, bestever, best, median, worst objective function value, interquartile range, 25%tile, current best feasible f-value, elapsed wallclock time [s], further/more values", seed=74070, Wed Apr  8 03:48:08 2026, <python>{}</python>
1 12 17.88653062064235 1.0000444454321133 0.5561892991338228 5.5618929913382276e-01 1.2393582619645607 1.4930013314086494 0.5104963661289101 0.8478209402624826 nan 44.6   
2 24 17.328204398013533 1.1556764769815535 0.5561892991338228 6.1172520418476095e-01 1.1987564242678437 1.5410380804766892 0.2776566332894157 1.061079405310308 nan 89.6   
3 36 17.91636993376956 1.2905671361311037 0.5561892991338228 6.2463151041930054e-01 0.826238775537481 1.1987468886445969 0.320046213289673 0.6442366145934967 nan 134.7   
4 48 18.15366746651589 1.3605324111757837 0.5440441114103307 5.4404411141033071e-01 0.9494203297835934 1.1844115545982146 0.4776376264209071 0.6105505470470448 nan 179.8   
5 60 19.74616967265136 1.436200473416244 0.5440441114103307 6.3407640968273837e-01 0.876970798886753 1.4013272754896005 0.31025892964707347 0.6736417284233904 nan 224.3   
6 72 20.48333365209515 1.6451722095682313 0.49430573740522177 4.9430573740522177e-01 0.8332562229360807 1.5339327757841703 0.37314704129680276 0.5894848862617932 nan 268.8   
7 84 22.76910011880725 1.7945090276548246 0.49430573740522177 5.0650009811173113e-01 0.7087033222456824 1.5074019540275758 0.41877857643663785 0.5880035624177475 nan 313.9   
8 96 22.577620734372594 2.073537010862749 0.49430573740522177 6.1358467518001381e-01 1.2301640562966645 1.3929552189692322 0.521183458776782 0.7844647645937207 nan 359.1   
9 108 21.178050151577303 2.2615035647740513 0.49199535753364243 4.9199535753364243e-01 0.6973129283818502 1.3678569697778975 0.42682783549821357 0.6292105775904404 nan 404.6   
10 120 21.03446405311242 2.3146367227976397 0.49199535753364243 5.4472744856976374e-01 0.7940235255060177 1.286418570951367 0.3081330614724519 0.6078733236264723 nan 449.3   
11 132 20.577064129373202 2.2659823886303574 0.49199535753364243 5.1421278207424481e-01 0.7541521005550071 0.9627350418086217 0.27037014011876337 0.650184113506671 nan 494.1   
12 144 19.44393607356086 2.2847749066359477 0.49199535753364243 6.3704074988919657e-01 0.8622077001403339 0.9530147186761033 0.16849072013887945 0.7530406102931191 nan 538.5   
13 156 19.994378991656994 2.3356345302344907 0.49199535753364243 6.3015010601631283e-01 1.020418711448103 1.414069948538908 0.5985382091379321 0.6483963863777553 nan 583.2   
14 168 19.38426278480803 2.4391585864060654 0.4150354205571931 4.1503542055719311e-01 0.7647891288085165 1.2928308737171974 0.2945462536768523 0.5987973223381905 nan 627.9   
15 180 20.79349741182405 2.5603525723801073 0.4150354205571931 5.6805969793161482e-01 0.817461539096445 1.2499103449722957 0.2756414525402333 0.7329253612875728 nan 673.0   
16 192 23.432555571104313 2.6572356401183446 0.4150354205571931 5.9738633130879337e-01 0.9324888633644212 1.5949393284470004 0.28647047945128956 0.7713861903193948 nan 718.8   
17 204 25.555207189747815 2.8230732772882092 0.4150354205571931 5.7000447593686920e-01 0.8186273287935324 1.6632856681292612 0.3821313558718489 0.6333526869676236 nan 764.6   
18 216 25.678557538636227 3.044962132721366 0.4150354205571931 5.1821463466118889e-01 0.9024025221529749 1.5157422762568233 0.47571880973756586 0.6588086294494145 nan 810.0   
19 228 23.74447002686445 3.203007710422033 0.4150354205571931 6.5319564092041982e-01 0.8128299433513044 1.3803783132359382 0.30802111342666283 0.7209313366483097 nan 854.4   
20 240 23.46278386780754 3.243409433945423 0.4150354205571931 5.9860867221644354e-01 0.7402544533019713 1.3255279822590995 0.22977208605066157 0.6286973605877537 nan 898.7   
21 252 23.030657634802477 3.253901299707204 0.4150354205571931 6.8289075970192004e-01 0.8624866386966816 1.232998582064939 0.1878707590059031 0.7647721618354071 nan 943.4   
22 264 23.410697051155317 3.562845727254171 0.4150354205571931 5.4894344078615864e-01 0.6539983009614573 1.3446508581676064 0.12291106787138717 0.5906979022773866 nan 988.2   
23 276 25.74146643955334 3.4288073162556367 0.4150354205571931 4.4427337017301338e-01 0.5920434901769079 1.341645391159417 0.21405046606648648 0.5223757222696637 nan 1033.1   
24 288 28.37887748792148 3.3469073522483037 0.4076117196834125 4.0761171968341248e-01 0.8084879974328644 1.2212704828004963 0.4352756968221858 0.5008668252468413 nan 1077.8   
25 300 28.546294927337282 3.3119047466647853 0.4076117196834125 5.5129912071802234e-01 0.8146022103669721 1.4228702050673139 0.15593021772958437 0.710664961383305 nan 1122.7   
26 312 29.041233888460674 3.4860647583839177 0.4076117196834125 4.1761651927657639e-01 0.7061875612863051 1.2690770746064197 0.14383030963683552 0.6077376887832889 nan 1167.4   
27 324 29.85384596062998 3.5598345132548097 0.4076117196834125 5.5025928969590987e-01 0.6436186016742801 0.9679178091721887 0.13369302322897347 0.6067315036317207 nan 1212.3   
28 336 30.39767786943686 3.7095702197177145 0.4076117196834125 5.3324228579537003e-01 0.7874360314254552 0.9589153739861329 0.2610969768853306 0.648536402081247 nan 1257.1   
29 348 31.415059973319103 3.8133463134633763 0.4076117196834125 5.8306917221331445e-01 0.7629082179079605 1.7070250793602448 0.6085538215421544 0.6966675310322241 nan 1301.8   
30 360 35.55669511939759 3.8960376830728487 0.4076117196834125 5.7811143565663936e-01 0.8796131734527642 1.385599500215934 0.21873126054526393 0.7250271508626398 nan 1346.8   
31 372 39.63657002784279 4.12325504621867 0.4076117196834125 6.0911519555934823e-01 0.9029494879782287 1.4746233528342843 0.19601316578269 0.8092724318706135 nan 1391.5   
32 384 38.94557412409812 4.185675358862882 0.4076117196834125 6.9835726116512409e-01 1.1144862497982908 1.5261030739690868 0.6034121606873936 0.887512144422734 nan 1436.0   
33 396 33.99898351207396 4.188363132069528 0.4076117196834125 5.4323716987375259e-01 0.8221578146368125 1.5191390482942888 0.5920444980467519 0.7216612939965503 nan 1480.7   
34 408 35.60350158446567 4.3377291912232625 0.4076117196834125 4.8555543150727476e-01 0.768008555144851 1.3607962783735943 0.2754434343521117 0.6966514994095423 nan 1525.4   
35 420 34.860329411816586 4.628669137203068 0.4076117196834125 4.9551293897601278e-01 0.6751319858728426 1.2247219164553753 0.4127036970925244 0.6347396534098517 nan 1570.4   
36 432 31.976658171747363 4.577617311775527 0.4076117196834125 5.9535978762037267e-01 0.9466859438689063 1.3107637037883342 0.29647333688580724 0.863991246707495 nan 1616.6   
37 444 31.28294602053773 4.7091111541399915 0.4076117196834125 6.6576482791128000e-01 0.7200245189921519 1.3403006910347117 0.32669734777892456 0.681576915044672 nan 1661.5   
38 456 33.99576202336333 4.45319264485045 0.4076117196834125 5.1207305553568050e-01 0.94490969555117 1.378152434082857 0.3042934478426407 0.7617066245475965 nan 1706.3   
39 468 35.68598513113168 4.542417011805596 0.4076117196834125 7.7322793713226790e-01 0.841394148465801 1.237854680755033 0.1969573123358469 0.7941558443334795 nan 1750.8   
40 480 33.92565345360117 4.441057955123434 0.4076117196834125 6.2730655470347496e-01 0.707507237437355 1.3313994790713972 0.27362588694560785 0.6577213224442788 nan 1795.7   
41 492 32.57536188377852 4.2219193856654345 0.4076117196834125 6.7737371366786858e-01 0.7641454951500697 1.5602932780548349 0.4039914846564876 0.704298883426385 nan 1840.8   
42 504 31.941008766768494 4.401197432153438 0.4076117196834125 5.7947812083642813e-01 0.842169943342677 1.2061815731237404 0.2490377836972526 0.6943279517108275 nan 1885.4   
43 516 30.345526241820213 4.387517606923995 0.4076117196834125 6.0148118926902683e-01 0.8540964287070387 1.1938189751992307 0.29794789104811314 0.7157514405616897 nan 1929.8   
44 528 31.16290320164103 4.480916147850964 0.4076117196834125 6.2829613560778075e-01 0.849916494040071 1.3797035214195583 0.30132742098866494 0.7547095799145036 nan 1974.4   
45 540 33.66281115317707 4.2829129598114495 0.4076117196834125 5.9185234956737887e-01 0.8405341772228627 1.3440418187966021 0.41544720896506027 0.6791412431966588 nan 2018.8   
46 552 33.43128845789733 4.145417478055263 0.4076117196834125 4.1167576349892221e-01 0.7573527997814065 1.12607169924456 0.20523346607972137 0.6088963775481562 nan 2063.7   
47 564 36.613750424094974 4.34098568272007 0.4076117196834125 5.0789851211870196e-01 0.7444939259127247 1.1907282088215954 0.5105677549318071 0.5844491175313344 nan 2108.1   
48 576 37.69566486007161 4.529977014786883 0.4076117196834125 5.7206543011055189e-01 0.8178457788566156 1.4441719755892937 0.4797247555181934 0.7280621295792717 nan 2153.0   
49 588 38.77916728656802 4.7146017902053154 0.4076117196834125 5.2124933223484082e-01 0.8254852349834821 1.4661244503901685 0.6902662297548854 0.6221409373573814 nan 2198.1   
50 600 37.16693567962131 5.313017459317244 0.3886365379879183 3.8863653798791831e-01 0.6599988218835354 1.0196471280768535 0.12674464670187013 0.5983560099756609 nan 2242.7   
51 612 36.76987748723009 5.679320409287923 0.3886365379879183 5.0678253453580324e-01 0.658165880322295 1.3574178767315783 0.2984087464752463 0.5546971863235955 nan 2287.4   
