% # columns="iteration, evaluation, sigma, beta, void,  sigvec==sigma_vec.scaling factors from diagonal decoding", seed=37035, Thu Apr  9 12:50:17 2026, <python>{}</python>
1 12 18.214504771220106 1 0 0.001 0.5 0.01 0.5 0.5 0.75 0.2 0.2 0.3
2 24 18.467517043921966 1 0 0.001 0.5 0.01 0.5 0.5 0.75 0.2 0.2 0.3
3 36 17.833800837113127 1 0 0.001 0.5 0.01 0.5 0.5 0.75 0.2 0.2 0.3
4 48 17.665456667664373 1 0 0.001 0.5 0.01 0.5 0.5 0.75 0.2 0.2 0.3
5 60 17.687002531957454 1 0 0.001 0.5 0.01 0.5 0.5 0.75 0.2 0.2 0.3
6 72 16.314587656785182 1 0 0.001 0.5 0.01 0.5 0.5 0.75 0.2 0.2 0.3
7 84 15.76976409779356 1 0 0.001 0.5 0.01 0.5 0.5 0.75 0.2 0.2 0.3
8 96 13.955272328302962 1 0 0.001 0.5 0.01 0.5 0.5 0.75 0.2 0.2 0.3
9 108 13.623541556806666 1 0 0.001 0.5 0.01 0.5 0.5 0.75 0.2 0.2 0.3
10 120 13.637576516462317 1 0 0.001 0.5 0.01 0.5 0.5 0.75 0.2 0.2 0.3
11 132 13.8531781573837 1 0 0.001 0.5 0.01 0.5 0.5 0.75 0.2 0.2 0.3
12 144 13.404310856519945 1 0 0.001 0.5 0.01 0.5 0.5 0.75 0.2 0.2 0.3
13 156 12.237940321257222 1 0 0.001 0.5 0.01 0.5 0.5 0.75 0.2 0.2 0.3
14 168 11.65392600675937 1 0 0.001 0.5 0.01 0.5 0.5 0.75 0.2 0.2 0.3
15 180 11.334975358778582 1 0 0.001 0.5 0.01 0.5 0.5 0.75 0.2 0.2 0.3
16 192 10.9769425294981 1 0 0.001 0.5 0.01 0.5 0.5 0.75 0.2 0.2 0.3
17 204 10.717208356624333 1 0 0.001 0.5 0.01 0.5 0.5 0.75 0.2 0.2 0.3
18 216 10.2010013415653 1 0 0.001 0.5 0.01 0.5 0.5 0.75 0.2 0.2 0.3
19 228 9.952886150394452 1 0 0.001 0.5 0.01 0.5 0.5 0.75 0.2 0.2 0.3
20 240 10.151774388802714 1 0 0.001 0.5 0.01 0.5 0.5 0.75 0.2 0.2 0.3
21 252 11.420456967091633 1 0 0.001 0.5 0.01 0.5 0.5 0.75 0.2 0.2 0.3
22 264 11.801290818493731 1 0 0.001 0.5 0.01 0.5 0.5 0.75 0.2 0.2 0.3
23 276 11.377924902260041 1 0 0.001 0.5 0.01 0.5 0.5 0.75 0.2 0.2 0.3
24 288 11.220094253516454 1 0 0.001 0.5 0.01 0.5 0.5 0.75 0.2 0.2 0.3
25 300 11.452697670116565 1 0 0.001 0.5 0.01 0.5 0.5 0.75 0.2 0.2 0.3
26 312 11.955518719687854 1 0 0.001 0.5 0.01 0.5 0.5 0.75 0.2 0.2 0.3
27 324 13.098243044993628 1 0 0.001 0.5 0.01 0.5 0.5 0.75 0.2 0.2 0.3
28 336 12.738251783399926 1 0 0.001 0.5 0.01 0.5 0.5 0.75 0.2 0.2 0.3
29 348 11.37452506135993 1 0 0.001 0.5 0.01 0.5 0.5 0.75 0.2 0.2 0.3
30 360 11.367515712907162 1 0 0.001 0.5 0.01 0.5 0.5 0.75 0.2 0.2 0.3
31 372 10.737786492666396 1 0 0.001 0.5 0.01 0.5 0.5 0.75 0.2 0.2 0.3
32 384 10.828311351489225 1 0 0.001 0.5 0.01 0.5 0.5 0.75 0.2 0.2 0.3
33 396 10.670957912558872 1 0 0.001 0.5 0.01 0.5 0.5 0.75 0.2 0.2 0.3
34 408 10.995455527796956 1 0 0.001 0.5 0.01 0.5 0.5 0.75 0.2 0.2 0.3
35 420 10.046472874047021 1 0 0.001 0.5 0.01 0.5 0.5 0.75 0.2 0.2 0.3
36 432 8.953648485080967 1 0 0.001 0.5 0.01 0.5 0.5 0.75 0.2 0.2 0.3
37 444 8.294634540965497 1 0 0.001 0.5 0.01 0.5 0.5 0.75 0.2 0.2 0.3
38 456 7.323673055553666 1 0 0.001 0.5 0.01 0.5 0.5 0.75 0.2 0.2 0.3
39 468 7.488702182433037 1 0 0.001 0.5 0.01 0.5 0.5 0.75 0.2 0.2 0.3
40 480 7.779331249938295 1 0 0.001 0.5 0.01 0.5 0.5 0.75 0.2 0.2 0.3
41 492 7.039451387429197 1 0 0.001 0.5 0.01 0.5 0.5 0.75 0.2 0.2 0.3
42 504 6.873197135591395 1 0 0.001 0.5 0.01 0.5 0.5 0.75 0.2 0.2 0.3
43 516 7.059113690391057 1 0 0.001 0.5 0.01 0.5 0.5 0.75 0.2 0.2 0.3
44 528 7.342553531350401 1 0 0.001 0.5 0.01 0.5 0.5 0.75 0.2 0.2 0.3
45 540 7.348942465010358 1 0 0.001 0.5 0.01 0.5 0.5 0.75 0.2 0.2 0.3
46 552 7.1356466153320905 1 0 0.001 0.5 0.01 0.5 0.5 0.75 0.2 0.2 0.3
47 564 7.307938503456825 1 0 0.001 0.5 0.01 0.5 0.5 0.75 0.2 0.2 0.3
48 576 7.762159247083911 1 0 0.001 0.5 0.01 0.5 0.5 0.75 0.2 0.2 0.3
49 588 8.22452808713814 1 0 0.001 0.5 0.01 0.5 0.5 0.75 0.2 0.2 0.3
50 600 8.734908199034775 1 0 0.001 0.5 0.01 0.5 0.5 0.75 0.2 0.2 0.3
51 612 8.818208984025134 1 0 0.001 0.5 0.01 0.5 0.5 0.75 0.2 0.2 0.3
52 624 8.943382100030156 1 0 0.001 0.5 0.01 0.5 0.5 0.75 0.2 0.2 0.3
53 636 9.379371152912507 1 0 0.001 0.5 0.01 0.5 0.5 0.75 0.2 0.2 0.3
54 648 8.942706134118254 1 0 0.001 0.5 0.01 0.5 0.5 0.75 0.2 0.2 0.3
55 660 8.686293405330764 1 0 0.001 0.5 0.01 0.5 0.5 0.75 0.2 0.2 0.3
56 672 8.252414741366312 1 0 0.001 0.5 0.01 0.5 0.5 0.75 0.2 0.2 0.3
57 684 7.6798157374147396 1 0 0.001 0.5 0.01 0.5 0.5 0.75 0.2 0.2 0.3
58 696 7.383342027326162 1 0 0.001 0.5 0.01 0.5 0.5 0.75 0.2 0.2 0.3
59 708 6.725268808452508 1 0 0.001 0.5 0.01 0.5 0.5 0.75 0.2 0.2 0.3
60 720 6.54553923384894 1 0 0.001 0.5 0.01 0.5 0.5 0.75 0.2 0.2 0.3
61 732 6.136840220169797 1 0 0.001 0.5 0.01 0.5 0.5 0.75 0.2 0.2 0.3
62 744 6.142621119814427 1 0 0.001 0.5 0.01 0.5 0.5 0.75 0.2 0.2 0.3
63 756 6.255923820715922 1 0 0.001 0.5 0.01 0.5 0.5 0.75 0.2 0.2 0.3
64 768 6.024906023378659 1 0 0.001 0.5 0.01 0.5 0.5 0.75 0.2 0.2 0.3
65 780 5.996452585442051 1 0 0.001 0.5 0.01 0.5 0.5 0.75 0.2 0.2 0.3
66 792 5.667680185570871 1 0 0.001 0.5 0.01 0.5 0.5 0.75 0.2 0.2 0.3
67 804 4.670797403552499 1 0 0.001 0.5 0.01 0.5 0.5 0.75 0.2 0.2 0.3
68 816 4.182520252185351 1 0 0.001 0.5 0.01 0.5 0.5 0.75 0.2 0.2 0.3
69 828 4.652218665530247 1 0 0.001 0.5 0.01 0.5 0.5 0.75 0.2 0.2 0.3
70 840 4.7794176350687385 1 0 0.001 0.5 0.01 0.5 0.5 0.75 0.2 0.2 0.3
71 852 5.150971339593938 1 0 0.001 0.5 0.01 0.5 0.5 0.75 0.2 0.2 0.3
72 864 5.037325540685829 1 0 0.001 0.5 0.01 0.5 0.5 0.75 0.2 0.2 0.3
73 876 5.030585217443134 1 0 0.001 0.5 0.01 0.5 0.5 0.75 0.2 0.2 0.3
74 888 4.865372667636573 1 0 0.001 0.5 0.01 0.5 0.5 0.75 0.2 0.2 0.3
75 900 5.294799829188519 1 0 0.001 0.5 0.01 0.5 0.5 0.75 0.2 0.2 0.3
76 912 5.850221590600468 1 0 0.001 0.5 0.01 0.5 0.5 0.75 0.2 0.2 0.3
77 924 6.278699492342247 1 0 0.001 0.5 0.01 0.5 0.5 0.75 0.2 0.2 0.3
78 936 6.628197864523879 1 0 0.001 0.5 0.01 0.5 0.5 0.75 0.2 0.2 0.3
79 948 7.543939017448556 1 0 0.001 0.5 0.01 0.5 0.5 0.75 0.2 0.2 0.3
80 960 8.550511429967477 1 0 0.001 0.5 0.01 0.5 0.5 0.75 0.2 0.2 0.3
81 972 10.12323965599542 1 0 0.001 0.5 0.01 0.5 0.5 0.75 0.2 0.2 0.3
82 984 9.727644929024928 1 0 0.001 0.5 0.01 0.5 0.5 0.75 0.2 0.2 0.3
83 996 9.77183529453461 1 0 0.001 0.5 0.01 0.5 0.5 0.75 0.2 0.2 0.3
84 1008 9.53705197636288 1 0 0.001 0.5 0.01 0.5 0.5 0.75 0.2 0.2 0.3
85 1020 10.520680946370344 1 0 0.001 0.5 0.01 0.5 0.5 0.75 0.2 0.2 0.3
86 1032 12.10158773080118 1 0 0.001 0.5 0.01 0.5 0.5 0.75 0.2 0.2 0.3
87 1044 13.338587956293132 1 0 0.001 0.5 0.01 0.5 0.5 0.75 0.2 0.2 0.3
88 1056 15.34421421791851 1 0 0.001 0.5 0.01 0.5 0.5 0.75 0.2 0.2 0.3
89 1068 17.122288790321953 1 0 0.001 0.5 0.01 0.5 0.5 0.75 0.2 0.2 0.3
90 1080 19.17881704697984 1 0 0.001 0.5 0.01 0.5 0.5 0.75 0.2 0.2 0.3
91 1092 19.19383264056837 1 0 0.001 0.5 0.01 0.5 0.5 0.75 0.2 0.2 0.3
92 1104 18.04757169808972 1 0 0.001 0.5 0.01 0.5 0.5 0.75 0.2 0.2 0.3
93 1116 18.196879247316406 1 0 0.001 0.5 0.01 0.5 0.5 0.75 0.2 0.2 0.3
94 1128 17.289025669217175 1 0 0.001 0.5 0.01 0.5 0.5 0.75 0.2 0.2 0.3
95 1140 16.577774457782574 1 0 0.001 0.5 0.01 0.5 0.5 0.75 0.2 0.2 0.3
96 1152 17.565227758068097 1 0 0.001 0.5 0.01 0.5 0.5 0.75 0.2 0.2 0.3
97 1164 18.950950915641034 1 0 0.001 0.5 0.01 0.5 0.5 0.75 0.2 0.2 0.3
98 1176 17.785500266486984 1 0 0.001 0.5 0.01 0.5 0.5 0.75 0.2 0.2 0.3
99 1188 18.298015753361852 1 0 0.001 0.5 0.01 0.5 0.5 0.75 0.2 0.2 0.3
100 1200 18.209392706505586 1 0 0.001 0.5 0.01 0.5 0.5 0.75 0.2 0.2 0.3
101 1212 16.75613994914001 1 0 0.001 0.5 0.01 0.5 0.5 0.75 0.2 0.2 0.3
102 1224 16.7556063052613 1 0 0.001 0.5 0.01 0.5 0.5 0.75 0.2 0.2 0.3
103 1236 16.166455942780207 1 0 0.001 0.5 0.01 0.5 0.5 0.75 0.2 0.2 0.3
104 1248 16.214332067828845 1 0 0.001 0.5 0.01 0.5 0.5 0.75 0.2 0.2 0.3
105 1260 15.821518031964185 1 0 0.001 0.5 0.01 0.5 0.5 0.75 0.2 0.2 0.3
106 1272 14.460656516468193 1 0 0.001 0.5 0.01 0.5 0.5 0.75 0.2 0.2 0.3
107 1284 15.737156798455885 1 0 0.001 0.5 0.01 0.5 0.5 0.75 0.2 0.2 0.3
108 1296 16.30346957156982 1 0 0.001 0.5 0.01 0.5 0.5 0.75 0.2 0.2 0.3
109 1308 16.14513310577616 1 0 0.001 0.5 0.01 0.5 0.5 0.75 0.2 0.2 0.3
