% # columns="iteration, evaluation, min 25%tile 75%tile max correlation, correlation matrix principal axes lengths  (sorted square roots of eigenvalues of correlation matrix)", seed=111105, Fri Apr 10 06:28:37 2026
1 12 -0.0693028279291796 -0.022187163708297947 0.02042790497641657 0.0666199643786577 0.9116105559057986 0.9580053352724028 0.9755886011152611 0.9856779170032612 0.9933660381672827 0.9994470215731955 1.030914077116214 1.0364464299235943 1.0978080096462115
2 24 -0.0693028279291796 -0.022187163708297947 0.02042790497641657 0.0666199643786577 0.9116105559057986 0.9580053352724028 0.9755886011152611 0.9856779170032612 0.9933660381672827 0.9994470215731955 1.030914077116214 1.0364464299235943 1.0978080096462115
3 36 -0.0693028279291796 -0.022187163708297947 0.02042790497641657 0.0666199643786577 0.9116105559057986 0.9580053352724028 0.9755886011152611 0.9856779170032612 0.9933660381672827 0.9994470215731955 1.030914077116214 1.0364464299235943 1.0978080096462115
4 48 -0.0693028279291796 -0.022187163708297947 0.02042790497641657 0.0666199643786577 0.9116105559057986 0.9580053352724028 0.9755886011152611 0.9856779170032612 0.9933660381672827 0.9994470215731955 1.030914077116214 1.0364464299235943 1.0978080096462115
5 60 -0.0693028279291796 -0.022187163708297947 0.02042790497641657 0.0666199643786577 0.9116105559057986 0.9580053352724028 0.9755886011152611 0.9856779170032612 0.9933660381672827 0.9994470215731955 1.030914077116214 1.0364464299235943 1.0978080096462115
6 72 -0.0693028279291796 -0.022187163708297947 0.02042790497641657 0.0666199643786577 0.9116105559057986 0.9580053352724028 0.9755886011152611 0.9856779170032612 0.9933660381672827 0.9994470215731955 1.030914077116214 1.0364464299235943 1.0978080096462115
7 84 -0.0693028279291796 -0.022187163708297947 0.02042790497641657 0.0666199643786577 0.9116105559057986 0.9580053352724028 0.9755886011152611 0.9856779170032612 0.9933660381672827 0.9994470215731955 1.030914077116214 1.0364464299235943 1.0978080096462115
8 96 -0.0693028279291796 -0.022187163708297947 0.02042790497641657 0.0666199643786577 0.9116105559057986 0.9580053352724028 0.9755886011152611 0.9856779170032612 0.9933660381672827 0.9994470215731955 1.030914077116214 1.0364464299235943 1.0978080096462115
9 108 -0.0693028279291796 -0.022187163708297947 0.02042790497641657 0.0666199643786577 0.9116105559057986 0.9580053352724028 0.9755886011152611 0.9856779170032612 0.9933660381672827 0.9994470215731955 1.030914077116214 1.0364464299235943 1.0978080096462115
10 120 -0.30858466714371335 -0.08612829811660344 0.07472133016940201 0.3446222025011946 0.6620556006931004 0.7348425134804856 0.8321982449832939 0.9525737982406993 0.9820953407483128 1.054104937704892 1.0799485892444116 1.1834836817229106 1.3338542062743604
11 132 -0.30858466714371335 -0.08612829811660344 0.07472133016940201 0.3446222025011946 0.6620556006931004 0.7348425134804856 0.8321982449832939 0.9525737982406993 0.9820953407483128 1.054104937704892 1.0799485892444116 1.1834836817229106 1.3338542062743604
12 144 -0.30858466714371335 -0.08612829811660344 0.07472133016940201 0.3446222025011946 0.6620556006931004 0.7348425134804856 0.8321982449832939 0.9525737982406993 0.9820953407483128 1.054104937704892 1.0799485892444116 1.1834836817229106 1.3338542062743604
13 156 -0.30858466714371335 -0.08612829811660344 0.07472133016940201 0.3446222025011946 0.6620556006931004 0.7348425134804856 0.8321982449832939 0.9525737982406993 0.9820953407483128 1.054104937704892 1.0799485892444116 1.1834836817229106 1.3338542062743604
14 168 -0.30858466714371335 -0.08612829811660344 0.07472133016940201 0.3446222025011946 0.6620556006931004 0.7348425134804856 0.8321982449832939 0.9525737982406993 0.9820953407483128 1.054104937704892 1.0799485892444116 1.1834836817229106 1.3338542062743604
15 180 -0.30858466714371335 -0.08612829811660344 0.07472133016940201 0.3446222025011946 0.6620556006931004 0.7348425134804856 0.8321982449832939 0.9525737982406993 0.9820953407483128 1.054104937704892 1.0799485892444116 1.1834836817229106 1.3338542062743604
16 192 -0.30858466714371335 -0.08612829811660344 0.07472133016940201 0.3446222025011946 0.6620556006931004 0.7348425134804856 0.8321982449832939 0.9525737982406993 0.9820953407483128 1.054104937704892 1.0799485892444116 1.1834836817229106 1.3338542062743604
17 204 -0.30858466714371335 -0.08612829811660344 0.07472133016940201 0.3446222025011946 0.6620556006931004 0.7348425134804856 0.8321982449832939 0.9525737982406993 0.9820953407483128 1.054104937704892 1.0799485892444116 1.1834836817229106 1.3338542062743604
18 216 -0.30858466714371335 -0.08612829811660344 0.07472133016940201 0.3446222025011946 0.6620556006931004 0.7348425134804856 0.8321982449832939 0.9525737982406993 0.9820953407483128 1.054104937704892 1.0799485892444116 1.1834836817229106 1.3338542062743604
19 228 -0.38710370273808237 -0.11554471281657208 0.06527817714877444 0.2413173145694441 0.5609938159784218 0.7432857225518827 0.8170981536359313 0.8931384469609976 1.0425331425499385 1.0619875151105684 1.1415489214544752 1.24946453746002 1.2603484395037405
20 240 -0.38710370273808237 -0.11554471281657208 0.06527817714877444 0.2413173145694441 0.5609938159784218 0.7432857225518827 0.8170981536359313 0.8931384469609976 1.0425331425499385 1.0619875151105684 1.1415489214544752 1.24946453746002 1.2603484395037405
21 252 -0.38710370273808237 -0.11554471281657208 0.06527817714877444 0.2413173145694441 0.5609938159784218 0.7432857225518827 0.8170981536359313 0.8931384469609976 1.0425331425499385 1.0619875151105684 1.1415489214544752 1.24946453746002 1.2603484395037405
22 264 -0.38710370273808237 -0.11554471281657208 0.06527817714877444 0.2413173145694441 0.5609938159784218 0.7432857225518827 0.8170981536359313 0.8931384469609976 1.0425331425499385 1.0619875151105684 1.1415489214544752 1.24946453746002 1.2603484395037405
23 276 -0.38710370273808237 -0.11554471281657208 0.06527817714877444 0.2413173145694441 0.5609938159784218 0.7432857225518827 0.8170981536359313 0.8931384469609976 1.0425331425499385 1.0619875151105684 1.1415489214544752 1.24946453746002 1.2603484395037405
24 288 -0.38710370273808237 -0.11554471281657208 0.06527817714877444 0.2413173145694441 0.5609938159784218 0.7432857225518827 0.8170981536359313 0.8931384469609976 1.0425331425499385 1.0619875151105684 1.1415489214544752 1.24946453746002 1.2603484395037405
25 300 -0.38710370273808237 -0.11554471281657208 0.06527817714877444 0.2413173145694441 0.5609938159784218 0.7432857225518827 0.8170981536359313 0.8931384469609976 1.0425331425499385 1.0619875151105684 1.1415489214544752 1.24946453746002 1.2603484395037405
26 312 -0.38710370273808237 -0.11554471281657208 0.06527817714877444 0.2413173145694441 0.5609938159784218 0.7432857225518827 0.8170981536359313 0.8931384469609976 1.0425331425499385 1.0619875151105684 1.1415489214544752 1.24946453746002 1.2603484395037405
27 324 -0.38710370273808237 -0.11554471281657208 0.06527817714877444 0.2413173145694441 0.5609938159784218 0.7432857225518827 0.8170981536359313 0.8931384469609976 1.0425331425499385 1.0619875151105684 1.1415489214544752 1.24946453746002 1.2603484395037405
28 336 -0.33215625749210237 -0.19506484959763007 0.09426733414960645 0.26221385087254273 0.5710794005656593 0.6116851874853535 0.7463644411204455 0.8384629545851808 1.017790189734068 1.110694855957859 1.1652087255599166 1.2650005199896175 1.3461619224352994
29 348 -0.33215625749210237 -0.19506484959763007 0.09426733414960645 0.26221385087254273 0.5710794005656593 0.6116851874853535 0.7463644411204455 0.8384629545851808 1.017790189734068 1.110694855957859 1.1652087255599166 1.2650005199896175 1.3461619224352994
30 360 -0.33215625749210237 -0.19506484959763007 0.09426733414960645 0.26221385087254273 0.5710794005656593 0.6116851874853535 0.7463644411204455 0.8384629545851808 1.017790189734068 1.110694855957859 1.1652087255599166 1.2650005199896175 1.3461619224352994
31 372 -0.33215625749210237 -0.19506484959763007 0.09426733414960645 0.26221385087254273 0.5710794005656593 0.6116851874853535 0.7463644411204455 0.8384629545851808 1.017790189734068 1.110694855957859 1.1652087255599166 1.2650005199896175 1.3461619224352994
32 384 -0.33215625749210237 -0.19506484959763007 0.09426733414960645 0.26221385087254273 0.5710794005656593 0.6116851874853535 0.7463644411204455 0.8384629545851808 1.017790189734068 1.110694855957859 1.1652087255599166 1.2650005199896175 1.3461619224352994
33 396 -0.33215625749210237 -0.19506484959763007 0.09426733414960645 0.26221385087254273 0.5710794005656593 0.6116851874853535 0.7463644411204455 0.8384629545851808 1.017790189734068 1.110694855957859 1.1652087255599166 1.2650005199896175 1.3461619224352994
34 408 -0.33215625749210237 -0.19506484959763007 0.09426733414960645 0.26221385087254273 0.5710794005656593 0.6116851874853535 0.7463644411204455 0.8384629545851808 1.017790189734068 1.110694855957859 1.1652087255599166 1.2650005199896175 1.3461619224352994
35 420 -0.33215625749210237 -0.19506484959763007 0.09426733414960645 0.26221385087254273 0.5710794005656593 0.6116851874853535 0.7463644411204455 0.8384629545851808 1.017790189734068 1.110694855957859 1.1652087255599166 1.2650005199896175 1.3461619224352994
36 432 -0.33215625749210237 -0.19506484959763007 0.09426733414960645 0.26221385087254273 0.5710794005656593 0.6116851874853535 0.7463644411204455 0.8384629545851808 1.017790189734068 1.110694855957859 1.1652087255599166 1.2650005199896175 1.3461619224352994
37 444 -0.5706938691899908 -0.24160688342304554 0.09170927196324456 0.3607484689195039 0.47329596270192936 0.5283068200828978 0.6709492968299848 0.8095385633841025 0.9270368058096675 1.104368715591625 1.1999565537991892 1.338940618721131 1.4421067853148273
38 456 -0.5706938691899908 -0.24160688342304554 0.09170927196324456 0.3607484689195039 0.47329596270192936 0.5283068200828978 0.6709492968299848 0.8095385633841025 0.9270368058096675 1.104368715591625 1.1999565537991892 1.338940618721131 1.4421067853148273
39 468 -0.5706938691899908 -0.24160688342304554 0.09170927196324456 0.3607484689195039 0.47329596270192936 0.5283068200828978 0.6709492968299848 0.8095385633841025 0.9270368058096675 1.104368715591625 1.1999565537991892 1.338940618721131 1.4421067853148273
40 480 -0.5706938691899908 -0.24160688342304554 0.09170927196324456 0.3607484689195039 0.47329596270192936 0.5283068200828978 0.6709492968299848 0.8095385633841025 0.9270368058096675 1.104368715591625 1.1999565537991892 1.338940618721131 1.4421067853148273
41 492 -0.5706938691899908 -0.24160688342304554 0.09170927196324456 0.3607484689195039 0.47329596270192936 0.5283068200828978 0.6709492968299848 0.8095385633841025 0.9270368058096675 1.104368715591625 1.1999565537991892 1.338940618721131 1.4421067853148273
42 504 -0.5706938691899908 -0.24160688342304554 0.09170927196324456 0.3607484689195039 0.47329596270192936 0.5283068200828978 0.6709492968299848 0.8095385633841025 0.9270368058096675 1.104368715591625 1.1999565537991892 1.338940618721131 1.4421067853148273
43 516 -0.5706938691899908 -0.24160688342304554 0.09170927196324456 0.3607484689195039 0.47329596270192936 0.5283068200828978 0.6709492968299848 0.8095385633841025 0.9270368058096675 1.104368715591625 1.1999565537991892 1.338940618721131 1.4421067853148273
44 528 -0.5706938691899908 -0.24160688342304554 0.09170927196324456 0.3607484689195039 0.47329596270192936 0.5283068200828978 0.6709492968299848 0.8095385633841025 0.9270368058096675 1.104368715591625 1.1999565537991892 1.338940618721131 1.4421067853148273
45 540 -0.5706938691899908 -0.24160688342304554 0.09170927196324456 0.3607484689195039 0.47329596270192936 0.5283068200828978 0.6709492968299848 0.8095385633841025 0.9270368058096675 1.104368715591625 1.1999565537991892 1.338940618721131 1.4421067853148273
46 552 -0.6470862540514135 -0.203661548215659 0.07899669981800858 0.4094004057174283 0.38200744220687877 0.5542982835031173 0.732275003878743 0.7755021944366642 0.8944885456641027 1.0960918246035067 1.1367695358951035 1.394401675801393 1.4734535400271478
47 564 -0.6470862540514135 -0.203661548215659 0.07899669981800858 0.4094004057174283 0.38200744220687877 0.5542982835031173 0.732275003878743 0.7755021944366642 0.8944885456641027 1.0960918246035067 1.1367695358951035 1.394401675801393 1.4734535400271478
48 576 -0.6470862540514135 -0.203661548215659 0.07899669981800858 0.4094004057174283 0.38200744220687877 0.5542982835031173 0.732275003878743 0.7755021944366642 0.8944885456641027 1.0960918246035067 1.1367695358951035 1.394401675801393 1.4734535400271478
49 588 -0.6470862540514135 -0.203661548215659 0.07899669981800858 0.4094004057174283 0.38200744220687877 0.5542982835031173 0.732275003878743 0.7755021944366642 0.8944885456641027 1.0960918246035067 1.1367695358951035 1.394401675801393 1.4734535400271478
50 600 -0.6470862540514135 -0.203661548215659 0.07899669981800858 0.4094004057174283 0.38200744220687877 0.5542982835031173 0.732275003878743 0.7755021944366642 0.8944885456641027 1.0960918246035067 1.1367695358951035 1.394401675801393 1.4734535400271478
51 612 -0.6470862540514135 -0.203661548215659 0.07899669981800858 0.4094004057174283 0.38200744220687877 0.5542982835031173 0.732275003878743 0.7755021944366642 0.8944885456641027 1.0960918246035067 1.1367695358951035 1.394401675801393 1.4734535400271478
52 624 -0.6470862540514135 -0.203661548215659 0.07899669981800858 0.4094004057174283 0.38200744220687877 0.5542982835031173 0.732275003878743 0.7755021944366642 0.8944885456641027 1.0960918246035067 1.1367695358951035 1.394401675801393 1.4734535400271478
53 636 -0.6470862540514135 -0.203661548215659 0.07899669981800858 0.4094004057174283 0.38200744220687877 0.5542982835031173 0.732275003878743 0.7755021944366642 0.8944885456641027 1.0960918246035067 1.1367695358951035 1.394401675801393 1.4734535400271478
54 648 -0.6470862540514135 -0.203661548215659 0.07899669981800858 0.4094004057174283 0.38200744220687877 0.5542982835031173 0.732275003878743 0.7755021944366642 0.8944885456641027 1.0960918246035067 1.1367695358951035 1.394401675801393 1.4734535400271478
55 660 -0.7058328322916007 -0.19067425049551195 0.10222809371867167 0.476862121078589 0.39706687234318244 0.5049640049034866 0.6942214225826234 0.7872557901169582 0.9039254814134213 1.0760054041485285 1.1630246352625844 1.2869983203775472 1.5816998152008792
56 672 -0.7058328322916007 -0.19067425049551195 0.10222809371867167 0.476862121078589 0.39706687234318244 0.5049640049034866 0.6942214225826234 0.7872557901169582 0.9039254814134213 1.0760054041485285 1.1630246352625844 1.2869983203775472 1.5816998152008792
57 684 -0.7058328322916007 -0.19067425049551195 0.10222809371867167 0.476862121078589 0.39706687234318244 0.5049640049034866 0.6942214225826234 0.7872557901169582 0.9039254814134213 1.0760054041485285 1.1630246352625844 1.2869983203775472 1.5816998152008792
58 696 -0.7058328322916007 -0.19067425049551195 0.10222809371867167 0.476862121078589 0.39706687234318244 0.5049640049034866 0.6942214225826234 0.7872557901169582 0.9039254814134213 1.0760054041485285 1.1630246352625844 1.2869983203775472 1.5816998152008792
59 708 -0.7058328322916007 -0.19067425049551195 0.10222809371867167 0.476862121078589 0.39706687234318244 0.5049640049034866 0.6942214225826234 0.7872557901169582 0.9039254814134213 1.0760054041485285 1.1630246352625844 1.2869983203775472 1.5816998152008792
60 720 -0.7058328322916007 -0.19067425049551195 0.10222809371867167 0.476862121078589 0.39706687234318244 0.5049640049034866 0.6942214225826234 0.7872557901169582 0.9039254814134213 1.0760054041485285 1.1630246352625844 1.2869983203775472 1.5816998152008792
61 732 -0.7058328322916007 -0.19067425049551195 0.10222809371867167 0.476862121078589 0.39706687234318244 0.5049640049034866 0.6942214225826234 0.7872557901169582 0.9039254814134213 1.0760054041485285 1.1630246352625844 1.2869983203775472 1.5816998152008792
62 744 -0.7058328322916007 -0.19067425049551195 0.10222809371867167 0.476862121078589 0.39706687234318244 0.5049640049034866 0.6942214225826234 0.7872557901169582 0.9039254814134213 1.0760054041485285 1.1630246352625844 1.2869983203775472 1.5816998152008792
63 756 -0.7058328322916007 -0.19067425049551195 0.10222809371867167 0.476862121078589 0.39706687234318244 0.5049640049034866 0.6942214225826234 0.7872557901169582 0.9039254814134213 1.0760054041485285 1.1630246352625844 1.2869983203775472 1.5816998152008792
64 768 -0.7900661542614753 -0.2612227997368103 0.13602713499088387 0.5917879331505886 0.33352728118838504 0.5095676592841827 0.5946242435325099 0.7363467543011448 0.9464691321836236 1.0636899710124583 1.1970821292233702 1.2195201469108972 1.6690837709090118
65 780 -0.7900661542614753 -0.2612227997368103 0.13602713499088387 0.5917879331505886 0.33352728118838504 0.5095676592841827 0.5946242435325099 0.7363467543011448 0.9464691321836236 1.0636899710124583 1.1970821292233702 1.2195201469108972 1.6690837709090118
66 792 -0.7900661542614753 -0.2612227997368103 0.13602713499088387 0.5917879331505886 0.33352728118838504 0.5095676592841827 0.5946242435325099 0.7363467543011448 0.9464691321836236 1.0636899710124583 1.1970821292233702 1.2195201469108972 1.6690837709090118
67 804 -0.7900661542614753 -0.2612227997368103 0.13602713499088387 0.5917879331505886 0.33352728118838504 0.5095676592841827 0.5946242435325099 0.7363467543011448 0.9464691321836236 1.0636899710124583 1.1970821292233702 1.2195201469108972 1.6690837709090118
68 816 -0.7900661542614753 -0.2612227997368103 0.13602713499088387 0.5917879331505886 0.33352728118838504 0.5095676592841827 0.5946242435325099 0.7363467543011448 0.9464691321836236 1.0636899710124583 1.1970821292233702 1.2195201469108972 1.6690837709090118
69 828 -0.7900661542614753 -0.2612227997368103 0.13602713499088387 0.5917879331505886 0.33352728118838504 0.5095676592841827 0.5946242435325099 0.7363467543011448 0.9464691321836236 1.0636899710124583 1.1970821292233702 1.2195201469108972 1.6690837709090118
70 840 -0.7900661542614753 -0.2612227997368103 0.13602713499088387 0.5917879331505886 0.33352728118838504 0.5095676592841827 0.5946242435325099 0.7363467543011448 0.9464691321836236 1.0636899710124583 1.1970821292233702 1.2195201469108972 1.6690837709090118
71 852 -0.7900661542614753 -0.2612227997368103 0.13602713499088387 0.5917879331505886 0.33352728118838504 0.5095676592841827 0.5946242435325099 0.7363467543011448 0.9464691321836236 1.0636899710124583 1.1970821292233702 1.2195201469108972 1.6690837709090118
72 864 -0.7900661542614753 -0.2612227997368103 0.13602713499088387 0.5917879331505886 0.33352728118838504 0.5095676592841827 0.5946242435325099 0.7363467543011448 0.9464691321836236 1.0636899710124583 1.1970821292233702 1.2195201469108972 1.6690837709090118
73 876 -0.7477498347006704 -0.23187682427712236 0.08781170983152836 0.5958044712228625 0.31229739145273305 0.5116731637103867 0.582523690202512 0.6939747292937867 0.8748648874208221 1.0977930708550723 1.2617468329708312 1.372483481911953 1.5406076599811354
74 888 -0.7477498347006704 -0.23187682427712236 0.08781170983152836 0.5958044712228625 0.31229739145273305 0.5116731637103867 0.582523690202512 0.6939747292937867 0.8748648874208221 1.0977930708550723 1.2617468329708312 1.372483481911953 1.5406076599811354
75 900 -0.7477498347006704 -0.23187682427712236 0.08781170983152836 0.5958044712228625 0.31229739145273305 0.5116731637103867 0.582523690202512 0.6939747292937867 0.8748648874208221 1.0977930708550723 1.2617468329708312 1.372483481911953 1.5406076599811354
76 912 -0.7477498347006704 -0.23187682427712236 0.08781170983152836 0.5958044712228625 0.31229739145273305 0.5116731637103867 0.582523690202512 0.6939747292937867 0.8748648874208221 1.0977930708550723 1.2617468329708312 1.372483481911953 1.5406076599811354
77 924 -0.7477498347006704 -0.23187682427712236 0.08781170983152836 0.5958044712228625 0.31229739145273305 0.5116731637103867 0.582523690202512 0.6939747292937867 0.8748648874208221 1.0977930708550723 1.2617468329708312 1.372483481911953 1.5406076599811354
78 936 -0.7477498347006704 -0.23187682427712236 0.08781170983152836 0.5958044712228625 0.31229739145273305 0.5116731637103867 0.582523690202512 0.6939747292937867 0.8748648874208221 1.0977930708550723 1.2617468329708312 1.372483481911953 1.5406076599811354
79 948 -0.7477498347006704 -0.23187682427712236 0.08781170983152836 0.5958044712228625 0.31229739145273305 0.5116731637103867 0.582523690202512 0.6939747292937867 0.8748648874208221 1.0977930708550723 1.2617468329708312 1.372483481911953 1.5406076599811354
80 960 -0.7477498347006704 -0.23187682427712236 0.08781170983152836 0.5958044712228625 0.31229739145273305 0.5116731637103867 0.582523690202512 0.6939747292937867 0.8748648874208221 1.0977930708550723 1.2617468329708312 1.372483481911953 1.5406076599811354
81 972 -0.7477498347006704 -0.23187682427712236 0.08781170983152836 0.5958044712228625 0.31229739145273305 0.5116731637103867 0.582523690202512 0.6939747292937867 0.8748648874208221 1.0977930708550723 1.2617468329708312 1.372483481911953 1.5406076599811354
82 984 -0.811218589657706 -0.19937765418957176 0.05208325723098706 0.505779775337742 0.3201171165491535 0.42715576093478047 0.5990228984329851 0.6820374017711586 0.9322692526446268 1.1696582434149327 1.2758079798931665 1.3375018101582044 1.4957393080948438
83 996 -0.811218589657706 -0.19937765418957176 0.05208325723098706 0.505779775337742 0.3201171165491535 0.42715576093478047 0.5990228984329851 0.6820374017711586 0.9322692526446268 1.1696582434149327 1.2758079798931665 1.3375018101582044 1.4957393080948438
84 1008 -0.811218589657706 -0.19937765418957176 0.05208325723098706 0.505779775337742 0.3201171165491535 0.42715576093478047 0.5990228984329851 0.6820374017711586 0.9322692526446268 1.1696582434149327 1.2758079798931665 1.3375018101582044 1.4957393080948438
85 1020 -0.811218589657706 -0.19937765418957176 0.05208325723098706 0.505779775337742 0.3201171165491535 0.42715576093478047 0.5990228984329851 0.6820374017711586 0.9322692526446268 1.1696582434149327 1.2758079798931665 1.3375018101582044 1.4957393080948438
86 1032 -0.811218589657706 -0.19937765418957176 0.05208325723098706 0.505779775337742 0.3201171165491535 0.42715576093478047 0.5990228984329851 0.6820374017711586 0.9322692526446268 1.1696582434149327 1.2758079798931665 1.3375018101582044 1.4957393080948438
87 1044 -0.811218589657706 -0.19937765418957176 0.05208325723098706 0.505779775337742 0.3201171165491535 0.42715576093478047 0.5990228984329851 0.6820374017711586 0.9322692526446268 1.1696582434149327 1.2758079798931665 1.3375018101582044 1.4957393080948438
88 1056 -0.811218589657706 -0.19937765418957176 0.05208325723098706 0.505779775337742 0.3201171165491535 0.42715576093478047 0.5990228984329851 0.6820374017711586 0.9322692526446268 1.1696582434149327 1.2758079798931665 1.3375018101582044 1.4957393080948438
89 1068 -0.811218589657706 -0.19937765418957176 0.05208325723098706 0.505779775337742 0.3201171165491535 0.42715576093478047 0.5990228984329851 0.6820374017711586 0.9322692526446268 1.1696582434149327 1.2758079798931665 1.3375018101582044 1.4957393080948438
90 1080 -0.811218589657706 -0.19937765418957176 0.05208325723098706 0.505779775337742 0.3201171165491535 0.42715576093478047 0.5990228984329851 0.6820374017711586 0.9322692526446268 1.1696582434149327 1.2758079798931665 1.3375018101582044 1.4957393080948438
91 1092 -0.9002285892228864 -0.20885980037201324 0.0640068768754121 0.4746099724144175 0.2727558104120984 0.374115360168326 0.5817395511165481 0.6373204202494062 0.894783602991129 1.1145925130205496 1.2348683661994424 1.345624173375393 1.6317123759096945
92 1104 -0.9002285892228864 -0.20885980037201324 0.0640068768754121 0.4746099724144175 0.2727558104120984 0.374115360168326 0.5817395511165481 0.6373204202494062 0.894783602991129 1.1145925130205496 1.2348683661994424 1.345624173375393 1.6317123759096945
93 1116 -0.9002285892228864 -0.20885980037201324 0.0640068768754121 0.4746099724144175 0.2727558104120984 0.374115360168326 0.5817395511165481 0.6373204202494062 0.894783602991129 1.1145925130205496 1.2348683661994424 1.345624173375393 1.6317123759096945
94 1128 -0.9002285892228864 -0.20885980037201324 0.0640068768754121 0.4746099724144175 0.2727558104120984 0.374115360168326 0.5817395511165481 0.6373204202494062 0.894783602991129 1.1145925130205496 1.2348683661994424 1.345624173375393 1.6317123759096945
95 1140 -0.9002285892228864 -0.20885980037201324 0.0640068768754121 0.4746099724144175 0.2727558104120984 0.374115360168326 0.5817395511165481 0.6373204202494062 0.894783602991129 1.1145925130205496 1.2348683661994424 1.345624173375393 1.6317123759096945
96 1152 -0.9002285892228864 -0.20885980037201324 0.0640068768754121 0.4746099724144175 0.2727558104120984 0.374115360168326 0.5817395511165481 0.6373204202494062 0.894783602991129 1.1145925130205496 1.2348683661994424 1.345624173375393 1.6317123759096945
97 1164 -0.9002285892228864 -0.20885980037201324 0.0640068768754121 0.4746099724144175 0.2727558104120984 0.374115360168326 0.5817395511165481 0.6373204202494062 0.894783602991129 1.1145925130205496 1.2348683661994424 1.345624173375393 1.6317123759096945
98 1176 -0.9002285892228864 -0.20885980037201324 0.0640068768754121 0.4746099724144175 0.2727558104120984 0.374115360168326 0.5817395511165481 0.6373204202494062 0.894783602991129 1.1145925130205496 1.2348683661994424 1.345624173375393 1.6317123759096945
99 1188 -0.9002285892228864 -0.20885980037201324 0.0640068768754121 0.4746099724144175 0.2727558104120984 0.374115360168326 0.5817395511165481 0.6373204202494062 0.894783602991129 1.1145925130205496 1.2348683661994424 1.345624173375393 1.6317123759096945
100 1200 -0.9032052276630628 -0.15644298266880668 0.07968918420913526 0.4107790857297174 0.2545702854116902 0.3730568949333817 0.6121355723430197 0.7208707470667702 0.9709932312051041 1.0414273907239486 1.2988486491975948 1.3434208528614597 1.5435257248915883
101 1212 -0.9032052276630628 -0.15644298266880668 0.07968918420913526 0.4107790857297174 0.2545702854116902 0.3730568949333817 0.6121355723430197 0.7208707470667702 0.9709932312051041 1.0414273907239486 1.2988486491975948 1.3434208528614597 1.5435257248915883
102 1224 -0.9032052276630628 -0.15644298266880668 0.07968918420913526 0.4107790857297174 0.2545702854116902 0.3730568949333817 0.6121355723430197 0.7208707470667702 0.9709932312051041 1.0414273907239486 1.2988486491975948 1.3434208528614597 1.5435257248915883
103 1236 -0.9032052276630628 -0.15644298266880668 0.07968918420913526 0.4107790857297174 0.2545702854116902 0.3730568949333817 0.6121355723430197 0.7208707470667702 0.9709932312051041 1.0414273907239486 1.2988486491975948 1.3434208528614597 1.5435257248915883
104 1248 -0.9032052276630628 -0.15644298266880668 0.07968918420913526 0.4107790857297174 0.2545702854116902 0.3730568949333817 0.6121355723430197 0.7208707470667702 0.9709932312051041 1.0414273907239486 1.2988486491975948 1.3434208528614597 1.5435257248915883
105 1260 -0.9032052276630628 -0.15644298266880668 0.07968918420913526 0.4107790857297174 0.2545702854116902 0.3730568949333817 0.6121355723430197 0.7208707470667702 0.9709932312051041 1.0414273907239486 1.2988486491975948 1.3434208528614597 1.5435257248915883
106 1272 -0.9032052276630628 -0.15644298266880668 0.07968918420913526 0.4107790857297174 0.2545702854116902 0.3730568949333817 0.6121355723430197 0.7208707470667702 0.9709932312051041 1.0414273907239486 1.2988486491975948 1.3434208528614597 1.5435257248915883
107 1284 -0.9032052276630628 -0.15644298266880668 0.07968918420913526 0.4107790857297174 0.2545702854116902 0.3730568949333817 0.6121355723430197 0.7208707470667702 0.9709932312051041 1.0414273907239486 1.2988486491975948 1.3434208528614597 1.5435257248915883
108 1296 -0.9032052276630628 -0.15644298266880668 0.07968918420913526 0.4107790857297174 0.2545702854116902 0.3730568949333817 0.6121355723430197 0.7208707470667702 0.9709932312051041 1.0414273907239486 1.2988486491975948 1.3434208528614597 1.5435257248915883
109 1308 -0.9322758964108456 -0.20242572502660366 0.14107536826642086 0.46120706398298816 0.22959219142880924 0.2982691783640912 0.6103325213485596 0.7678943186119175 0.9336871108271462 1.0274284103481715 1.2093144998848355 1.2949722016308902 1.6820761367301413
