% # columns="iteration, evaluation, void, void, void, xmean", seed=123450, Fri Apr 10 08:33:49 2026, <python>{}</python> # scaling_of_variables: 1, typical_x: 0
1 12 0 0 0 0.14175342866111662 49.7760148829229 0.25473370950818347 136.9510040730994 127.88197384050753 333.50683928076114 -32.707643734657566 -33.39548243559281 -88.83001631027143
2 24 0 0 0 0.14006672790799368 50.66212543936124 0.38095037402121307 144.83066543101 124.16454208161107 343.1315195940653 -30.46421674818045 -31.67734651444726 -88.40274757731702
3 36 0 0 0 0.1487565350792621 50.976878235611736 0.4207462903710458 146.54292984960455 125.94055813225145 334.79125560192455 -29.06391184463453 -30.118420993108895 -86.81284419941858
4 48 0 0 0 0.13574820923201747 61.856829666440035 0.3330134531497329 142.38043459895175 135.5187818330043 332.86239647971155 -31.232582713183834 -33.68249432099532 -88.72933041929603
5 60 0 0 0 0.12556585775781004 60.30767102485805 0.30745785802872544 142.91456876024273 144.37093241061342 325.41142985732284 -31.7251368582933 -33.40732811341934 -90.91120012077525
6 72 0 0 0 0.1349274788393704 58.44621021486327 0.2517530419568774 141.1440728374144 142.5575772778391 320.35925926052136 -31.276717967638092 -31.68536063020579 -90.13846156760894
7 84 0 0 0 0.12824882352685668 56.74843366306528 0.34445824569390987 136.78644179928602 144.38901988494948 322.8019095485545 -28.442661017744943 -30.375183313421417 -90.52547997029426
8 96 0 0 0 0.1295411907720818 57.56720442639163 0.3026719754438086 134.95350190814497 146.76259593731316 334.10214516031397 -27.684487605637138 -30.700634997122197 -89.66588987176183
9 108 0 0 0 0.13145972438308828 65.14440689119606 0.24494400764157592 134.3702598855032 147.55958498161684 338.13155402508846 -28.771230159456874 -31.12109301129514 -91.25184678168394
10 120 0 0 0 0.1463999292130385 67.77822800721813 0.22905699453149717 137.02321885640944 145.49002789387694 339.1125167774187 -28.563093626501747 -31.550724789411746 -90.35417319120484
11 132 0 0 0 0.15054499266776886 72.04344227839913 0.24206332897807337 137.61939109881808 146.36302897628673 338.2825446172203 -28.852375506709762 -30.777328886810437 -90.76795542575815
12 144 0 0 0 0.1546405766873354 77.18848588680703 0.23921106835638575 138.6967853050734 145.59584588323318 336.04993327597936 -29.914744342877544 -30.469267069234572 -89.73551813336357
13 156 0 0 0 0.13680850277190137 72.79844321851394 0.2308828690511754 140.8067262388442 139.13224706561013 333.78906218499145 -30.42805433134608 -31.299043928487084 -91.46381830624834
14 168 0 0 0 0.14494556234166245 74.94297566256613 0.22477866998593754 145.96541443718925 139.92871638149495 330.29383460795907 -29.639343818614165 -30.54704191676648 -91.03656508899846
15 180 0 0 0 0.15019255871627876 75.46780854898125 0.318907101472784 139.4750819989882 142.57134651938264 333.5888689334319 -30.79178388546774 -30.74115617913716 -89.11767080813168
16 192 0 0 0 0.1564977851539206 76.95801667708459 0.22989187025876487 137.8741304472378 141.1150310741694 329.0508576152344 -30.708551316939456 -30.48080070195855 -87.20111547600108
17 204 0 0 0 0.15668078291649212 75.9271796711005 0.21682131853591338 142.57832284497835 140.2829512483858 319.32185957078036 -32.27868638637031 -30.303620620677247 -88.92935725799602
18 216 0 0 0 0.16819490553155952 79.51031651194573 0.25342517325060165 144.52761339750674 138.77886207327333 325.94806131264255 -32.10377822541706 -30.08510099580581 -86.24594062777079
19 228 0 0 0 0.16216079738731876 78.54732299334962 0.2139920318778878 147.81563234278642 138.25704214037816 315.17563309089167 -33.46030193643333 -28.95896894888123 -89.31328389180668
20 240 0 0 0 0.17976186378488418 83.18458292542098 0.27792756473738695 152.9304937554206 134.59647328548547 321.16445903296204 -34.02401099816366 -27.35970470750564 -85.78473380043455
21 252 0 0 0 0.19514112519316676 87.11571113756379 0.3432368375094344 153.60491777351513 132.65889027562093 326.2780241337537 -35.10453938972174 -24.593592521352704 -82.1815381000573
22 264 0 0 0 0.1686685831358403 76.68584464177484 0.30111865900123225 156.7327540635417 133.87942603949728 322.3470348049463 -35.53279556943707 -24.07664298358863 -85.84326675833834
23 276 0 0 0 0.17709704691073305 81.62871483205171 0.25938250449973427 154.98829845238365 128.2829621093639 325.00118791620463 -36.257280698033455 -25.54249333856174 -84.11412040393519
24 288 0 0 0 0.1684131780049788 84.32996686428912 0.20703807392153076 151.22416055971502 132.84025016378413 319.6907318731214 -34.30130164274687 -26.65856051575122 -86.2670356208051
25 300 0 0 0 0.1634565141662333 84.75666032988408 0.16136791027948927 147.40623439116325 133.57141537655153 314.6542180798508 -33.25099569975402 -27.65550052781455 -87.96874936290476
26 312 0 0 0 0.16324536768083306 79.89478221508276 0.1916802012245196 143.75053147881133 135.83917115638542 320.5513751412037 -32.34846300389098 -26.243083584916956 -89.10028783765951
27 324 0 0 0 0.1585636429593197 81.3961897486046 0.13267279080674388 147.26053592981395 135.6111485483852 313.8873083051631 -32.85979172651258 -26.373984629257446 -89.4944168627548
28 336 0 0 0 0.1550581487557506 80.27717071934354 0.14991339633433445 143.02241443039168 136.4169319833814 318.2656531770919 -31.992869028357042 -27.94712701937003 -91.58275331506563
29 348 0 0 0 0.15379423682426774 79.29772210058141 0.14359570294018995 143.04345468522789 136.08470793833078 322.7331178911576 -32.165626934130295 -28.46315185839304 -92.97903563793376
30 360 0 0 0 0.14968965121746466 78.16773495918794 0.14276283248361846 144.88897718901708 137.11955506365544 323.028219166807 -32.63136381232688 -27.853696282420994 -93.83979741447835
31 372 0 0 0 0.15269194144591547 78.20582024194343 0.15840414561448535 149.23296200479697 136.66083083844512 316.0108443850987 -34.18790979526235 -27.660656855048888 -93.28097799868874
32 384 0 0 0 0.14200895975353667 77.21124727878373 0.12929153066833238 145.08364850169377 137.41217219128103 315.4019964745624 -33.190945867560075 -28.02163883080024 -94.31783621844485
33 396 0 0 0 0.14536503363567352 78.13687007135754 0.1486905818809921 146.10575382735254 137.50740065160284 315.81380535160986 -32.77050134128052 -27.80578110344197 -93.92123246148493
34 408 0 0 0 0.14908200456763487 80.66782393765763 0.12437084160540983 145.6892215637366 136.94074072492404 318.3742236894286 -33.40482750921725 -27.2772905763157 -92.83783985535088
35 420 0 0 0 0.14501635211383196 79.45792741426888 0.12080662442729086 145.2842346080316 135.28406339504667 317.3781521605323 -33.15926753257804 -26.82749822344586 -94.48184979952013
36 432 0 0 0 0.14821648770293927 78.56299531397416 0.13979783226719897 144.80510931974428 135.99715274341824 317.744345707972 -32.91789000154203 -27.081145303781213 -95.57937808999513
37 444 0 0 0 0.14692945743822045 78.41256253637208 0.1333568842660202 144.5671876930139 136.6534706523753 317.843897210714 -32.711807295722906 -27.107785491768723 -95.21719284219071
38 456 0 0 0 0.1433684221120009 79.01028525158311 0.12818278156305685 142.8684943270302 138.35504373301586 320.8117326696978 -32.366693490822186 -27.427169969730752 -96.51745245024726
39 468 0 0 0 0.1419178398713802 78.49774492504528 0.13131132197223788 144.21476576596612 139.0547048436638 319.6812555588046 -32.70019568758414 -27.032575328898904 -96.69256329667574
40 480 0 0 0 0.14208339181865395 79.10551807990744 0.12405799852887507 143.34853699704652 139.10584957140733 319.8905140386993 -32.74211772139829 -27.42436154560458 -96.60302522626549
41 492 0 0 0 0.14149162663933285 80.69628178508353 0.12427377660357021 144.0023157159614 138.18344267023025 315.6504309433841 -33.151956573034354 -27.50468997233599 -95.68962143394127
42 504 0 0 0 0.13944240831722396 80.72416798754764 0.11415977511643288 142.66328278286719 136.68856289744792 316.46237190975006 -32.64165710704796 -27.680069582517486 -96.00408928306686
43 516 0 0 0 0.14139673394618066 79.40253896789231 0.12363935965793918 143.51170797206478 136.43888455433927 316.70957469261 -32.705182824468956 -27.142110707073027 -95.4962699990424
44 528 0 0 0 0.1419967177303738 79.33359428037403 0.12259619526443538 142.23517271253718 136.39586278711104 316.09433218761876 -32.636193344514766 -27.123005959504486 -95.91543372926918
45 540 0 0 0 0.1356684229352701 76.46265645242755 0.12692766108652326 140.51622524796193 136.978892160115 315.55624827184107 -32.01719473138078 -27.35754576253525 -96.35169609000417
46 552 0 0 0 0.1368499082658553 77.25677309982515 0.128845428531347 140.353641848882 138.60135000899209 317.6978354195154 -31.84977899155682 -27.34024566008942 -96.18817032910907
47 564 0 0 0 0.14000962664188102 78.55690473317782 0.12807077222539556 139.95582515922888 138.37302609946235 317.74282104223994 -31.672588658089527 -26.98035527226096 -94.95686618136847
48 576 0 0 0 0.13613778350031983 77.56209344115008 0.12022496239738067 139.31898138734513 138.9774571638125 319.1334620014138 -31.432918858779182 -27.573627620102737 -95.95412235588373
49 588 0 0 0 0.13810898699248486 76.50442898723804 0.12826786955895966 139.41248151334148 139.532895810665 319.81896461721044 -31.535862555332503 -27.076649097033357 -96.10816106666947
50 600 0 0 0 0.13553243163763803 76.47707484641172 0.12384686191885332 139.93164435448287 139.52657337188361 318.1474914926023 -31.725033268210453 -27.42692293891035 -96.51878135197722
51 612 0 0 0 0.13472801195706077 75.43665192842143 0.1285346347533524 139.4001432019777 139.54538656631075 319.6256254569853 -31.478778312026144 -27.47966246350128 -96.78822311976778
52 624 0 0 0 0.1326854060803651 74.52473214001286 0.1313663241384283 138.93118603591205 140.53584235106925 319.8456734886656 -31.375346520743605 -27.565625284696896 -97.31001140305747
53 636 0 0 0 0.13305247320474695 73.71660130051677 0.133559911624227 138.59967650633342 140.02860536350536 320.44763177438875 -31.264726422266385 -27.12840629308898 -96.82662228436104
54 648 0 0 0 0.13212785786337536 73.85860904492856 0.1342123749768909 139.20851497408745 140.69353001863556 320.20693934071807 -31.284029469315804 -27.158547634016205 -96.60126183623409
55 660 0 0 0 0.13137697299244583 73.63638797023815 0.13088687163680307 139.25628934717662 141.85158742894205 321.33473042031517 -31.24511422460622 -27.1794849647908 -97.01627173998884
56 672 0 0 0 0.13121614672860799 73.42093511843973 0.12973176927903982 139.07114895456016 141.32140984717404 322.26942852008835 -31.309623695294793 -26.814738736465166 -96.82237949887657
57 684 0 0 0 0.1301055241967485 72.80005858983458 0.1313692632969452 139.16731856170492 141.37264292681556 321.67539136424114 -31.31844705624876 -26.644241317928763 -97.32885863224176
58 696 0 0 0 0.1302044818582593 73.39717513351947 0.12847386703089175 139.64379277005617 142.18425058771635 319.2302050215976 -31.51413485209473 -26.6776706909343 -97.52577619637492
59 708 0 0 0 0.12794738439670456 71.77536942369183 0.1317497150139105 138.25213313710287 143.34321386832812 320.2157509895233 -30.953784009414882 -26.381126273299554 -97.82555100882755
60 720 0 0 0 0.12688785047505163 71.2920459887067 0.13513908435361696 137.4346128796514 144.05373212728415 321.1956865087706 -30.59047888740017 -26.085310935512165 -97.8883481050594
61 732 0 0 0 0.12652905778940238 70.2424107334769 0.14235420785482022 136.18259010059302 144.01710542923044 322.0150069368573 -30.23068892098201 -26.32614581924513 -97.95378376979386
62 744 0 0 0 0.12539954871883152 69.52025413446718 0.13844449346318102 135.53803677266308 143.4159378493663 321.76786680901756 -29.99404853997727 -26.352812762635757 -97.82047536124456
63 756 0 0 0 0.12295699858916419 67.3739824863826 0.14644861650133223 134.0323393456022 144.23301622874354 322.62959991981705 -29.569858430363073 -26.040195066289133 -99.00782983041225
64 768 0 0 0 0.12287756101727033 65.53184450935392 0.15553488835368 132.37179929799942 143.08948981907696 326.56758595127513 -29.027643655921178 -25.700998572181987 -99.30587006680253
65 780 0 0 0 0.119621610549524 63.24903402197808 0.1642867204762962 130.43593951026384 144.55667101509042 327.6796083163144 -28.386739230981952 -24.996292074507863 -100.06951834028771
66 792 0 0 0 0.11386575127157926 60.63423565865578 0.16879770778832792 128.75458140617505 147.41501669001377 327.21553631375224 -27.68128842626431 -24.616252659429758 -100.83552880566248
67 804 0 0 0 0.10772366374036257 54.963457203390334 0.18600858963495 124.63206025057079 148.5405984633713 333.0488271246088 -26.30645954137285 -23.813799323474104 -101.959222333964
68 816 0 0 0 0.10488068598748222 54.20414230729873 0.1800741067550729 125.44318222780659 148.80159936765727 334.15081299229945 -26.46506027088415 -24.006175651399072 -102.95487570892062
69 828 0 0 0 0.110146308829911 56.13692583159172 0.17942750905583224 125.55177918492804 147.45046500176463 335.26453634924525 -26.67094367965226 -24.323363988259434 -101.94379620090979
70 840 0 0 0 0.10524321069217912 53.01818437491847 0.19317808062696848 124.3694146956871 151.14204974195277 334.5700791810284 -26.119671371405882 -24.24938140284631 -103.92439361988404
71 852 0 0 0 0.09912342488539161 48.72008954993062 0.21092581091548526 121.70557675947892 154.6570447291071 337.2602984039795 -25.23228344888116 -23.057122640145785 -104.50248303480579
72 864 0 0 0 0.09680459929618171 47.21087338037585 0.2170636107676728 118.96126626642732 157.032539572197 336.85364580725997 -24.35867190657781 -22.896507712443405 -106.00687572146681
73 876 0 0 0 0.09389699966461089 46.095642186984364 0.22473865348341251 117.74367388506494 156.96232442862936 333.29219581772605 -23.821075636974207 -22.138296089460646 -106.63327581484562
74 888 0 0 0 0.09548065496502707 46.30864570162132 0.22731331334756272 116.75734242605532 155.22640305899358 338.6543849755536 -23.480620441956944 -22.504747420120477 -106.5899976125447
75 900 0 0 0 0.0953099353826544 47.13820253760749 0.2273999410491128 118.8253618684006 156.0064280355787 332.3002415188447 -24.23823367665751 -22.485964662587186 -104.84745882691834
76 912 0 0 0 0.09280092505718249 45.73351025106438 0.23539999303112633 117.76967105770217 160.65666033812045 332.11953382778273 -23.764704933860777 -21.995960534610003 -106.43924576411509
77 924 0 0 0 0.09244121637579678 43.81080772006073 0.2551684852002649 113.63142559131681 164.93536317504487 334.98726562796753 -22.41278075144402 -20.798222421878627 -106.59893485511031
78 936 0 0 0 0.09127174423991977 42.496152574557804 0.2753174231766476 109.0090479413333 168.89482068070086 339.2760882354624 -20.697296264505177 -20.273503242889607 -107.55192959270104
79 948 0 0 0 0.08430030390743004 37.986382498293494 0.3053017371939096 104.34681070761833 171.88101995305632 337.2756494294568 -19.188814336854616 -19.836895783599765 -107.14508006019732
80 960 0 0 0 0.08436999560116762 37.719598714156604 0.31086959226546945 103.44238369567299 172.53620695802314 341.4192471712888 -18.58338754220689 -18.74411792224075 -106.09025648543273
81 972 0 0 0 0.08058371408424234 35.17928462405391 0.33415247905264156 98.19282752392716 180.20390078790845 342.7467860536481 -16.805996316167324 -16.11791157028951 -108.27815176991497
82 984 0 0 0 0.0863831375457575 33.848453318623825 0.36179144372638566 92.00139662988448 181.4678802952875 344.46494477185325 -15.428181812447136 -15.460894304883977 -108.20516377756562
83 996 0 0 0 0.09454572433802988 37.923208163145844 0.36557484129017853 89.27070464543792 180.24785803365694 341.9365227052268 -14.733623798485377 -16.5415946180442 -109.08576704337041
84 1008 0 0 0 0.10073941534596023 42.165472448291936 0.3687347591125079 91.83022698001245 179.4820635734897 352.0262477244621 -15.150243599335196 -17.817105067391438 -105.00858533472622
85 1020 0 0 0 0.09915277734609301 40.98864244593434 0.38204932561767535 85.8795467322297 185.15298817582035 353.73771112513043 -13.130499285507561 -18.018537479873455 -105.02979004169866
86 1032 0 0 0 0.09632847686425765 37.51627554282457 0.40310775669823756 83.9174523783971 186.22556212256356 345.6495899876244 -12.709374984709058 -17.90512634756135 -105.6018838535321
87 1044 0 0 0 0.09471827184930613 37.19997548092155 0.42962083165490594 84.36512149036713 188.01037932060123 352.50539186721363 -12.846613503753264 -20.787548719989797 -107.16344562297301
88 1056 0 0 0 0.08402482054478422 33.383763083192534 0.4657115905783876 80.25036872811546 205.7609860194596 354.206099407344 -10.728472625139272 -16.6924575994592 -105.35643149675352
89 1068 0 0 0 0.09585306728912964 37.67228118027279 0.49470625395567536 64.75139276488865 220.07578063666247 369.5584862482959 -5.663951108077383 -14.458797304815988 -106.51515325029479
90 1080 0 0 0 0.09495241488541617 37.62537983467261 0.5176307676993476 60.239551197002314 227.8435520821111 359.04080362094646 -3.9686890089543145 -15.66441171350448 -99.50414735139124
91 1092 0 0 0 0.1088996220594174 45.27025623241816 0.502902040949741 64.16944147473428 225.23226906204872 345.63356725111475 -5.604590529991211 -16.598341157501775 -104.85004764691362
92 1104 0 0 0 0.09637591076237267 41.19147694360534 0.5157012861060114 76.00891859402988 219.09357501274752 339.3358771716306 -9.451212195929791 -20.254361723068588 -102.94809703746833
93 1116 0 0 0 0.0815365602145337 31.379516543961003 0.5355370797120196 68.64448497207422 227.935579936691 341.4208993411706 -6.875489346156443 -18.185515133406895 -99.89990535663657
94 1128 0 0 0 0.10410267471395522 41.589179258582725 0.5737990333293808 64.30399494125012 231.9669756690816 333.7117637463921 -5.594428522931524 -21.846808392565244 -95.12245030664374
95 1140 0 0 0 0.10532197141978378 41.36531859431721 0.5788108414629873 71.00806028717325 235.21583304936425 319.75104689740635 -7.743760794023287 -21.77471090271792 -89.90187830423635
96 1152 0 0 0 0.11835002018649862 46.50828669574658 0.5765765413730815 78.8516877206217 226.60986776223265 311.3281676994222 -10.774034714612815 -22.531299225757092 -84.95014679158807
97 1164 0 0 0 0.12270925422815743 46.99384298450801 0.6009992573464118 75.37501242279042 235.95280156832752 312.91245302187565 -9.898450718230578 -24.037945494721626 -91.73705256330199
98 1176 0 0 0 0.11490463612012806 49.21885019112733 0.5916778496954921 76.77306090235369 230.98703414130514 306.39453850241756 -9.832302494148065 -26.03526288078453 -86.48440039489233
99 1188 0 0 0 0.1231456311372297 49.93743061187906 0.5938428190308309 73.17676985594375 236.57572357928998 302.0484552037295 -9.00799345272576 -26.46388180460041 -85.75954486004697
100 1200 0 0 0 0.11249589187438115 43.84760332116389 0.6231912145330526 66.33479365604683 238.57081013132023 309.81059311037023 -6.657458605849914 -26.695782034088907 -93.56691575734715
101 1212 0 0 0 0.10492208555915555 40.89390525058025 0.6043891733288705 63.00834266280457 239.55391991687776 310.2916992163826 -5.405701746698971 -24.897093913718063 -96.24824327176866
102 1224 0 0 0 0.11152236654885295 43.418094733912994 0.6122479785824514 63.104049283365754 243.00360389594564 320.71297226778137 -5.653427534226228 -24.382457362998576 -95.52636862514859
103 1236 0 0 0 0.12062741572881941 46.0416242895371 0.6315892850008041 66.23869137458664 241.4074045161075 326.50511872545246 -7.044926048251564 -26.423482565765507 -94.77299827823694
104 1248 0 0 0 0.12025018902675219 45.974777152513795 0.6487915337882949 62.93829406222933 245.410710290827 322.9468407199964 -5.7176836010315535 -25.513337379027483 -94.70039967577806
105 1260 0 0 0 0.11855139559164166 46.46406684638815 0.6434088394610511 60.85642703558511 249.3019507039885 319.0266266371856 -4.817220225589878 -24.93837858944868 -91.74326935675595
106 1272 0 0 0 0.12140935486157443 46.474562148527355 0.6444120429798446 60.10586110867428 258.45861300890505 313.9024826807093 -4.528829872725477 -23.92498063073124 -91.45341015505126
107 1284 0 0 0 0.11992650982130824 47.55233411438833 0.6510916005119844 59.200185659783166 266.79967078633604 310.0381147431265 -3.9984318681352486 -22.43702947110481 -92.55491317628649
108 1296 0 0 0 0.12051371640137885 47.03788741210704 0.6530633677100781 59.44386388073703 266.9505752773863 303.4840500590689 -4.148801805196546 -23.367705546069345 -92.39697224618685
109 1308 0 0 0 0.11268735560272213 44.196441281683406 0.6217295090544617 60.8135682305984 264.07049114358415 297.5375653988621 -4.550092547444633 -24.03532048957285 -95.64674434769495
