% # columns="iteration, evaluation, void, void, void, xmean", seed=61725, Thu Apr  9 15:46:38 2026, <python>{}</python> # scaling_of_variables: 1, typical_x: 0
1 12 0 0 0 0.11480965486483287 47.79084696965808 0.45292011590342884 140.59046329908688 131.9562364785022 327.24272423571307 -34.81043627707386 -33.593119883883375 -96.24212844948912
2 24 0 0 0 0.12337247054907768 42.31799104541606 0.4642272330904611 140.10203198567427 129.61455978194977 332.1858839474209 -32.842976927994926 -32.02844810411264 -94.31534282244922
3 36 0 0 0 0.11780627090167872 45.242536251987914 0.3972135144065978 142.36522772640836 130.882502546898 336.6081192164995 -30.877949329431747 -31.99812233188225 -91.66207964669509
4 48 0 0 0 0.13083479157241523 47.64521373948066 0.34190964930118856 136.6608553003939 125.48611324773326 331.469635415216 -28.505632954192013 -34.01284104179881 -88.78107560779246
5 60 0 0 0 0.1353017208830584 42.61503159681603 0.4056295863074636 141.9359128053739 130.7331489647468 314.56795217698505 -26.91452152228527 -32.346116821140306 -90.40002928944669
6 72 0 0 0 0.126345353885308 44.18637314172483 0.44451793626654296 152.17563632742383 126.3489195709352 314.1836732476345 -25.179055272119122 -31.114421695953595 -89.25769750395297
7 84 0 0 0 0.13027658282297847 39.40954396059537 0.5893299925787396 157.57137786882734 136.64931401677904 326.04361468499775 -26.199722259801657 -30.622273710050532 -90.46746091763983
8 96 0 0 0 0.11866805094961919 38.64534285818154 0.7021053848904261 161.95745972781484 133.5988371659922 324.09054935833376 -26.752113430169228 -34.92392394396697 -89.70889008602202
9 108 0 0 0 0.11640488178921783 37.42884058045928 0.7719788440024603 158.4461500436634 139.82740236097717 325.96441325372115 -26.56137618476644 -38.15531200828059 -90.40504021109668
10 120 0 0 0 0.11188780129963215 34.16281205288086 0.7504000187501457 158.85169866709575 132.8560068408139 331.40752719477166 -25.79129594420415 -39.734083314192304 -88.34599592787497
11 132 0 0 0 0.11424448254897086 33.922779572344204 0.7932511528924148 152.55548112158826 126.31444448064684 326.5547268650797 -24.1666258943255 -40.235544885612704 -87.12474949201405
12 144 0 0 0 0.1127413802887924 32.525422911876895 0.9808482298242732 148.69228059627255 119.68709310598973 320.27536913835075 -22.636232882514395 -41.390848428492745 -82.75523160618498
13 156 0 0 0 0.11258348585595308 33.857974999093976 0.9900355656747326 151.3683781508539 119.46231030217918 310.4804027342267 -20.653466479854544 -35.20664882174652 -78.59867994772453
14 168 0 0 0 0.11419895761878046 36.18895770702652 1.112728678410732 152.65197445391723 130.09959843578602 312.2427350851993 -19.620755719197863 -33.125905609831655 -82.38423475426418
15 180 0 0 0 0.10624264265309043 32.518444660117495 0.9815715541744842 147.24082069140033 126.98418178471096 308.89488934533307 -21.224854166231292 -30.29226667190088 -82.06914358312667
16 192 0 0 0 0.10824989847898886 32.14573507836556 1.0368866030694457 155.69520520948177 132.3055286996853 306.76373780302794 -18.578773215913454 -29.917245243717968 -82.37511363468599
17 204 0 0 0 0.11521184710108621 33.67162087740631 0.8985495982028393 148.03660121191717 132.15540509859147 326.7152226238751 -19.287071071006714 -32.97484972096786 -83.11006769274188
18 216 0 0 0 0.1202028009523906 34.84587713573073 0.8192851103420202 142.12819289719644 140.70309589327337 328.69995944116766 -19.91056157897835 -33.48433296600588 -85.78334254588502
19 228 0 0 0 0.11829369093481513 34.389035701662316 0.966198222493591 148.5673377788886 138.18547987133383 325.36754347559435 -23.647071525465666 -34.54803432035001 -86.01467859196337
20 240 0 0 0 0.11794986364590514 34.59166416209635 0.9719993585251078 155.901460388681 133.8037442349885 324.78671563535056 -25.166358856242585 -35.98667207315882 -84.68990086563817
21 252 0 0 0 0.11586694843674071 32.398301225772386 0.8926841310464625 154.05071280390254 126.58617568406295 329.38145260152004 -24.598214982526848 -31.914261201366287 -81.784030977865
22 264 0 0 0 0.1231241871529231 33.004789700858666 0.878039548334546 154.04606009663232 130.36254212632397 329.4129242331242 -24.99322818484872 -33.00970729243606 -78.47920085995682
23 276 0 0 0 0.12076872740381529 33.99821322883107 0.89055112881173 150.07760553111652 130.02641852546336 331.0507175049566 -23.952425539497078 -31.157503826042806 -84.95323701456215
24 288 0 0 0 0.12604359902301782 35.367914542716434 0.9493838080779586 151.69185328125354 131.90092008822103 338.00552274289646 -24.128305908633102 -30.373481788889595 -87.1921204830859
25 300 0 0 0 0.12428351627597696 34.829107385631204 0.9495054806220924 148.23079792139154 138.43091676403586 342.78107150484476 -20.233832005883215 -31.006332654247814 -86.53051905769883
26 312 0 0 0 0.13013844235925398 35.42625184828807 0.987411121406484 152.520643435391 138.02648947406416 340.7133512095163 -18.803450936309552 -29.010075788999615 -81.15485080247238
27 324 0 0 0 0.1265085882770025 33.174544438065936 0.9694530828902342 149.12710870067903 136.71891462168796 339.39238336296324 -18.13040062643724 -29.66286403312846 -77.89108070953081
28 336 0 0 0 0.12277785957269148 33.57861997471818 1.053106302296698 149.20961718151403 135.10869807643763 339.21102068546884 -16.830947595946128 -29.264829518478777 -79.23787996996236
29 348 0 0 0 0.12538563283025414 34.788261436559026 1.1364575720222763 152.18850776034884 140.77243082587347 346.9017365706106 -15.813509190413411 -27.51621179466254 -81.49060242970585
30 360 0 0 0 0.12521960898720286 34.41028173501063 1.0348005643659917 149.9101668857854 144.36903731703737 350.99684056023017 -14.78056820132606 -28.57739452608757 -81.73364406178719
31 372 0 0 0 0.12008750664460496 33.08419882331865 1.0955196687011466 146.8003444627319 148.57664786230572 346.1470572984461 -12.235497538538077 -26.52748754326886 -79.60420054466577
32 384 0 0 0 0.12343039920550447 32.481711432340525 1.0315116609113697 149.76960391138473 146.20050617241108 349.77540401708023 -13.49860622536396 -25.863147969649592 -75.61811519759146
33 396 0 0 0 0.123827113481489 32.44335013493146 0.9972553588339115 147.80962941113287 136.36690166520208 347.5884705017658 -13.632485063842767 -27.030411986651472 -73.9515626507127
34 408 0 0 0 0.11578744708085684 30.5387388638071 1.0030807595515472 138.58561065941842 136.5517618366292 348.77302924304644 -12.863832419800266 -28.36828542029473 -75.93532275699862
35 420 0 0 0 0.11041840132694544 30.29032855588035 1.0030340642024933 139.8150113324161 135.7321669680582 345.5211239495536 -11.827730420963713 -27.664188866063466 -78.43569833714626
36 432 0 0 0 0.11140126257592249 29.945899728639176 1.0574028614388438 136.92897300929735 139.08014468081572 347.03088933567483 -12.161884924526731 -26.763091415694426 -79.98977285154935
37 444 0 0 0 0.112324710355194 30.021914797336944 1.1300827322620546 141.7715916123977 135.89691644846795 342.1012771814029 -13.896613740732 -28.769198789279447 -76.52969803846383
38 456 0 0 0 0.11196212136398474 30.600139544322836 1.1824712454171145 143.75274986296878 132.0172243054638 332.03193785176467 -10.985407185431711 -27.934529606332003 -73.33139210545805
39 468 0 0 0 0.11165600629065191 30.60000386327779 1.1801973752768202 142.50844062067358 128.84051139823174 324.46352605352286 -12.503188266292419 -25.90361792489543 -73.15659083858115
40 480 0 0 0 0.10856718227697953 29.821503186212365 1.195349897446879 142.46129387382788 133.5985913498286 318.95196106825307 -10.97719297783225 -23.373886377687747 -69.16507958490578
41 492 0 0 0 0.1068314719112823 29.76872006447402 1.225442879419724 135.87200126518744 142.03140307735515 316.32022387374974 -9.472985724848494 -21.50925767346678 -73.06287126662895
42 504 0 0 0 0.10401544957441991 29.524121078347104 1.3059715295158623 133.81439961356364 139.4276017321321 310.4753261866228 -7.064678525900618 -20.094239344467066 -70.9911981067774
43 516 0 0 0 0.10012416352642621 27.203473260291375 1.2982649543557185 132.47416822959136 138.52465764830222 312.402829959771 -10.486444492126813 -22.114462782871634 -70.44460639561534
44 528 0 0 0 0.10163628736076522 27.833322903066737 1.3463055639284873 133.55380599217156 135.84355017262288 303.1592673592092 -11.070685044584328 -21.475807410297243 -68.63894940733722
45 540 0 0 0 0.10841505884661617 29.720330827881053 1.2645626662060778 138.36480881417953 140.61234596319662 312.9937642146208 -10.89435042596577 -23.236129219355977 -68.10418787164978
46 552 0 0 0 0.11094516698913118 29.913532392319034 1.2319544203115278 140.2433833470429 135.8446783244073 313.8295744050057 -11.531603848397653 -20.647751254804863 -68.1094296387644
47 564 0 0 0 0.10761482387988439 29.387160790407965 1.22889931806433 140.6426204282293 137.47453552485678 315.01658194463846 -12.291065608377709 -22.22428452256554 -71.37483615920516
48 576 0 0 0 0.10580303641183635 28.879600743805963 1.245952382816463 142.80464381875632 133.35229178793685 314.3322765846335 -14.081056172915613 -22.550978706888912 -71.29694748655903
49 588 0 0 0 0.10775638914956692 28.701301063464847 1.2981733103604314 145.9323867978042 132.8649708604468 320.42040664726824 -13.82454528654153 -25.12335796692887 -69.03285497288209
50 600 0 0 0 0.10396652035342759 27.47062110958347 1.2956759789325067 144.05268326592247 128.43080189303308 315.6037395896873 -12.921922632974079 -25.628491799854643 -65.62683370474241
51 612 0 0 0 0.10461835604984646 27.77516042649144 1.3186079541641942 145.9170958266163 126.23916325549521 316.83728061819227 -13.53139641864904 -26.885212672634445 -66.8570171545326
52 624 0 0 0 0.1055176867002577 27.605529222576696 1.2712278631046923 145.76249103897703 128.11430349904595 328.38942592116706 -13.492327046026823 -27.571486142076047 -68.8682658681926
53 636 0 0 0 0.10513082620894396 27.696237511292082 1.2800337698827224 146.0491729390368 134.2209942591469 333.699349511762 -13.595029808839094 -27.854802951597087 -71.31381862887605
54 648 0 0 0 0.10775658534686147 28.755467772376562 1.2740062567521482 148.89150409636827 131.54330845310113 335.95510436490065 -13.716257883466579 -28.84597484494499 -72.45306188324824
55 660 0 0 0 0.10551312373256905 28.559063372783076 1.3517245502303448 145.88860833797665 130.16010445242105 329.40583257462504 -12.028776996645558 -27.86068319564462 -72.22637241089862
56 672 0 0 0 0.10688433456524661 29.186442111715117 1.3618567103247399 147.1531036212831 130.70561069154235 329.14544631836293 -12.297624487404004 -27.131992896456918 -73.21116149456948
57 684 0 0 0 0.10717143292716053 28.940394544888505 1.3347180512222545 145.2625869030468 127.50319304867908 327.81458498368613 -11.554533743303137 -25.88025918786553 -70.69003976869986
58 696 0 0 0 0.10954246187013102 29.280447139113797 1.3070885633848603 149.09770713705552 127.2494425949524 333.358818376256 -13.299745007603267 -27.37077253221087 -71.39748084052731
59 708 0 0 0 0.1063523189228422 28.41120169093219 1.3576671991731097 149.97205783778182 125.72012417842471 328.82581539783644 -14.08923699971782 -26.393532867280868 -71.04714680867045
60 720 0 0 0 0.1070269812829114 28.502003226945856 1.3759247628415734 151.1771954943401 124.94448791073056 330.4071285873093 -14.193048788745456 -27.217849103600898 -70.38121861425388
61 732 0 0 0 0.10289498724597501 27.43033116461944 1.4342720903979056 151.34710710780504 124.74038505348989 330.791686436737 -14.587199189507693 -28.457386184820294 -71.39816680909904
62 744 0 0 0 0.10391845751167783 27.993425038956293 1.4254144481785695 152.05722226328388 124.16123096208932 333.0696908215423 -14.885104655065776 -28.67925894928437 -73.23734685140484
63 756 0 0 0 0.1057552345658486 28.823729626078315 1.4437053155674964 154.16416840467323 130.34910038859314 338.33677902533907 -15.426990517910957 -28.815857310012106 -76.84208072850032
64 768 0 0 0 0.10435009389966844 28.214000494179487 1.4745134119531695 152.07381217393439 135.61756656342595 345.74794398751726 -14.985696158453928 -29.50424543085726 -78.15124332202294
65 780 0 0 0 0.10047717701805686 27.485492034177245 1.5301470455434771 153.04340000378835 132.78494700753063 341.5194778596615 -15.309185572446472 -30.71249837707102 -78.30012812041011
66 792 0 0 0 0.09723029571470473 26.34803902323638 1.596407259106251 155.05881116050267 133.45493198744285 338.93630914171115 -16.810243768895553 -30.934666511793164 -77.25491194033948
67 804 0 0 0 0.09910728484237406 27.413622961602723 1.636091543031903 160.25440274462343 134.8687387357071 344.33809206527064 -18.314330277028727 -32.26667034132531 -81.55330827058128
68 816 0 0 0 0.09802952124387579 27.401358475419638 1.694180476614096 162.46163915554908 138.01051264459363 347.09502397571237 -18.65885335118502 -34.169202520773496 -83.38610635015263
69 828 0 0 0 0.09722380362342724 28.154532144772897 1.832222079912799 166.69403771671503 139.5568790853755 344.8737881329828 -20.223761263136083 -35.73213307009806 -87.9368587381506
70 840 0 0 0 0.0985025130069585 28.29097382344887 1.869123395136871 172.2880655313798 142.89812636801253 349.25230441153286 -21.749635936187445 -37.13599950127014 -88.66816853306241
71 852 0 0 0 0.09422712969672815 27.358725277683853 1.8538857542396219 172.3409151277577 140.28424927455313 334.89144765119664 -23.5212803877726 -35.033898076085705 -88.3234538181039
72 864 0 0 0 0.09235161878233485 26.770693126372358 1.8428471056018152 168.53849739269737 132.3888621121458 327.65461212885685 -21.70671795525361 -34.804050694846644 -83.81073710918291
73 876 0 0 0 0.09159457046251773 26.559730316548947 1.8648463750291087 162.62677235421597 134.4065364845271 327.7199269116556 -19.964651648062134 -32.83113775068528 -83.92055189728251
74 888 0 0 0 0.09061255537920979 26.10337190598639 1.9168961465815904 160.76871402896558 137.73678539769517 322.82583373404236 -19.082885967753757 -31.552003151953542 -80.8294441650522
75 900 0 0 0 0.08860468534186774 26.17111509046528 2.0529333763981485 159.8780314071039 148.41052441122056 326.96849549680945 -18.78812004932111 -32.51656187761617 -86.7725400296742
76 912 0 0 0 0.0926514523769635 27.034322035563164 2.084485173386374 162.1505009094957 150.4616812822702 344.0773834045338 -19.49781572849374 -36.020603569024736 -89.62377994198474
77 924 0 0 0 0.09103348433320518 26.536182599606626 2.144085055815283 164.00713962270842 156.82034576469482 348.27278294427396 -20.531407596123685 -35.018555829933675 -91.99489889402665
78 936 0 0 0 0.09314085529744583 27.207688110084955 2.158725255501063 166.39952538970624 157.7101915277037 346.5169696165188 -20.36321611678939 -33.909256989044195 -91.97630916036825
79 948 0 0 0 0.09113275202465956 26.529472050274045 2.1513610359877844 163.70796487622627 157.65796146549005 345.617982312646 -19.415801184271817 -35.16196174650694 -90.50561254141016
80 960 0 0 0 0.09221018360226226 27.364485233623483 2.1332892300792685 166.86309720843417 158.91377291713584 355.64662312194935 -20.234710346520455 -36.44478805882437 -95.77956769390921
81 972 0 0 0 0.09325035240140296 27.78845811590578 2.198789175794927 171.60042594776726 167.6784517726804 367.50364639571825 -21.107760086332135 -39.19717040348747 -100.3513849163421
82 984 0 0 0 0.08999505751979615 26.981897894615166 2.2492662028051624 174.31958493295704 168.8232810929031 367.1344867812512 -22.572264682062126 -40.21931124312995 -101.99763133684979
83 996 0 0 0 0.09065654461231544 27.30124615999343 2.327509500789938 183.4912618894255 175.7327862982921 386.88080874418694 -25.321697590968924 -44.19798472157662 -108.5314045524531
84 1008 0 0 0 0.0925343848288057 27.66824756201577 2.383077161694699 185.60467870349993 184.03437363281674 398.75915281776065 -25.272498560865422 -44.23805271747938 -111.05539620068221
85 1020 0 0 0 0.09293184084285055 27.40171236217486 2.3256092211321895 182.06522298418326 176.4086678215316 382.34769493041404 -24.844281030671723 -41.35889237455658 -104.04457904585816
86 1032 0 0 0 0.09612758418054602 28.033278996347505 2.4316419066503796 191.73225955979277 189.60827474918636 399.9869592899036 -28.338831264077147 -44.593278783207374 -109.33590879692063
87 1044 0 0 0 0.09716376024018838 28.211682571254265 2.4118071185962586 197.31371174989474 196.05720948280035 421.0852976526374 -30.235424649833337 -48.18250442566973 -115.86392229417342
88 1056 0 0 0 0.10047226612031605 29.5380262136648 2.505446458197034 209.5867762356571 207.20106371787534 439.77146237894124 -34.402760138847015 -51.73141945376076 -125.37572440230653
89 1068 0 0 0 0.10347420196625588 30.551729222462857 2.4612097253777763 220.5756235726639 204.43272109229312 452.6782258976655 -38.96627004270686 -56.307685580691505 -130.95456302622287
90 1080 0 0 0 0.1039170391059164 30.712621094853162 2.5483604514077394 230.7319391076348 209.4938942396562 470.8620020520704 -43.034653656497724 -59.35357748985604 -137.7917077577887
91 1092 0 0 0 0.10075025631297944 31.061363534620668 2.7786716509001197 247.92029467347373 222.2586509983275 505.2722518934322 -48.83320115743536 -66.11814544255452 -156.7667217911827
92 1104 0 0 0 0.0993064691097372 30.566816557439545 2.7636428012360716 247.93346896015586 229.78948701434282 498.5632566896978 -50.06830982519265 -64.76555479881648 -156.6024709778012
93 1116 0 0 0 0.09815778972704507 30.751390187754872 2.950211968672285 263.1279334929839 238.51263977162998 533.8358045592888 -55.85942555182407 -68.91406981947517 -173.1766182767722
94 1128 0 0 0 0.10047942913106968 31.29384153763013 2.709489878002536 255.9294066592624 219.76502636985055 511.14555259525855 -53.496293385883426 -69.84867004453692 -163.11355057398214
95 1140 0 0 0 0.10586498220444594 33.25784513778453 2.7144823055624605 262.1266761886111 230.29580447279457 535.3825049992232 -56.40334055612765 -72.16332422551953 -175.1633934454069
96 1152 0 0 0 0.10799379023345267 33.327219568914565 2.8882052325219134 268.90762280482636 250.6411000325656 563.5058845725996 -56.72702716907772 -76.43144094158149 -179.908128954734
97 1164 0 0 0 0.10859454284670367 33.80230320090746 2.766743300165427 272.05166244808794 236.00755535979823 551.4431508957072 -58.71254935689153 -75.58972924074999 -178.12235627386258
98 1176 0 0 0 0.10416549494687381 32.34332024182706 2.8672941180630196 271.7141861389977 241.6463425109964 562.5941328843346 -58.335510165808934 -77.29864860383906 -180.99076829017906
99 1188 0 0 0 0.10411722607137591 32.50508235981808 2.9623697566541276 285.5051245488577 256.3792672905552 581.7372013294764 -63.23361694143966 -82.32839547747125 -189.60125318035605
100 1200 0 0 0 0.10367806083288875 32.6919873611835 2.912303442476947 284.23095031167236 251.18469928016452 571.1767547175023 -63.810656513119326 -82.68516806238542 -187.983657407355
101 1212 0 0 0 0.10083492765170815 32.41757220702007 3.0226841997495186 286.78202483286054 256.8291042684813 582.8315114089969 -64.3545148531341 -86.68764302228728 -194.68152827174634
102 1224 0 0 0 0.102870248013882 33.43297622608974 2.9630441597590274 286.0720679836201 257.44666388830257 589.1102019377997 -63.837099227848455 -86.63582425589746 -199.15650499931297
103 1236 0 0 0 0.09757789670941637 31.727686239168136 3.0640570433718683 281.9040278442233 253.42234794368616 585.2329399945592 -61.89117962623541 -87.02974134867624 -195.61474681826817
104 1248 0 0 0 0.09636125755762946 31.2763786284907 2.9212784163030543 272.1002438048449 242.68443213687837 570.2894296907039 -58.761092946671944 -83.17378976508714 -189.84077971072858
105 1260 0 0 0 0.09165235919629718 29.787891857006187 3.0778113051227445 265.3629666074667 240.0374622351192 547.6029302722688 -56.491907606853374 -79.89974009414233 -181.52796010686066
106 1272 0 0 0 0.09833902502796973 31.396323435341138 3.0317022846076274 273.64083468674846 250.95135862679626 549.7708486112598 -59.293529881938134 -78.62208543145105 -182.00292370339105
107 1284 0 0 0 0.09699953955554089 31.003201938138332 3.0635762303372482 269.2254907202689 253.2143289273368 553.9575699793033 -56.60453463893583 -78.03630300812064 -181.32718637902863
108 1296 0 0 0 0.0934892704375393 30.086204282772286 3.220558796891667 273.2506185374639 263.51266533857336 557.2765297151684 -58.813751022455925 -79.94946973429323 -185.0214325735689
109 1308 0 0 0 0.09198287961527442 29.87038615344132 3.113534273412937 271.9869756862858 258.7906289528929 550.6542740855407 -58.085297921942015 -80.05728387627221 -183.59980825499542
