% # columns="iteration, evaluation, sigma, max axis length,  min axis length, all principal axes lengths  (sorted square roots of eigenvalues of C)", seed=61725, Thu Apr  9 15:46:38 2026
1 12 19.37226077478408 1.0000444454321133 1.0 1.0 1.0000055555709877 1.0000111111728396 1.0000166668055563 1.0000222224691375 1.0000277781635838 1.0000333338888951 1.0000388896450716 1.0000444454321133
2 24 17.85490878924527 1.1186487819577593 0.895734721158869 0.895734721158869 0.9477364371510042 0.9656820952183955 0.987576509521082 1.0028882308489369 1.003803405880962 1.0085680270052306 1.0187351604638915 1.1186487819577593
3 36 16.431152895555485 1.1336826757777863 0.8734232440230273 0.8734232440230273 0.8774719829334591 0.9329798881747625 0.9746173235161716 0.9927265445952902 1.0099871303558217 1.0184101808885981 1.0620737918381111 1.1336826757777863
4 48 16.33909525255192 1.1444530284687804 0.8057239035410548 0.8057239035410548 0.8679609897090992 0.9264245402685809 0.9438644118900921 0.972899398896345 0.9959173767425766 1.0418734648671548 1.0892495229868768 1.1444530284687804
5 60 16.878416829773553 1.1958701785837647 0.7827605884669383 0.7827605884669383 0.8544551096887606 0.8780756929854484 0.9192515308185372 0.962960862818477 1.016907765697371 1.0453414074610374 1.1049617765884903 1.1958701785837647
6 72 17.866000890667944 1.239269968242482 0.7632884259692122 0.7632884259692122 0.8455844066759829 0.8714280638859478 0.9131445988059999 0.9414348841251884 1.0047442124146873 1.0439677216342174 1.1687415870513083 1.239269968242482
7 84 18.6422735422039 1.261016449432891 0.7185164536750633 0.7185164536750633 0.8613444490843356 0.8700568681049856 0.8992263069725105 0.9212410317495487 1.0287961466981168 1.0780345464269385 1.1766840087805395 1.261016449432891
8 96 19.525298838396544 1.2613260398545985 0.7044375587643064 0.7044375587643064 0.8427414016809561 0.8563264304766729 0.9164899313847732 0.9505716938909927 1.0314711166089383 1.062227295804962 1.2070167113525414 1.2613260398545985
9 108 20.161309108693025 1.2974937085522604 0.6775730773972737 0.6775730773972737 0.8239241422681612 0.8563738687558079 0.9053491961399326 0.947039621083866 1.0265905663718249 1.0502484852734384 1.2085558007899722 1.2974937085522604
10 120 20.099842422958815 1.3194681973034532 0.6779205069884277 0.6779205069884277 0.8325444342152105 0.8372071047254678 0.8961654763060347 0.9373840361392285 1.016738546867541 1.0775786983605233 1.174463756559437 1.3194681973034532
11 132 19.500545879125507 1.3339988948930317 0.6491513192628046 0.6491513192628046 0.8053161033247006 0.8425854812610899 0.8971140715875322 0.9262764291763693 1.04235283262636 1.0611578707562954 1.1703635943306228 1.3339988948930317
12 144 21.272970893634334 1.3325636832997791 0.6219461107489532 0.6219461107489532 0.7857262380778367 0.8292080494776422 0.8825420670789789 0.8986815963845114 1.0414658885103956 1.0624543240338782 1.1908486127895026 1.3325636832997791
13 156 22.76752295877519 1.364006239256908 0.5834978567973217 0.5834978567973217 0.7655829119064369 0.8235568293070319 0.8616613560490772 0.891261965837733 1.0493290580620322 1.151270178485205 1.1691170624172238 1.364006239256908
14 168 23.21069017111582 1.3824860616421848 0.5462485536625077 0.5462485536625077 0.7541036005886699 0.8170010459937826 0.87628511473304 0.9212120506564738 1.0427363113329515 1.1528072472346234 1.1887679742307284 1.3824860616421848
15 180 22.362967126375498 1.4215762847302083 0.5317549860178917 0.5317549860178917 0.7589249332287638 0.8103853388961921 0.8768764771064596 0.9174966759549918 1.0693893515108543 1.0907621492188484 1.2015764955160708 1.4215762847302083
16 192 20.567936334041736 1.421146567924848 0.5037828147272976 0.5037828147272976 0.7560319737284463 0.7903713497975776 0.8548455077273773 0.9507578604127342 1.0539482141399659 1.0745421748464503 1.2148827447848352 1.421146567924848
17 204 19.018207611747062 1.3913541835763108 0.4882927863796615 0.4882927863796615 0.7401513766954307 0.7567659486046051 0.850811423349891 0.934534924573985 1.0350557793140276 1.0711107924271952 1.243629961543345 1.3913541835763108
18 216 18.313031161769267 1.3810507472196727 0.46357916124497767 0.46357916124497767 0.7611631633717827 0.7670077958188531 0.8499237937438723 0.9322998389422077 1.035898992889014 1.0672518034241045 1.2137112711949505 1.3810507472196727
19 228 16.758330669090263 1.4103220647221055 0.4310566398418073 0.4310566398418073 0.7435280888357966 0.7507651949128745 0.8526494088170464 0.9252598066167773 1.0450963676943927 1.1000851646972845 1.21136593790587 1.4103220647221055
20 240 16.094929961504658 1.4246368491315042 0.41961817568755866 0.41961817568755866 0.7276135540378169 0.7447851830550054 0.8294761599032595 0.8930968629352388 1.0616345607369615 1.073005289344233 1.2392488074704937 1.4246368491315042
21 252 15.885451920940804 1.4192101276254931 0.39500545662729225 0.39500545662729225 0.7018413295655079 0.7495458404370737 0.8181397853756587 0.8951383340139659 1.073300220518113 1.1093337946243755 1.2097254174911443 1.4192101276254931
22 264 15.471813084581104 1.3969503163926889 0.37272993448775116 0.37272993448775116 0.6886743858614944 0.7427918479166697 0.8246570093363264 0.8963192662823418 1.0723044088479328 1.1250191603269866 1.2250841401949328 1.3969503163926889
23 276 13.852234065447005 1.3794537277087737 0.3438301869537636 0.3438301869537636 0.6794365202496002 0.7238816487785085 0.8704425111060079 0.8912115358408891 1.040103624466279 1.1255965403658637 1.221418924214701 1.3794537277087737
24 288 13.79144602958599 1.357925009051784 0.3086670571055971 0.3086670571055971 0.676609288707776 0.7134127628909134 0.8782657857532356 0.91827385741051 1.0489042077663175 1.1141657781424739 1.2100633222124713 1.357925009051784
25 300 14.42824842171782 1.3690612312826458 0.29429881301298944 0.29429881301298944 0.6528699550444231 0.734079017121802 0.8502578592116944 0.9108809291278336 1.0718809304065133 1.1055101642588259 1.2186320823016543 1.3690612312826458
26 312 14.915908037720348 1.3728832163019316 0.27998039629393 0.27998039629393 0.6745080982698164 0.7415394516860621 0.8192083993975215 0.9000788867231926 1.0634481838361107 1.1352837845971417 1.218665205735655 1.3728832163019316
27 324 14.636974347965714 1.3889752955440826 0.270360437695017 0.270360437695017 0.6752030075701987 0.7035793784337936 0.8160922293908115 0.906328632623258 1.0506117857451185 1.1489338112812655 1.2581509265899207 1.3889752955440826
28 336 13.885082237394094 1.4043640668052193 0.24612666519834508 0.24612666519834508 0.6661852682850501 0.7057744800323285 0.8021611939348675 0.9156695616332312 1.0313502339263052 1.1471691409707623 1.2787694854925455 1.4043640668052193
29 348 14.570596092388215 1.3780122930114842 0.24774136116648943 0.24774136116648943 0.6350646815774337 0.689971406420483 0.8035779456261257 0.9105939131569156 1.0215834877911913 1.1538084817951557 1.2681837737771369 1.3780122930114842
30 360 14.113050143631982 1.36249293081513 0.23795720420615812 0.23795720420615812 0.6306108505501956 0.7110581949353832 0.82028097821176 0.8983052563947147 1.0522893693030984 1.1523291777785916 1.282941132840732 1.36249293081513
31 372 14.251077546733647 1.4021713151171433 0.2207874304145082 0.2207874304145082 0.6216786398806378 0.6911343420967784 0.8318892460642603 0.8760327886551923 1.0506120687714384 1.1272207880203395 1.3155637572701737 1.4021713151171433
32 384 13.606843675834405 1.5042753051012228 0.21694247269015937 0.21694247269015937 0.6156769001665936 0.6919432797006884 0.7985588605067271 0.886695774659091 1.0371202382015476 1.1265880841963067 1.2994284600603483 1.5042753051012228
33 396 12.990807409116087 1.4963508679257287 0.21121682576211417 0.21121682576211417 0.6192781905113736 0.6579468634105302 0.7989667418857024 0.9277688902615656 1.049471809457858 1.1119286104502442 1.2520942473023853 1.4963508679257287
34 408 13.180044106607646 1.4988039639814232 0.20457012851106465 0.20457012851106465 0.6016011412718523 0.6485923619838555 0.7965333108548667 0.908422100494232 1.055397126379984 1.0806724895657838 1.2699702366084358 1.4988039639814232
35 420 13.019825033491331 1.484068949381174 0.18931854320122346 0.18931854320122346 0.5946399695731802 0.6614215323249059 0.7778493844717604 0.8963568693235574 1.0539768825777966 1.154436684833816 1.2721134960269478 1.484068949381174
36 432 12.316781331661536 1.4910527819058654 0.17637216876801276 0.17637216876801276 0.5840528285020946 0.6591897698355896 0.7510846838811592 0.9298527749937382 1.0636348358858494 1.1527165985343417 1.2658925518162625 1.4910527819058654
37 444 11.588818487959916 1.4859948830583083 0.1657197223704839 0.1657197223704839 0.5592016669797014 0.6742522553735041 0.750245436790356 0.9300915534687457 1.0496655985298609 1.1646865838613436 1.2701476758826231 1.4859948830583083
38 456 12.103607058669429 1.4860757951055112 0.1522178502424812 0.1522178502424812 0.5563505280510164 0.668998762997811 0.755018575659153 0.9666594716492437 1.0392696829693922 1.1726260409227052 1.2395901005216006 1.4860757951055112
39 468 12.790808759450757 1.5357356312720085 0.14049200545443322 0.14049200545443322 0.5384292781769914 0.6350041527830645 0.7638775053455789 0.9862805864358695 1.0468602281936759 1.1942020547481855 1.3192236521203724 1.5357356312720085
40 480 13.668866572188389 1.5957185243406056 0.13635755918775608 0.13635755918775608 0.545428490894126 0.6139354404973826 0.7592338544400417 1.0301808011331646 1.0475759647316918 1.1715544065586339 1.3455686802261353 1.5957185243406056
41 492 14.949015081158821 1.724817258203529 0.12229994108416027 0.12229994108416027 0.5454798292065087 0.6125119753503628 0.7743232251181579 1.0278398267771363 1.0361918129636083 1.170363538834606 1.3421102221835135 1.724817258203529
42 504 15.530203019828914 1.6779356670598555 0.11611719264203299 0.11611719264203299 0.541194350595428 0.6021122756929259 0.7657928507485966 1.022662035193302 1.0951287976664879 1.1341293326366766 1.4143251568246242 1.6779356670598555
43 516 14.928559878697051 1.7701085749018315 0.11398563263298847 0.11398563263298847 0.5321989626287408 0.5922644305652395 0.7323749262705834 1.0121607503129937 1.0522385293972527 1.1516082560016048 1.4181426947558902 1.7701085749018315
44 528 14.396057274989845 1.7644022160095327 0.10691328837364884 0.10691328837364884 0.5239975086148775 0.593929773722766 0.7599090119156031 0.960859857013899 1.0504766281548925 1.1338572420799387 1.405933789131556 1.7644022160095327
45 540 13.056454413154173 1.8262378061840068 0.097780814143185 0.097780814143185 0.5225424239124062 0.5826275719782615 0.7590512710687736 0.9530422133621033 1.0644920225340029 1.1104166900166341 1.443860986438775 1.8262378061840068
46 552 11.917428172085108 1.8044920352191218 0.09330751212073134 0.09330751212073134 0.5153239891982511 0.5756750019920703 0.7563762906255463 0.9428947120716257 1.0607988005731528 1.1030144603250802 1.420727886101502 1.8044920352191218
47 564 10.15810514597414 1.776638136628296 0.0891482544993235 0.0891482544993235 0.514974263393984 0.5625362271255168 0.7536089042745955 0.941171300368717 1.05667259026407 1.10546467624021 1.38414536952767 1.776638136628296
48 576 9.718945994855437 1.7685506593739524 0.08071722638923232 0.08071722638923232 0.5052968038391515 0.5607970104263076 0.7311408503743635 0.9466185745577005 1.0769885367102872 1.0976635543413817 1.3765958999992924 1.7685506593739524
49 588 9.97963091730436 1.7674446382320212 0.07679182006005847 0.07679182006005847 0.5046010761948833 0.5558457467243733 0.7283017868930948 0.9225618402889179 1.0761859782717882 1.0939060074090985 1.3799497070062188 1.7674446382320212
50 600 10.18981850010553 1.760863359149976 0.07433726457883132 0.07433726457883132 0.509634963704953 0.5392821935144333 0.7332965984187979 0.9336571381143934 1.0687520153326104 1.1349737202080363 1.3969690278116007 1.760863359149976
51 612 9.868557715429295 1.7371417751016576 0.07167111194288261 0.07167111194288261 0.5101887499450789 0.5222770628827677 0.703191989668618 0.9049831820742346 1.0641198237968126 1.1744082777419966 1.52080050833495 1.7371417751016576
52 624 9.663987284775207 1.702153538003216 0.07129038461271005 0.07129038461271005 0.48365350496736254 0.5065704456465794 0.6893001523689433 0.9029750725106789 1.051189855926428 1.2325346348509167 1.5459122928417965 1.702153538003216
53 636 9.434198361663606 1.76203721030456 0.07022269672935741 0.07022269672935741 0.467501260700591 0.4896579301446019 0.6805632287547134 0.8844473272648865 1.0296232937853191 1.2357486529530735 1.5385142861600327 1.76203721030456
54 648 9.166576367122785 1.8022800287143972 0.06799692672564586 0.06799692672564586 0.4518496408010265 0.4935552440081137 0.6572042316132027 0.8700689869315253 1.0265819953458504 1.2401903161154928 1.514361109940682 1.8022800287143972
55 660 9.066948773283894 1.8598687744630453 0.06342079341820624 0.06342079341820624 0.45071374939409053 0.49268448131009057 0.6601446572101962 0.8336171295669319 1.0100121118428582 1.2448253199870232 1.5248247423017969 1.8598687744630453
56 672 8.538125709501514 1.8481380275598596 0.06010363110294003 0.06010363110294003 0.44328819772264055 0.48234373062287406 0.6706580798176663 0.8418493742058994 1.0310265350210233 1.2011166457593851 1.5256793534577384 1.8481380275598596
57 684 8.094523009263119 1.8510378886864485 0.057975399251666344 0.057975399251666344 0.43336353976748 0.4751599766699981 0.6794396308269934 0.8168497147990947 1.018335640719037 1.1949350765803328 1.4895143639646737 1.8510378886864485
58 696 7.348036734831545 1.8565272704550557 0.0568742251235246 0.0568742251235246 0.4141970804618401 0.47886865408903373 0.6859556679970938 0.8146401689369356 0.9995661510387079 1.1964848034732054 1.41411618574329 1.8565272704550557
59 708 7.40965470764507 1.879442129276361 0.054946790893425766 0.054946790893425766 0.40582371533055595 0.4649448712098123 0.687275858007058 0.7938841430815852 1.0113618086304068 1.204377501047052 1.350451054422392 1.879442129276361
60 720 7.101797743492254 1.857131722231008 0.052300989640164705 0.052300989640164705 0.39202648635765286 0.489665086540737 0.6901215219825917 0.7967687213742028 0.9898139877095337 1.1908829111191594 1.367324907447977 1.857131722231008
61 732 7.379351515921374 1.8587763764827743 0.048808351712654637 0.048808351712654637 0.37906468524138975 0.49015496524034896 0.6730597117770456 0.8071320544393273 0.9792171324313009 1.1781253254221953 1.368635598045762 1.8587763764827743
62 744 7.129186208902376 1.845758343817076 0.04775109566121415 0.04775109566121415 0.3759921136581041 0.47498037167188967 0.6463494523388292 0.8317528339563572 0.9937122288344375 1.165955791150693 1.3969823280649225 1.845758343817076
63 756 7.651558416119906 1.8430804647246148 0.04762087183498351 0.04762087183498351 0.352531886901704 0.46881355633975613 0.6353731818372691 0.8378755634520005 0.9960655083769222 1.157312796189964 1.4072301369364983 1.8430804647246148
64 768 8.764164764016295 1.962256425848021 0.046702771054912884 0.046702771054912884 0.347625447801975 0.4649273863267122 0.6285003731803142 0.8542843635739332 0.9589229552433627 1.1187078289810766 1.4610165747644779 1.962256425848021
65 780 9.164100355302818 2.0940447966079647 0.04644655625762678 0.04644655625762678 0.34812602582856 0.4743657130124349 0.6005174678392988 0.8580692888250396 0.9569026865577548 1.164013303124786 1.4169377177233404 2.0940447966079647
66 792 10.036628943845376 2.117368943220572 0.04497035720758977 0.04497035720758977 0.33585722923485 0.46600709660492307 0.5892917068456441 0.8605785813353257 1.0172180330962501 1.118587594356211 1.4352524599986274 2.117368943220572
67 804 10.994078732682052 2.151987173518451 0.043720465176615264 0.043720465176615264 0.3249006575745443 0.4657855180038988 0.5739398266679533 0.8909351665404345 1.0402733897022807 1.1169884979951272 1.4457464543894154 2.151987173518451
68 816 11.910147202088195 2.2276502486980823 0.04192245627960778 0.04192245627960778 0.3246260569955731 0.45576968010577096 0.5590848331875533 0.8744792443389406 1.0928143231139635 1.106716259826061 1.443185023256087 2.2276502486980823
69 828 14.274041983176076 2.274278122175263 0.041311040409149 0.041311040409149 0.32568480859592064 0.45879294556703665 0.5373996792984702 0.8485524548953831 1.0758067282346158 1.1148857394128489 1.4252102696417233 2.274278122175263
70 840 15.752028771887666 2.320664488756712 0.04103333682246808 0.04103333682246808 0.31772385485012167 0.45793921056908615 0.521528700531375 0.8405624013966669 1.0608435760702963 1.139580107092884 1.4256486277711016 2.320664488756712
71 852 16.827025241287416 2.337168388694037 0.038935120532075256 0.038935120532075256 0.31387368709182456 0.4506513103323513 0.5065232349416546 0.8596029509453631 1.048592731756276 1.125363546823219 1.4350748245582505 2.337168388694037
72 864 15.546636538525483 2.377619772337957 0.03766929112086019 0.03766929112086019 0.30496149911282794 0.45372041115109063 0.5241314666184537 0.8381912507970747 1.0261043952151534 1.173305570408905 1.4205855763159816 2.377619772337957
73 876 13.841076926792221 2.3725163666534326 0.03698852074491367 0.03698852074491367 0.29874365403147796 0.45506436329190075 0.5151146489625088 0.8144980600516377 1.0292817513763992 1.1699429421591547 1.4336637650853257 2.3725163666534326
74 888 13.097702125102177 2.3822566601793813 0.03478254144643608 0.03478254144643608 0.29934526652330673 0.45744511423978296 0.5040178422695615 0.8151376544601471 1.0172223825665994 1.1491983142999413 1.389134320776245 2.3822566601793813
75 900 14.00042157272445 2.3604535557129362 0.03426558725216224 0.03426558725216224 0.2905216151829911 0.44270286562438066 0.49237684471298515 0.8242106012380768 0.99219795717499 1.163344492638386 1.3856052744186158 2.3604535557129362
76 912 14.738271075265066 2.3914524522000455 0.03393973988214695 0.03393973988214695 0.2889644650009344 0.42594565328256623 0.48666061866064547 0.8215963236143548 1.0182288346723087 1.1475374133574734 1.395895881475083 2.3914524522000455
77 924 14.79121827993688 2.5582154624795796 0.03202234153191801 0.03202234153191801 0.29526382553481606 0.4206004303340998 0.4879255943115059 0.8011060746564064 0.982363430842225 1.1457566206153695 1.4137603872252515 2.5582154624795796
78 936 14.213732412983726 2.6235153875152273 0.03188553836112366 0.03188553836112366 0.28272926883912153 0.4201893722438457 0.48772864145296635 0.7781567465826501 0.9881933922657983 1.1360543351822798 1.4136223026759165 2.6235153875152273
79 948 12.428502064343938 2.613602655933384 0.03158608890201604 0.03158608890201604 0.27465003492433476 0.40618574253013323 0.48749457012171904 0.771104138637221 0.9853595140099122 1.0997164198903597 1.4007533154020022 2.613602655933384
80 960 11.132236313593708 2.564994695099683 0.03013442743229347 0.03013442743229347 0.2707561849408966 0.40652625618438815 0.48293920871097135 0.7518542699820694 0.9572695302976857 1.0957653822824753 1.3493889140679205 2.564994695099683
81 972 11.457032271500426 2.5983542977165563 0.029244988525854596 0.029244988525854596 0.26334499581647675 0.385116820332696 0.47218772924281904 0.7520126611221761 0.979374182902455 1.045365153261846 1.3750937466128874 2.5983542977165563
82 984 11.523985904747725 2.821016100426919 0.02859582371595806 0.02859582371595806 0.2533837084545151 0.3785522599312434 0.46608453931983596 0.7361529995798334 0.9620418754008342 1.0450907400388618 1.3836992510598078 2.821016100426919
83 996 13.293690077408387 2.9099968566769094 0.027871670606800125 0.027871670606800125 0.24069789515211265 0.36989786966512694 0.46371871305218776 0.7187780333296634 0.9558843581996171 1.043864840435456 1.3825814258973457 2.9099968566769094
84 1008 14.704798292600854 3.175174911341056 0.026766049354392234 0.026766049354392234 0.24111782424815445 0.35615741978628873 0.4614636436913761 0.7387731649287613 0.9402122065554329 1.0438926470805252 1.4175275966027645 3.175174911341056
85 1020 13.916285624141006 3.411850110431092 0.02581158914776684 0.02581158914776684 0.24093728376252044 0.339965771729955 0.4623631955420907 0.7445929886447104 0.9243223009281841 1.030994072328764 1.3735267854263593 3.411850110431092
86 1032 15.617071441353088 3.438234305164599 0.025209633064514087 0.025209633064514087 0.23226114207834836 0.3325869778240698 0.4689696402465662 0.7536431009135126 0.917951239255262 0.9762919770533753 1.3580143913162586 3.438234305164599
87 1044 16.63015581970883 3.5051843590387546 0.02484839030351757 0.02484839030351757 0.22930753716031893 0.3195093621745367 0.4750169064595775 0.8042342598095723 0.9293773656906102 0.9647001207288419 1.3466964052619574 3.5051843590387546
88 1056 18.33353020364736 3.649534501381227 0.024492922095066302 0.024492922095066302 0.21844730484533512 0.30584089869932085 0.4792496292318932 0.8078715497063975 0.92358954267978 0.9664684783447026 1.3479258772828109 3.649534501381227
89 1068 20.37786156329493 3.9686010443982744 0.02337035056017314 0.02337035056017314 0.21486911035893108 0.3011419463127183 0.47811593131440294 0.7917128636136344 0.9143816539226356 0.9645391312699289 1.3941912868760746 3.9686010443982744
90 1080 22.01715663063434 4.11235647084149 0.021430543087616643 0.021430543087616643 0.2146363553303704 0.29957106034798303 0.46093657365022905 0.7895076570299298 0.9017398741402024 0.954103571947368 1.4762207736564414 4.11235647084149
91 1092 25.29410904487706 4.344132412710535 0.020812347313270342 0.020812347313270342 0.20821737532856574 0.2939748224872235 0.4594584257589413 0.7769172487133518 0.8969644995294305 0.9429652615130001 1.4946573308467996 4.344132412710535
92 1104 26.143782925681844 4.678020238769234 0.020374764211079754 0.020374764211079754 0.21090702116982868 0.28631408072062275 0.4598812650708654 0.767775102657231 0.9005106653702346 0.9436010110258506 1.4693259880359069 4.678020238769234
93 1116 28.69919114969425 4.70413410010646 0.019766399283151652 0.019766399283151652 0.20627610189325984 0.28889211375054497 0.46429251890052686 0.7578604265131591 0.9036852020564929 0.9311957592529638 1.4466322030806484 4.70413410010646
94 1128 26.370284104818378 4.900245696030002 0.019465859415318414 0.019465859415318414 0.20095717271221356 0.28207599577853004 0.4589849392974226 0.7604075935912498 0.9194940029296284 0.9367980850821787 1.4452645601033318 4.900245696030002
95 1140 25.015935690333567 4.951190254959839 0.018721613895417915 0.018721613895417915 0.20158758823198464 0.28251095342128935 0.47377956157855794 0.7538017782691363 0.8720692067259747 0.9240767998361283 1.4251285930921784 4.951190254959839
96 1152 23.438814309254063 4.997866946683686 0.018321281668992363 0.018321281668992363 0.20285003585779507 0.2840799481026042 0.4628588130408508 0.7282523207840762 0.84293946980318 0.9670261918999947 1.3733560552545616 4.997866946683686
97 1164 20.401869570866808 5.146985668704516 0.018028345148262695 0.018028345148262695 0.19512050716912027 0.27205236391190607 0.4613029043150468 0.7305032387581596 0.8407155285966464 0.9674690466403947 1.36403619351462 5.146985668704516
98 1176 18.536480344675375 5.129445472084381 0.017590514227751174 0.017590514227751174 0.1846332655991483 0.2653870552085557 0.4586703143332875 0.7191647625656199 0.8095626143686413 0.9719902186965055 1.4296517969660554 5.129445472084381
99 1188 18.135973982820293 5.083629353669182 0.016770516227900767 0.016770516227900767 0.18075347407762157 0.26288757800474716 0.4539440807514228 0.7029668243822801 0.8171331634313207 0.9613014740320642 1.4191756198300334 5.083629353669182
100 1200 17.450554519454087 5.210832272763113 0.01676738973889508 0.01676738973889508 0.1803533959090278 0.25446319530860156 0.44595098576238384 0.6969212275217836 0.8001265472486233 0.9461730217089861 1.4020488315030897 5.210832272763113
101 1212 17.135986592168607 4.991694987558493 0.016632501261668965 0.016632501261668965 0.18214728869063468 0.24678037664956481 0.4648933998556209 0.7022587498843631 0.761199457296183 0.9561290043804349 1.3842162272158844 4.991694987558493
102 1224 16.296903136806552 4.912931665315647 0.016641462138274308 0.016641462138274308 0.17898111299936426 0.2448160571542661 0.48052759828802344 0.6943931930537739 0.7582883882687202 0.9595736278576755 1.3502059111957783 4.912931665315647
103 1236 16.4471973732947 5.0339323702908105 0.016330959726868117 0.016330959726868117 0.16739447153974224 0.23809259883972206 0.4786454308729611 0.6842446078505867 0.7496611767511436 0.9763570956677444 1.339522396948186 5.0339323702908105
104 1248 15.884505436558685 4.82916167929155 0.01632959871357522 0.01632959871357522 0.16751141262818947 0.23446539963916932 0.4799033334840367 0.651906123911989 0.7816154873980373 0.9751509578461808 1.3180162485033386 4.82916167929155
105 1260 16.068453639217697 4.763032745991204 0.01606117146129041 0.01606117146129041 0.1684840261532953 0.22593829977413682 0.47821447360284886 0.6337557981292808 0.7720642444557535 0.9786392625670953 1.3032405103761209 4.763032745991204
106 1272 16.2732512494832 4.791677072246338 0.01615778387363324 0.01615778387363324 0.16103424900835978 0.2269259582643895 0.4608507932315637 0.6125303495343402 0.780088075516587 1.0326329727519268 1.318606160238542 4.791677072246338
107 1284 15.070283709165018 4.648191910704086 0.01614482506520452 0.01614482506520452 0.16148697787674918 0.21867105403469456 0.46816968490842775 0.5824058447663936 0.8579258832435864 1.0640080963288274 1.2860316964057086 4.648191910704086
108 1296 15.244713459851477 4.679065166646278 0.01582734137701022 0.01582734137701022 0.15865558699499166 0.21934113860485144 0.45294451118741613 0.5629346100416522 0.8405186172690312 1.0848729709957583 1.3231902138685443 4.679065166646278
109 1308 15.396641557122031 4.640545664640666 0.015343239170734829 0.015343239170734829 0.1534717101810824 0.22544216056895855 0.4644189971801396 0.5602782220045913 0.8253347871641302 1.0621201119105843 1.3766729707544318 4.640545664640666
