% # columns="iteration, evaluation, sigma, max axis length,  min axis length, all principal axes lengths  (sorted square roots of eigenvalues of C)", seed=12345, Wed Apr  8 00:36:00 2026
1 12 19.679138847016894 1.0000444454321133 1.0 1.0 1.0000055555709877 1.0000111111728396 1.0000166668055563 1.0000222224691375 1.0000277781635838 1.0000333338888951 1.0000388896450716 1.0000444454321133
2 24 18.41308930779568 1.1315688959890942 0.9141993674865443 0.9141993674865443 0.9202372931709782 0.9745154152395384 0.9862902731808951 0.9964637355314327 1.0011675130777082 1.0051792574723353 1.0420496944108055 1.1315688959890942
3 36 17.386281104192815 1.118400806804735 0.8924499240816346 0.8924499240816346 0.9095046054116989 0.9167800718296151 0.968057912998499 0.9908412227068181 0.997660543846106 1.0230418193877977 1.058417804402534 1.118400806804735
4 48 17.36261788821706 1.1410462530380807 0.8358272586726752 0.8358272586726752 0.8542719400629376 0.9040590256574863 0.9350976053065273 0.9913954426036339 0.9984576201726898 1.0531537681751455 1.115761869576794 1.1410462530380807
5 60 15.229246983722307 1.156826416511848 0.7846710911458714 0.7846710911458714 0.866388266807141 0.905671515125563 0.9370246645518778 0.9645333073453807 1.0063189161745296 1.067556106031386 1.1228768529736908 1.156826416511848
6 72 14.655872081121434 1.1407557114345 0.7898534562245245 0.7898534562245245 0.823299373377664 0.8952975035479438 0.9013277942706569 0.9397309118151739 0.9908486298316338 1.0624914681531006 1.1060599117455638 1.1407557114345
7 84 14.571703984170366 1.200933818563321 0.7461603395207509 0.7461603395207509 0.816112054457185 0.8740573640404061 0.8758649928423076 0.9496161306815947 0.9765466278409842 1.059070266875044 1.0904616576902675 1.200933818563321
8 96 14.55539888174599 1.2590396361057898 0.732351209924456 0.732351209924456 0.8011793338918183 0.8472744940737056 0.865316801894876 0.936908581591186 0.9451372406861492 1.049692677175074 1.1033885716208915 1.2590396361057898
9 108 14.255978908080213 1.2905942518583031 0.7332661386400993 0.7332661386400993 0.7877064843308258 0.8286353929019885 0.8559483493551953 0.9142992845056938 0.9627814869549857 1.0523929514979309 1.0949847008336009 1.2905942518583031
10 120 14.168219947415908 1.2733327448709086 0.7286540421240782 0.7286540421240782 0.7588565843610617 0.8141130272155668 0.8526945518517902 0.9603930896125008 0.9704865641322178 1.0268616596951188 1.0728120621176664 1.2733327448709086
11 132 13.97170700450942 1.2594031797187861 0.6390582661700563 0.6390582661700563 0.7633823677063651 0.8178288096325887 0.8737083824388215 0.9659512545933244 0.9907787253135906 1.0488809726535344 1.061516303868614 1.2594031797187861
12 144 13.968519687300649 1.2072407506913458 0.6270656955691661 0.6270656955691661 0.7334621614368668 0.8157973335571472 0.8884311143639262 0.9584100177750288 0.9824351243184671 1.0480296333774763 1.095042327307539 1.2072407506913458
13 156 13.837316307087002 1.1960070904973308 0.6038823250081621 0.6038823250081621 0.7039170692241271 0.79318764010676 0.8854981056723651 0.935122520816289 0.9765360001108159 1.0415935289588238 1.1441303729303094 1.1960070904973308
14 168 12.329718679286758 1.2211800128896635 0.5743249610684912 0.5743249610684912 0.7038383029263809 0.7949283707820297 0.8560844940026067 0.9273510467345568 0.9690923356021555 1.0707432208048568 1.1561701400533988 1.2211800128896635
15 180 12.540567502051951 1.2276308176884578 0.5450390938957836 0.5450390938957836 0.7065103149083899 0.7870491827798356 0.8407093183094454 0.8977592668013891 0.9756321599168422 1.0712944370168578 1.1069972660188656 1.2276308176884578
16 192 11.755208669846954 1.2541993016961976 0.5223366206395019 0.5223366206395019 0.6884751681496718 0.7729416999947681 0.8346651638601569 0.8982912633203544 0.9667139181264375 1.0742666422106986 1.136872949554341 1.2541993016961976
17 204 12.246605281990746 1.228374164094036 0.5107025131095522 0.5107025131095522 0.6915983699452758 0.7672108232600112 0.8260657920218077 0.8694453674312284 0.9656795484296004 1.1017179597103122 1.1330344302002684 1.228374164094036
18 216 11.0392045100176 1.257416032208859 0.48601864811988027 0.48601864811988027 0.6944513435450504 0.7583614297405682 0.8107458648603415 0.8905632272419389 0.9616588134781486 1.1185869709397886 1.2106509539823118 1.257416032208859
19 228 9.56510957106363 1.2514299625606953 0.46906593829181453 0.46906593829181453 0.6605653167921908 0.7526146748768932 0.8096089907798875 0.8856036621679071 0.9340108472445084 1.123942202309247 1.17687425691796 1.2514299625606953
20 240 8.996712057644245 1.2445610962515337 0.44423893311693613 0.44423893311693613 0.653972064132976 0.7246267939276201 0.8056585933851625 0.8693459041361498 0.9146726840649101 1.1328476171155453 1.1881190927087342 1.2445610962515337
21 252 8.742791135638369 1.2570118840168665 0.43786475327257907 0.43786475327257907 0.6408197152559396 0.6958530747965966 0.7918020846058759 0.8660792275693207 0.9389354030879571 1.143101974321615 1.1846871396447287 1.2570118840168665
22 264 8.467327195746304 1.2901488959514766 0.41694436576389476 0.41694436576389476 0.6241222790869403 0.6654625252368953 0.7852678336212765 0.8622468414962824 0.9302129222224016 1.1331493025999169 1.2346362050356496 1.2901488959514766
23 276 8.024549460156628 1.3096426572071604 0.40756708617312504 0.40756708617312504 0.5878309882175327 0.6475272430579032 0.7882524932225404 0.8437362817994495 0.943682664507321 1.1482926913570286 1.2028421886058835 1.3096426572071604
24 288 8.414393780384609 1.3526928294840947 0.37627027847326006 0.37627027847326006 0.5859016311195305 0.6457075624932119 0.7899120924873919 0.8297061794716468 0.9293471735483567 1.143447384241517 1.2076152214815186 1.3526928294840947
25 300 9.302710644317914 1.3389253537355372 0.3639513473304676 0.3639513473304676 0.5735307062539144 0.6431616800293639 0.7780216954476181 0.850650208341885 0.949565930665108 1.1593758598352562 1.197241815693438 1.3389253537355372
26 312 10.402814201669047 1.320777236530662 0.35347272378987454 0.35347272378987454 0.5664375399517607 0.6397703699092552 0.7779709735723942 0.8449276904888426 0.9552840647276893 1.1507771876141022 1.2194855515515284 1.320777236530662
27 324 10.972419271879174 1.3674188735124502 0.3437594077925611 0.3437594077925611 0.5447470511834859 0.6227509778899726 0.7933328069666237 0.843710002036345 0.9595902433144723 1.1664195827413453 1.2716296406126062 1.3674188735124502
28 336 11.658229943780459 1.464456188174464 0.3305715166195159 0.3305715166195159 0.5275859029975801 0.6152454132519372 0.7799434255956028 0.8503905189711927 0.9610193368562945 1.1668332056970987 1.2394141325090706 1.464456188174464
29 348 11.701105519328271 1.492382536244504 0.32163400556744626 0.32163400556744626 0.5372357195973271 0.6218418280283429 0.795960803702939 0.8579575089877871 0.9484375413978905 1.082679146665739 1.2435125746054403 1.492382536244504
30 360 10.205158834586515 1.527562371937671 0.3107192869207053 0.3107192869207053 0.5157007337277612 0.6233727861680162 0.7799565391866666 0.8472623657284919 0.9515252130722998 1.0639070680327718 1.2633307113081724 1.527562371937671
31 372 9.011652295408384 1.5247333945403756 0.30660847098075117 0.30660847098075117 0.4965112068257564 0.5934532352514987 0.7861084413231636 0.8223810100371864 0.9471604970447404 1.0756554752464138 1.2405948586107698 1.5247333945403756
32 384 9.565629061444982 1.495861233934344 0.29823651682580493 0.29823651682580493 0.496392037292882 0.5804146792146775 0.7595704854807652 0.8264300525407634 0.9577725577147341 1.049044741031055 1.2042995606795388 1.495861233934344
33 396 8.647570852069107 1.5717356136496325 0.292847398694357 0.292847398694357 0.4896012987301779 0.5610184844101715 0.7679908413470448 0.8333437090329447 0.9679606229714687 1.0604642764327092 1.2024203926307426 1.5717356136496325
34 408 7.421407017691286 1.5783651127119027 0.27910048542063004 0.27910048542063004 0.4679839765598468 0.5579326089882367 0.74397707086762 0.8295615454345159 0.964038107793747 1.0597617329491633 1.1910821203460142 1.5783651127119027
35 420 7.371693268966502 1.57439237428846 0.26492835742860354 0.26492835742860354 0.4536620295018488 0.544616802590583 0.739645473913059 0.8165095838019387 0.9588147175189106 1.0451374880954638 1.2144325268206497 1.57439237428846
36 432 7.327937506573849 1.743492494786042 0.24215735809409195 0.24215735809409195 0.4505771946773405 0.5301830254500773 0.7294191487562964 0.8130057808374601 0.9493956216027386 1.044228176822626 1.2194085823200917 1.743492494786042
37 444 6.592824629001421 1.7991033687566869 0.23340422191520882 0.23340422191520882 0.44516084554155005 0.5276960332885748 0.7413771818020741 0.8111230102791359 0.938134475694096 1.0332344459950689 1.162939058020103 1.7991033687566869
38 456 6.49260768234507 1.7396846720584327 0.22956497668730488 0.22956497668730488 0.42545953625506405 0.524339955166691 0.7472442020338051 0.810759056109098 0.9258353238590652 1.018997819424086 1.1765097482780351 1.7396846720584327
39 468 6.3946700461647215 1.721932116865168 0.2248904247187644 0.2248904247187644 0.4261701112260928 0.5160418136065131 0.7769191326037411 0.8201251736303681 0.8836719645849841 1.0142212672592201 1.1744663336144467 1.721932116865168
40 480 6.015625241986463 1.6985767773278977 0.22165402838831313 0.22165402838831313 0.41541323697890087 0.5065331917541657 0.7759535042724587 0.8109743961353639 0.8850114501195137 1.03942230006568 1.131651834312249 1.6985767773278977
41 492 5.500117711885875 1.6961455490357853 0.21800735419926348 0.21800735419926348 0.4146968815836596 0.4926530184657011 0.7248506113156208 0.7994998336003368 0.8899822485752679 1.0117852990657246 1.1854422105645837 1.6961455490357853
42 504 5.321297707308444 1.7100511666662164 0.21366402118881697 0.21366402118881697 0.38173559091377074 0.4737997862605425 0.7091443714858399 0.7991304647127777 0.8928312481900574 1.0139035003240922 1.1787741556636324 1.7100511666662164
43 516 5.238290901646186 1.7937618136472921 0.2026748917951579 0.2026748917951579 0.3680035552582917 0.473523890754627 0.7063667331358946 0.7780511633086586 0.8777749653998147 1.0108684560117367 1.1709415059409536 1.7937618136472921
44 528 5.645116347754012 1.8148443491093373 0.18998761047494242 0.18998761047494242 0.361601934344493 0.4791882966513022 0.7297275813994127 0.7756668786838502 0.8529502928179358 0.968300689183607 1.1973664357416258 1.8148443491093373
45 540 4.879152961780405 1.9101283944156338 0.1818086603224783 0.1818086603224783 0.361518398120826 0.4766728286030933 0.7224357226239656 0.8075678549605128 0.8438715458830989 0.9548409035872761 1.2197538046020655 1.9101283944156338
46 552 4.382749732597439 1.9153964830518848 0.1744672457749519 0.1744672457749519 0.35052141132588 0.48310840311296627 0.7020547858812306 0.8132667986261672 0.8394036592931865 0.9496638085014952 1.2043699314809024 1.9153964830518848
47 564 4.656851947017484 1.8738757060615256 0.17190999226524567 0.17190999226524567 0.3573422916609283 0.4860752834137888 0.6570409471864467 0.8113133299093136 0.8348430977004176 0.9390565181942157 1.1848081775949253 1.8738757060615256
48 576 5.27376257921372 1.8954533845944217 0.16122342023720546 0.16122342023720546 0.35649072005587495 0.49345795465786774 0.6631496029611053 0.8034865715996745 0.8509775072606204 0.9010868615119364 1.277370524587221 1.8954533845944217
49 588 5.226475924020743 1.9812836482947618 0.15403119064835974 0.15403119064835974 0.35499441985040875 0.48581249714032904 0.6525648107260739 0.7753095140524849 0.8583090799822615 0.9084336869750206 1.4151760012384575 1.9812836482947618
50 600 5.578324357044454 2.089226255508002 0.14504220765368125 0.14504220765368125 0.35782730223737647 0.46827471008772514 0.6146697299780253 0.7550761778876706 0.861208955578535 0.9082441393512976 1.4201724863892418 2.089226255508002
51 612 5.003635819344891 2.2475467158870615 0.13627301665021424 0.13627301665021424 0.35650759461116077 0.46288249805845394 0.616695637457698 0.7508471524677365 0.8416911316533028 0.9031136855041563 1.3934598996042318 2.2475467158870615
