% # columns="iteration, evaluation, sigma, beta, void,  sigvec==sigma_vec.scaling factors from diagonal decoding", seed=24690, Mon Apr 13 00:10:23 2026, <python>{}</python>
1 12 17.929290062182297 1 0 0.00045 0.23 0.0011 0.42 0.42 0.7 0.13 0.13 0.37
2 24 17.78865632902094 1 0 0.00045 0.23 0.0011 0.42 0.42 0.7 0.13 0.13 0.37
3 36 17.887199638386612 1 0 0.00045 0.23 0.0011 0.42 0.42 0.7 0.13 0.13 0.37
4 48 19.14018947628954 1 0 0.00045 0.23 0.0011 0.42 0.42 0.7 0.13 0.13 0.37
5 60 22.4903729846739 1 0 0.00045 0.23 0.0011 0.42 0.42 0.7 0.13 0.13 0.37
6 72 25.712186568585928 1 0 0.00045 0.23 0.0011 0.42 0.42 0.7 0.13 0.13 0.37
7 84 25.905849469583984 1 0 0.00045 0.23 0.0011 0.42 0.42 0.7 0.13 0.13 0.37
8 96 25.82816932998794 1 0 0.00045 0.23 0.0011 0.42 0.42 0.7 0.13 0.13 0.37
9 108 24.399904359886346 1 0 0.00045 0.23 0.0011 0.42 0.42 0.7 0.13 0.13 0.37
10 120 23.461715605948974 1 0 0.00045 0.23 0.0011 0.42 0.42 0.7 0.13 0.13 0.37
11 132 24.018318396495623 1 0 0.00045 0.23 0.0011 0.42 0.42 0.7 0.13 0.13 0.37
12 144 22.505106979838423 1 0 0.00045 0.23 0.0011 0.42 0.42 0.7 0.13 0.13 0.37
13 156 21.060604924957506 1 0 0.00045 0.23 0.0011 0.42 0.42 0.7 0.13 0.13 0.37
14 168 20.682411682459747 1 0 0.00045 0.23 0.0011 0.42 0.42 0.7 0.13 0.13 0.37
15 180 20.191851213923286 1 0 0.00045 0.23 0.0011 0.42 0.42 0.7 0.13 0.13 0.37
16 192 18.410223235326722 1 0 0.00045 0.23 0.0011 0.42 0.42 0.7 0.13 0.13 0.37
17 204 17.54435106177173 1 0 0.00045 0.23 0.0011 0.42 0.42 0.7 0.13 0.13 0.37
18 216 17.676496639252207 1 0 0.00045 0.23 0.0011 0.42 0.42 0.7 0.13 0.13 0.37
19 228 16.771342727025328 1 0 0.00045 0.23 0.0011 0.42 0.42 0.7 0.13 0.13 0.37
20 240 18.052517033566147 1 0 0.00045 0.23 0.0011 0.42 0.42 0.7 0.13 0.13 0.37
21 252 17.8710026934329 1 0 0.00045 0.23 0.0011 0.42 0.42 0.7 0.13 0.13 0.37
22 264 17.40657773068695 1 0 0.00045 0.23 0.0011 0.42 0.42 0.7 0.13 0.13 0.37
23 276 18.874648885885918 1 0 0.00045 0.23 0.0011 0.42 0.42 0.7 0.13 0.13 0.37
24 288 20.52464656045432 1 0 0.00045 0.23 0.0011 0.42 0.42 0.7 0.13 0.13 0.37
25 300 19.945086962392672 1 0 0.00045 0.23 0.0011 0.42 0.42 0.7 0.13 0.13 0.37
26 312 19.445191785532238 1 0 0.00045 0.23 0.0011 0.42 0.42 0.7 0.13 0.13 0.37
27 324 18.877748121141572 1 0 0.00045 0.23 0.0011 0.42 0.42 0.7 0.13 0.13 0.37
28 336 18.2812130732752 1 0 0.00045 0.23 0.0011 0.42 0.42 0.7 0.13 0.13 0.37
29 348 19.03207907664088 1 0 0.00045 0.23 0.0011 0.42 0.42 0.7 0.13 0.13 0.37
30 360 19.340499198226684 1 0 0.00045 0.23 0.0011 0.42 0.42 0.7 0.13 0.13 0.37
31 372 15.93334174403746 1 0 0.00045 0.23 0.0011 0.42 0.42 0.7 0.13 0.13 0.37
32 384 14.459887853144794 1 0 0.00045 0.23 0.0011 0.42 0.42 0.7 0.13 0.13 0.37
33 396 12.921392687594878 1 0 0.00045 0.23 0.0011 0.42 0.42 0.7 0.13 0.13 0.37
34 408 12.290932149849212 1 0 0.00045 0.23 0.0011 0.42 0.42 0.7 0.13 0.13 0.37
35 420 11.168149541751257 1 0 0.00045 0.23 0.0011 0.42 0.42 0.7 0.13 0.13 0.37
36 432 10.76688672358563 1 0 0.00045 0.23 0.0011 0.42 0.42 0.7 0.13 0.13 0.37
37 444 9.611201863983203 1 0 0.00045 0.23 0.0011 0.42 0.42 0.7 0.13 0.13 0.37
38 456 8.373694187316662 1 0 0.00045 0.23 0.0011 0.42 0.42 0.7 0.13 0.13 0.37
39 468 7.985593040818491 1 0 0.00045 0.23 0.0011 0.42 0.42 0.7 0.13 0.13 0.37
40 480 7.594580645437575 1 0 0.00045 0.23 0.0011 0.42 0.42 0.7 0.13 0.13 0.37
41 492 6.561011478305207 1 0 0.00045 0.23 0.0011 0.42 0.42 0.7 0.13 0.13 0.37
42 504 6.279454381940803 1 0 0.00045 0.23 0.0011 0.42 0.42 0.7 0.13 0.13 0.37
43 516 6.20150005846428 1 0 0.00045 0.23 0.0011 0.42 0.42 0.7 0.13 0.13 0.37
44 528 6.173656161000901 1 0 0.00045 0.23 0.0011 0.42 0.42 0.7 0.13 0.13 0.37
45 540 6.126182298083025 1 0 0.00045 0.23 0.0011 0.42 0.42 0.7 0.13 0.13 0.37
46 552 6.607270588271888 1 0 0.00045 0.23 0.0011 0.42 0.42 0.7 0.13 0.13 0.37
47 564 6.891511151061288 1 0 0.00045 0.23 0.0011 0.42 0.42 0.7 0.13 0.13 0.37
48 576 7.567836212429335 1 0 0.00045 0.23 0.0011 0.42 0.42 0.7 0.13 0.13 0.37
49 588 8.535141582265707 1 0 0.00045 0.23 0.0011 0.42 0.42 0.7 0.13 0.13 0.37
50 600 9.241925996515159 1 0 0.00045 0.23 0.0011 0.42 0.42 0.7 0.13 0.13 0.37
51 612 9.996006367279643 1 0 0.00045 0.23 0.0011 0.42 0.42 0.7 0.13 0.13 0.37
52 624 9.499050452174956 1 0 0.00045 0.23 0.0011 0.42 0.42 0.7 0.13 0.13 0.37
53 636 8.486194140351502 1 0 0.00045 0.23 0.0011 0.42 0.42 0.7 0.13 0.13 0.37
54 648 7.809505998173739 1 0 0.00045 0.23 0.0011 0.42 0.42 0.7 0.13 0.13 0.37
55 660 7.284136651217869 1 0 0.00045 0.23 0.0011 0.42 0.42 0.7 0.13 0.13 0.37
56 672 6.839999852903186 1 0 0.00045 0.23 0.0011 0.42 0.42 0.7 0.13 0.13 0.37
57 684 6.84471814066203 1 0 0.00045 0.23 0.0011 0.42 0.42 0.7 0.13 0.13 0.37
58 696 6.760051315871031 1 0 0.00045 0.23 0.0011 0.42 0.42 0.7 0.13 0.13 0.37
59 708 7.258691026500516 1 0 0.00045 0.23 0.0011 0.42 0.42 0.7 0.13 0.13 0.37
60 720 8.132101280993387 1 0 0.00045 0.23 0.0011 0.42 0.42 0.7 0.13 0.13 0.37
61 732 8.872087113373466 1 0 0.00045 0.23 0.0011 0.42 0.42 0.7 0.13 0.13 0.37
62 744 9.420430117682791 1 0 0.00045 0.23 0.0011 0.42 0.42 0.7 0.13 0.13 0.37
63 756 9.282096227467637 1 0 0.00045 0.23 0.0011 0.42 0.42 0.7 0.13 0.13 0.37
64 768 9.095119106768166 1 0 0.00045 0.23 0.0011 0.42 0.42 0.7 0.13 0.13 0.37
65 780 8.509444175875812 1 0 0.00045 0.23 0.0011 0.42 0.42 0.7 0.13 0.13 0.37
66 792 8.257684630370655 1 0 0.00045 0.23 0.0011 0.42 0.42 0.7 0.13 0.13 0.37
67 804 9.106596253510277 1 0 0.00045 0.23 0.0011 0.42 0.42 0.7 0.13 0.13 0.37
68 816 10.579787479415067 1 0 0.00045 0.23 0.0011 0.42 0.42 0.7 0.13 0.13 0.37
69 828 11.69956201356402 1 0 0.00045 0.23 0.0011 0.42 0.42 0.7 0.13 0.13 0.37
70 840 12.62442319774754 1 0 0.00045 0.23 0.0011 0.42 0.42 0.7 0.13 0.13 0.37
71 852 12.8309065736411 1 0 0.00045 0.23 0.0011 0.42 0.42 0.7 0.13 0.13 0.37
72 864 11.666599677952512 1 0 0.00045 0.23 0.0011 0.42 0.42 0.7 0.13 0.13 0.37
73 876 10.99722727360646 1 0 0.00045 0.23 0.0011 0.42 0.42 0.7 0.13 0.13 0.37
74 888 10.82900123141974 1 0 0.00045 0.23 0.0011 0.42 0.42 0.7 0.13 0.13 0.37
75 900 11.073206048943888 1 0 0.00045 0.23 0.0011 0.42 0.42 0.7 0.13 0.13 0.37
76 912 11.572619961755159 1 0 0.00045 0.23 0.0011 0.42 0.42 0.7 0.13 0.13 0.37
77 924 12.854337642779413 1 0 0.00045 0.23 0.0011 0.42 0.42 0.7 0.13 0.13 0.37
78 936 14.218878409588786 1 0 0.00045 0.23 0.0011 0.42 0.42 0.7 0.13 0.13 0.37
79 948 15.492515448814771 1 0 0.00045 0.23 0.0011 0.42 0.42 0.7 0.13 0.13 0.37
80 960 18.06054780776032 1 0 0.00045 0.23 0.0011 0.42 0.42 0.7 0.13 0.13 0.37
81 972 17.464592427494818 1 0 0.00045 0.23 0.0011 0.42 0.42 0.7 0.13 0.13 0.37
82 984 18.87809100502319 1 0 0.00045 0.23 0.0011 0.42 0.42 0.7 0.13 0.13 0.37
83 996 20.011792327138036 1 0 0.00045 0.23 0.0011 0.42 0.42 0.7 0.13 0.13 0.37
84 1008 20.201645318930122 1 0 0.00045 0.23 0.0011 0.42 0.42 0.7 0.13 0.13 0.37
85 1020 21.490358483621115 1 0 0.00045 0.23 0.0011 0.42 0.42 0.7 0.13 0.13 0.37
86 1032 21.433162266854374 1 0 0.00045 0.23 0.0011 0.42 0.42 0.7 0.13 0.13 0.37
87 1044 22.108524492569387 1 0 0.00045 0.23 0.0011 0.42 0.42 0.7 0.13 0.13 0.37
88 1056 24.197021159028875 1 0 0.00045 0.23 0.0011 0.42 0.42 0.7 0.13 0.13 0.37
89 1068 26.034089367212 1 0 0.00045 0.23 0.0011 0.42 0.42 0.7 0.13 0.13 0.37
90 1080 27.562476578119753 1 0 0.00045 0.23 0.0011 0.42 0.42 0.7 0.13 0.13 0.37
91 1092 30.329970755486222 1 0 0.00045 0.23 0.0011 0.42 0.42 0.7 0.13 0.13 0.37
92 1104 31.23245139953609 1 0 0.00045 0.23 0.0011 0.42 0.42 0.7 0.13 0.13 0.37
93 1116 31.00866267145411 1 0 0.00045 0.23 0.0011 0.42 0.42 0.7 0.13 0.13 0.37
94 1128 30.67829356344041 1 0 0.00045 0.23 0.0011 0.42 0.42 0.7 0.13 0.13 0.37
95 1140 30.409046782368254 1 0 0.00045 0.23 0.0011 0.42 0.42 0.7 0.13 0.13 0.37
96 1152 29.777197420461622 1 0 0.00045 0.23 0.0011 0.42 0.42 0.7 0.13 0.13 0.37
97 1164 28.427205638539974 1 0 0.00045 0.23 0.0011 0.42 0.42 0.7 0.13 0.13 0.37
98 1176 25.68175329933938 1 0 0.00045 0.23 0.0011 0.42 0.42 0.7 0.13 0.13 0.37
99 1188 24.97269296972298 1 0 0.00045 0.23 0.0011 0.42 0.42 0.7 0.13 0.13 0.37
100 1200 23.544495891437915 1 0 0.00045 0.23 0.0011 0.42 0.42 0.7 0.13 0.13 0.37
101 1212 26.214540652333273 1 0 0.00045 0.23 0.0011 0.42 0.42 0.7 0.13 0.13 0.37
102 1224 26.80441801291365 1 0 0.00045 0.23 0.0011 0.42 0.42 0.7 0.13 0.13 0.37
103 1236 27.08735932429078 1 0 0.00045 0.23 0.0011 0.42 0.42 0.7 0.13 0.13 0.37
104 1248 26.718551094515128 1 0 0.00045 0.23 0.0011 0.42 0.42 0.7 0.13 0.13 0.37
105 1260 25.75605881260632 1 0 0.00045 0.23 0.0011 0.42 0.42 0.7 0.13 0.13 0.37
106 1272 25.727658543616247 1 0 0.00045 0.23 0.0011 0.42 0.42 0.7 0.13 0.13 0.37
107 1284 27.52679673491307 1 0 0.00045 0.23 0.0011 0.42 0.42 0.7 0.13 0.13 0.37
108 1296 30.986683183353644 1 0 0.00045 0.23 0.0011 0.42 0.42 0.7 0.13 0.13 0.37
109 1308 33.32992394800067 1 0 0.00045 0.23 0.0011 0.42 0.42 0.7 0.13 0.13 0.37
