% # columns="iteration, evaluation, min 25%tile 75%tile max correlation, correlation matrix principal axes lengths  (sorted square roots of eigenvalues of correlation matrix)", seed=111105, Fri Apr 10 06:28:37 2026
1 12 -0.06984654455272843 -0.016896814306354473 0.02200238415574474 0.06036246368630996 0.9047683351011807 0.9611853670929477 0.9648495367389532 0.9956725664087123 1.0034012709497109 1.0115026141379835 1.0203264528611118 1.0375778990885236 1.0897856880156707
2 24 -0.16530855914711806 -0.05180467231786856 0.0433012022445574 0.10837832345015833 0.9047683351011807 0.9611853670929477 0.9648495367389532 0.9956725664087123 1.0034012709497109 1.0115026141379835 1.0203264528611118 1.0375778990885236 1.0897856880156707
3 36 -0.2612415818562209 -0.055158534439944035 0.06011860466904193 0.14987517323966607 0.9047683351011807 0.9611853670929477 0.9648495367389532 0.9956725664087123 1.0034012709497109 1.0115026141379835 1.0203264528611118 1.0375778990885236 1.0897856880156707
4 48 -0.3438636497958778 -0.07011867556548083 0.07164412507141102 0.19749967989415118 0.9047683351011807 0.9611853670929477 0.9648495367389532 0.9956725664087123 1.0034012709497109 1.0115026141379835 1.0203264528611118 1.0375778990885236 1.0897856880156707
5 60 -0.3842858425025291 -0.07301372739824787 0.08086266506369352 0.19886047338940455 0.9047683351011807 0.9611853670929477 0.9648495367389532 0.9956725664087123 1.0034012709497109 1.0115026141379835 1.0203264528611118 1.0375778990885236 1.0897856880156707
6 72 -0.3911630534708145 -0.07613143128656716 0.07256268071181868 0.21660486750496238 0.9047683351011807 0.9611853670929477 0.9648495367389532 0.9956725664087123 1.0034012709497109 1.0115026141379835 1.0203264528611118 1.0375778990885236 1.0897856880156707
7 84 -0.37527908306097907 -0.07639002952973126 0.05910006077532817 0.28598087128065647 0.9047683351011807 0.9611853670929477 0.9648495367389532 0.9956725664087123 1.0034012709497109 1.0115026141379835 1.0203264528611118 1.0375778990885236 1.0897856880156707
8 96 -0.3067012961748738 -0.0965966350893644 0.060000565896174876 0.30396666020306295 0.9047683351011807 0.9611853670929477 0.9648495367389532 0.9956725664087123 1.0034012709497109 1.0115026141379835 1.0203264528611118 1.0375778990885236 1.0897856880156707
9 108 -0.324883804574553 -0.09269271424905237 0.0795973984762434 0.3180774841494722 0.9047683351011807 0.9611853670929477 0.9648495367389532 0.9956725664087123 1.0034012709497109 1.0115026141379835 1.0203264528611118 1.0375778990885236 1.0897856880156707
10 120 -0.37985776452240383 -0.09067108664707516 0.08839296427284349 0.2965990743833233 0.6654037597627633 0.7596656794206232 0.8439060504702537 0.8968989044995817 0.9559176008394488 0.9966636028924662 1.1323785578002188 1.2259026153009194 1.3309040565715309
11 132 -0.35587337811024655 -0.09346286424506431 0.09091827485720072 0.28434745228945985 0.6654037597627633 0.7596656794206232 0.8439060504702537 0.8968989044995817 0.9559176008394488 0.9966636028924662 1.1323785578002188 1.2259026153009194 1.3309040565715309
12 144 -0.3436486144080655 -0.08987022761553806 0.11732955721142597 0.3141543808466409 0.6654037597627633 0.7596656794206232 0.8439060504702537 0.8968989044995817 0.9559176008394488 0.9966636028924662 1.1323785578002188 1.2259026153009194 1.3309040565715309
13 156 -0.35111084411099935 -0.08843455156782651 0.12887968868098587 0.2958662132467602 0.6654037597627633 0.7596656794206232 0.8439060504702537 0.8968989044995817 0.9559176008394488 0.9966636028924662 1.1323785578002188 1.2259026153009194 1.3309040565715309
14 168 -0.35480180672454703 -0.1141002665770525 0.1269331851926998 0.3537098265613262 0.6654037597627633 0.7596656794206232 0.8439060504702537 0.8968989044995817 0.9559176008394488 0.9966636028924662 1.1323785578002188 1.2259026153009194 1.3309040565715309
15 180 -0.30459955962609353 -0.09827216955388052 0.10781173022008285 0.3732790593762876 0.6654037597627633 0.7596656794206232 0.8439060504702537 0.8968989044995817 0.9559176008394488 0.9966636028924662 1.1323785578002188 1.2259026153009194 1.3309040565715309
16 192 -0.363880641243655 -0.11339492892895672 0.13424354593164986 0.3949619607778088 0.6654037597627633 0.7596656794206232 0.8439060504702537 0.8968989044995817 0.9559176008394488 0.9966636028924662 1.1323785578002188 1.2259026153009194 1.3309040565715309
17 204 -0.37872336863500494 -0.12257062768660681 0.11911679096752956 0.40231287273512084 0.6654037597627633 0.7596656794206232 0.8439060504702537 0.8968989044995817 0.9559176008394488 0.9966636028924662 1.1323785578002188 1.2259026153009194 1.3309040565715309
18 216 -0.39377912070186255 -0.13106548991293587 0.10844719489852733 0.3883191004149936 0.6654037597627633 0.7596656794206232 0.8439060504702537 0.8968989044995817 0.9559176008394488 0.9966636028924662 1.1323785578002188 1.2259026153009194 1.3309040565715309
19 228 -0.3725962827990925 -0.1103459885488388 0.11818572842328104 0.4473150672517518 0.6805396121315733 0.6939638418872324 0.7965293042897624 0.8229105008827745 0.8508779485040484 1.0035554193599467 1.140444023288871 1.177111196208286 1.5252276210277802
20 240 -0.33593336228118115 -0.0984969633750377 0.14136556417868135 0.40660361045308235 0.6805396121315733 0.6939638418872324 0.7965293042897624 0.8229105008827745 0.8508779485040484 1.0035554193599467 1.140444023288871 1.177111196208286 1.5252276210277802
21 252 -0.3782422239684452 -0.10694262282306018 0.14709258182050874 0.41895325034273356 0.6805396121315733 0.6939638418872324 0.7965293042897624 0.8229105008827745 0.8508779485040484 1.0035554193599467 1.140444023288871 1.177111196208286 1.5252276210277802
22 264 -0.34118624955601945 -0.10572257315291875 0.14387267892064293 0.3843060887698404 0.6805396121315733 0.6939638418872324 0.7965293042897624 0.8229105008827745 0.8508779485040484 1.0035554193599467 1.140444023288871 1.177111196208286 1.5252276210277802
23 276 -0.34957844088291773 -0.09584172126078741 0.15956160416485204 0.385262001189797 0.6805396121315733 0.6939638418872324 0.7965293042897624 0.8229105008827745 0.8508779485040484 1.0035554193599467 1.140444023288871 1.177111196208286 1.5252276210277802
24 288 -0.306387657177819 -0.1133735650969359 0.1929234502337136 0.38368555583227365 0.6805396121315733 0.6939638418872324 0.7965293042897624 0.8229105008827745 0.8508779485040484 1.0035554193599467 1.140444023288871 1.177111196208286 1.5252276210277802
25 300 -0.32191626584727906 -0.11682995993446305 0.20072947026227816 0.38000126102543397 0.6805396121315733 0.6939638418872324 0.7965293042897624 0.8229105008827745 0.8508779485040484 1.0035554193599467 1.140444023288871 1.177111196208286 1.5252276210277802
26 312 -0.35047773117747283 -0.14990935929688853 0.23444737634491442 0.3737998256888771 0.6805396121315733 0.6939638418872324 0.7965293042897624 0.8229105008827745 0.8508779485040484 1.0035554193599467 1.140444023288871 1.177111196208286 1.5252276210277802
27 324 -0.3529216514800717 -0.1509234215378095 0.18275541368158355 0.4347146796843965 0.6805396121315733 0.6939638418872324 0.7965293042897624 0.8229105008827745 0.8508779485040484 1.0035554193599467 1.140444023288871 1.177111196208286 1.5252276210277802
28 336 -0.3538487922920082 -0.15114707301438407 0.17612060396006043 0.4488362956244047 0.6209706642232526 0.6618687980216403 0.7408499480433999 0.7559661510306526 0.8231876247015513 1.0197700554127735 1.1437516346134997 1.376146531941942 1.4616654032042595
29 348 -0.36767130406429493 -0.13552937405624332 0.20563909323106871 0.44997664599406073 0.6209706642232526 0.6618687980216403 0.7408499480433999 0.7559661510306526 0.8231876247015513 1.0197700554127735 1.1437516346134997 1.376146531941942 1.4616654032042595
30 360 -0.3870273273923519 -0.14600554482222594 0.22124343379880057 0.47900934406556506 0.6209706642232526 0.6618687980216403 0.7408499480433999 0.7559661510306526 0.8231876247015513 1.0197700554127735 1.1437516346134997 1.376146531941942 1.4616654032042595
31 372 -0.3424196241896362 -0.14784123558208917 0.21739615586996186 0.47499841673682414 0.6209706642232526 0.6618687980216403 0.7408499480433999 0.7559661510306526 0.8231876247015513 1.0197700554127735 1.1437516346134997 1.376146531941942 1.4616654032042595
32 384 -0.3685849261990645 -0.14911064516814754 0.23110743160166675 0.532770594640303 0.6209706642232526 0.6618687980216403 0.7408499480433999 0.7559661510306526 0.8231876247015513 1.0197700554127735 1.1437516346134997 1.376146531941942 1.4616654032042595
33 396 -0.36918997053461167 -0.16289205016327213 0.2553358494332496 0.5543614109991533 0.6209706642232526 0.6618687980216403 0.7408499480433999 0.7559661510306526 0.8231876247015513 1.0197700554127735 1.1437516346134997 1.376146531941942 1.4616654032042595
34 408 -0.3920949922401013 -0.1534648772323169 0.23277395014184515 0.5806621040494299 0.6209706642232526 0.6618687980216403 0.7408499480433999 0.7559661510306526 0.8231876247015513 1.0197700554127735 1.1437516346134997 1.376146531941942 1.4616654032042595
35 420 -0.42757238323023616 -0.15456843311286556 0.23491456838094021 0.6323240042844324 0.6209706642232526 0.6618687980216403 0.7408499480433999 0.7559661510306526 0.8231876247015513 1.0197700554127735 1.1437516346134997 1.376146531941942 1.4616654032042595
36 432 -0.4530846340466411 -0.13651209248784976 0.2642093424933887 0.6482107135223196 0.6209706642232526 0.6618687980216403 0.7408499480433999 0.7559661510306526 0.8231876247015513 1.0197700554127735 1.1437516346134997 1.376146531941942 1.4616654032042595
37 444 -0.4652925573856825 -0.0929075321335575 0.21319803630930617 0.6318968816546424 0.4971358946467209 0.5569022161831367 0.6437946234829317 0.7229136553293459 0.8806926991915116 1.0199948727278312 1.1613473790117617 1.4524912118894393 1.4937109919335505
38 456 -0.47806913658484906 -0.08482978229988122 0.19326060114301358 0.6678407972604096 0.4971358946467209 0.5569022161831367 0.6437946234829317 0.7229136553293459 0.8806926991915116 1.0199948727278312 1.1613473790117617 1.4524912118894393 1.4937109919335505
39 468 -0.49946484270896985 -0.08121144407665926 0.19832829329426604 0.669827165371862 0.4971358946467209 0.5569022161831367 0.6437946234829317 0.7229136553293459 0.8806926991915116 1.0199948727278312 1.1613473790117617 1.4524912118894393 1.4937109919335505
40 480 -0.4959013721197919 -0.0712336596563366 0.18781398712952252 0.6675871777206392 0.4971358946467209 0.5569022161831367 0.6437946234829317 0.7229136553293459 0.8806926991915116 1.0199948727278312 1.1613473790117617 1.4524912118894393 1.4937109919335505
41 492 -0.51647029254576 -0.08878876649187392 0.20659763599369907 0.6685427129638846 0.4971358946467209 0.5569022161831367 0.6437946234829317 0.7229136553293459 0.8806926991915116 1.0199948727278312 1.1613473790117617 1.4524912118894393 1.4937109919335505
42 504 -0.5323146349124996 -0.11190233056950369 0.22299762390398886 0.6884059008406113 0.4971358946467209 0.5569022161831367 0.6437946234829317 0.7229136553293459 0.8806926991915116 1.0199948727278312 1.1613473790117617 1.4524912118894393 1.4937109919335505
43 516 -0.49815088012224135 -0.09945697755027073 0.20573655480626912 0.6934424469697064 0.4971358946467209 0.5569022161831367 0.6437946234829317 0.7229136553293459 0.8806926991915116 1.0199948727278312 1.1613473790117617 1.4524912118894393 1.4937109919335505
44 528 -0.5117470651291018 -0.12987988503875586 0.17630942256894522 0.7068560051490129 0.4971358946467209 0.5569022161831367 0.6437946234829317 0.7229136553293459 0.8806926991915116 1.0199948727278312 1.1613473790117617 1.4524912118894393 1.4937109919335505
45 540 -0.49662864925006045 -0.13614609353679655 0.17269182086200854 0.7180156807711513 0.4971358946467209 0.5569022161831367 0.6437946234829317 0.7229136553293459 0.8806926991915116 1.0199948727278312 1.1613473790117617 1.4524912118894393 1.4937109919335505
46 552 -0.5185878222122621 -0.14991503817682716 0.20648621081390003 0.7282180000387769 0.4210364298322601 0.5309926404745292 0.6684663172411411 0.693191086502491 0.9025541739608653 1.0032019716631204 1.1223802235271094 1.2989128580552463 1.6868561968806315
47 564 -0.5562820495437604 -0.16898180804121488 0.2094884184725037 0.7415487177808574 0.4210364298322601 0.5309926404745292 0.6684663172411411 0.693191086502491 0.9025541739608653 1.0032019716631204 1.1223802235271094 1.2989128580552463 1.6868561968806315
48 576 -0.543589789127504 -0.16281518232054693 0.21535162740169153 0.7332255887312862 0.4210364298322601 0.5309926404745292 0.6684663172411411 0.693191086502491 0.9025541739608653 1.0032019716631204 1.1223802235271094 1.2989128580552463 1.6868561968806315
49 588 -0.5341412457993476 -0.1480922172255955 0.251140434363819 0.7331526425963438 0.4210364298322601 0.5309926404745292 0.6684663172411411 0.693191086502491 0.9025541739608653 1.0032019716631204 1.1223802235271094 1.2989128580552463 1.6868561968806315
50 600 -0.5099341995111875 -0.14704212534685737 0.23868015397311987 0.7529592322029524 0.4210364298322601 0.5309926404745292 0.6684663172411411 0.693191086502491 0.9025541739608653 1.0032019716631204 1.1223802235271094 1.2989128580552463 1.6868561968806315
51 612 -0.5163102854984583 -0.1394274602226065 0.21444026521139498 0.7493465542141144 0.4210364298322601 0.5309926404745292 0.6684663172411411 0.693191086502491 0.9025541739608653 1.0032019716631204 1.1223802235271094 1.2989128580552463 1.6868561968806315
52 624 -0.5625771361974797 -0.14181317216534606 0.21535173011873507 0.7495288737064215 0.4210364298322601 0.5309926404745292 0.6684663172411411 0.693191086502491 0.9025541739608653 1.0032019716631204 1.1223802235271094 1.2989128580552463 1.6868561968806315
53 636 -0.5402724524036844 -0.13893152839856537 0.20959265325591903 0.7379239280452142 0.4210364298322601 0.5309926404745292 0.6684663172411411 0.693191086502491 0.9025541739608653 1.0032019716631204 1.1223802235271094 1.2989128580552463 1.6868561968806315
54 648 -0.5117514085680501 -0.10787600290129454 0.17717662878268498 0.7277282400749439 0.4210364298322601 0.5309926404745292 0.6684663172411411 0.693191086502491 0.9025541739608653 1.0032019716631204 1.1223802235271094 1.2989128580552463 1.6868561968806315
55 660 -0.5188841125453452 -0.10546003833726328 0.18080442336285735 0.7574091676300583 0.39974999819028234 0.5605643171844362 0.6462838634315045 0.7043457990563369 0.8841742124605771 0.9854437179904616 1.1811180047271188 1.4078513852723258 1.5755104331787935
56 672 -0.5220155716527 -0.13881468228513844 0.18829424714345327 0.7634425115795089 0.39974999819028234 0.5605643171844362 0.6462838634315045 0.7043457990563369 0.8841742124605771 0.9854437179904616 1.1811180047271188 1.4078513852723258 1.5755104331787935
57 684 -0.5474319019795044 -0.18045776495254778 0.21985301261946577 0.7769376988301214 0.39974999819028234 0.5605643171844362 0.6462838634315045 0.7043457990563369 0.8841742124605771 0.9854437179904616 1.1811180047271188 1.4078513852723258 1.5755104331787935
58 696 -0.594454955257628 -0.208083504632355 0.18863106805190621 0.7420745861878091 0.39974999819028234 0.5605643171844362 0.6462838634315045 0.7043457990563369 0.8841742124605771 0.9854437179904616 1.1811180047271188 1.4078513852723258 1.5755104331787935
59 708 -0.6125547470943361 -0.2300869221737789 0.18499542885620174 0.7511534541501529 0.39974999819028234 0.5605643171844362 0.6462838634315045 0.7043457990563369 0.8841742124605771 0.9854437179904616 1.1811180047271188 1.4078513852723258 1.5755104331787935
60 720 -0.6399501609108075 -0.20689989565778838 0.19149268498507294 0.7351809150610327 0.39974999819028234 0.5605643171844362 0.6462838634315045 0.7043457990563369 0.8841742124605771 0.9854437179904616 1.1811180047271188 1.4078513852723258 1.5755104331787935
61 732 -0.623890998261832 -0.18903862123873796 0.1886169193656833 0.7417584385912576 0.39974999819028234 0.5605643171844362 0.6462838634315045 0.7043457990563369 0.8841742124605771 0.9854437179904616 1.1811180047271188 1.4078513852723258 1.5755104331787935
62 744 -0.6399047617860536 -0.21631337667219896 0.2007963844816913 0.7567762729442646 0.39974999819028234 0.5605643171844362 0.6462838634315045 0.7043457990563369 0.8841742124605771 0.9854437179904616 1.1811180047271188 1.4078513852723258 1.5755104331787935
63 756 -0.6267341332725848 -0.213225570427185 0.19609450608644743 0.772441768342562 0.39974999819028234 0.5605643171844362 0.6462838634315045 0.7043457990563369 0.8841742124605771 0.9854437179904616 1.1811180047271188 1.4078513852723258 1.5755104331787935
64 768 -0.6066956747591948 -0.21898542476535648 0.2003537876894294 0.7921254976102542 0.33168587856208226 0.5662410856046782 0.6242286269858314 0.6575250267394848 0.7984226701435343 0.9807968544446527 1.2636961751126914 1.3389095023205566 1.660815180299113
65 780 -0.6262385641051508 -0.24131773427520575 0.21207726412622074 0.7902973270819071 0.33168587856208226 0.5662410856046782 0.6242286269858314 0.6575250267394848 0.7984226701435343 0.9807968544446527 1.2636961751126914 1.3389095023205566 1.660815180299113
66 792 -0.6080593366096378 -0.23452346461939047 0.20059995431586586 0.7904930997793687 0.33168587856208226 0.5662410856046782 0.6242286269858314 0.6575250267394848 0.7984226701435343 0.9807968544446527 1.2636961751126914 1.3389095023205566 1.660815180299113
67 804 -0.6172642828112965 -0.22485628034639835 0.20002381739748287 0.7838436786780668 0.33168587856208226 0.5662410856046782 0.6242286269858314 0.6575250267394848 0.7984226701435343 0.9807968544446527 1.2636961751126914 1.3389095023205566 1.660815180299113
68 816 -0.6290781120957081 -0.23477100275988882 0.1976388609190069 0.7855580315389493 0.33168587856208226 0.5662410856046782 0.6242286269858314 0.6575250267394848 0.7984226701435343 0.9807968544446527 1.2636961751126914 1.3389095023205566 1.660815180299113
69 828 -0.6496831859415507 -0.2701702359905517 0.24002502119402108 0.7677175278635167 0.33168587856208226 0.5662410856046782 0.6242286269858314 0.6575250267394848 0.7984226701435343 0.9807968544446527 1.2636961751126914 1.3389095023205566 1.660815180299113
70 840 -0.6402764744027178 -0.2814924579976291 0.21902700543053286 0.7696511280016102 0.33168587856208226 0.5662410856046782 0.6242286269858314 0.6575250267394848 0.7984226701435343 0.9807968544446527 1.2636961751126914 1.3389095023205566 1.660815180299113
71 852 -0.6542585941772274 -0.2842187596935385 0.23716237310646374 0.7857736388069931 0.33168587856208226 0.5662410856046782 0.6242286269858314 0.6575250267394848 0.7984226701435343 0.9807968544446527 1.2636961751126914 1.3389095023205566 1.660815180299113
72 864 -0.6708114525409195 -0.28791862806525137 0.23753067457673077 0.7983018758430698 0.33168587856208226 0.5662410856046782 0.6242286269858314 0.6575250267394848 0.7984226701435343 0.9807968544446527 1.2636961751126914 1.3389095023205566 1.660815180299113
73 876 -0.7183966322043843 -0.25809666358070066 0.25427785103880307 0.8031893951154891 0.3386621428114638 0.4843378430725407 0.5880577048911682 0.6378676429806822 0.7249253673399301 0.994589163179259 1.1819052570093338 1.3753091130153676 1.7592436522365578
74 888 -0.7324830378556153 -0.2855488790021923 0.27206563059523325 0.8158675399415214 0.3386621428114638 0.4843378430725407 0.5880577048911682 0.6378676429806822 0.7249253673399301 0.994589163179259 1.1819052570093338 1.3753091130153676 1.7592436522365578
75 900 -0.732632506976288 -0.27485103060595395 0.26683377823888027 0.8161295458574226 0.3386621428114638 0.4843378430725407 0.5880577048911682 0.6378676429806822 0.7249253673399301 0.994589163179259 1.1819052570093338 1.3753091130153676 1.7592436522365578
76 912 -0.7153033898445109 -0.30452040267929426 0.2411861394288114 0.8248801508658243 0.3386621428114638 0.4843378430725407 0.5880577048911682 0.6378676429806822 0.7249253673399301 0.994589163179259 1.1819052570093338 1.3753091130153676 1.7592436522365578
77 924 -0.6763735598838208 -0.25751569923068096 0.19554242321844512 0.8026588432093958 0.3386621428114638 0.4843378430725407 0.5880577048911682 0.6378676429806822 0.7249253673399301 0.994589163179259 1.1819052570093338 1.3753091130153676 1.7592436522365578
78 936 -0.671775277610662 -0.24900171236737867 0.19769066465411428 0.8148163368115935 0.3386621428114638 0.4843378430725407 0.5880577048911682 0.6378676429806822 0.7249253673399301 0.994589163179259 1.1819052570093338 1.3753091130153676 1.7592436522365578
79 948 -0.6348412350517982 -0.2660633399222734 0.18507420493182652 0.8201520860868105 0.3386621428114638 0.4843378430725407 0.5880577048911682 0.6378676429806822 0.7249253673399301 0.994589163179259 1.1819052570093338 1.3753091130153676 1.7592436522365578
80 960 -0.5803250785385056 -0.2194063465745244 0.1924847537534135 0.8299569839753483 0.3386621428114638 0.4843378430725407 0.5880577048911682 0.6378676429806822 0.7249253673399301 0.994589163179259 1.1819052570093338 1.3753091130153676 1.7592436522365578
81 972 -0.6138728622425479 -0.20312037114059267 0.19677011505269343 0.8376022789992899 0.3386621428114638 0.4843378430725407 0.5880577048911682 0.6378676429806822 0.7249253673399301 0.994589163179259 1.1819052570093338 1.3753091130153676 1.7592436522365578
82 984 -0.5963883366911157 -0.20653242840596342 0.17826511853163207 0.8509468053423898 0.32999065676743716 0.5069695919746482 0.5230763385362083 0.6474215943585603 0.6962632298938009 0.9744172736985995 1.2595029220549738 1.5153507744818029 1.620005349839639
83 996 -0.6138923929779323 -0.1962000594729244 0.1677405544335086 0.8746737442279986 0.32999065676743716 0.5069695919746482 0.5230763385362083 0.6474215943585603 0.6962632298938009 0.9744172736985995 1.2595029220549738 1.5153507744818029 1.620005349839639
84 1008 -0.5968809267727889 -0.20595821089758515 0.13174871109038316 0.874479309722076 0.32999065676743716 0.5069695919746482 0.5230763385362083 0.6474215943585603 0.6962632298938009 0.9744172736985995 1.2595029220549738 1.5153507744818029 1.620005349839639
85 1020 -0.5777888511743869 -0.23336084873828736 0.14727330028392882 0.878580512686182 0.32999065676743716 0.5069695919746482 0.5230763385362083 0.6474215943585603 0.6962632298938009 0.9744172736985995 1.2595029220549738 1.5153507744818029 1.620005349839639
86 1032 -0.555240369129751 -0.22335753685366105 0.14619095617654346 0.8772394912012375 0.32999065676743716 0.5069695919746482 0.5230763385362083 0.6474215943585603 0.6962632298938009 0.9744172736985995 1.2595029220549738 1.5153507744818029 1.620005349839639
87 1044 -0.5665166797732394 -0.22439151363602888 0.1124326370775993 0.8814874724040395 0.32999065676743716 0.5069695919746482 0.5230763385362083 0.6474215943585603 0.6962632298938009 0.9744172736985995 1.2595029220549738 1.5153507744818029 1.620005349839639
88 1056 -0.5127844883390684 -0.2298653734492382 0.1133391856249939 0.8886005797767526 0.32999065676743716 0.5069695919746482 0.5230763385362083 0.6474215943585603 0.6962632298938009 0.9744172736985995 1.2595029220549738 1.5153507744818029 1.620005349839639
89 1068 -0.5420653353105513 -0.2550111065822944 0.1374855551868687 0.8877088859272744 0.32999065676743716 0.5069695919746482 0.5230763385362083 0.6474215943585603 0.6962632298938009 0.9744172736985995 1.2595029220549738 1.5153507744818029 1.620005349839639
90 1080 -0.5326478383362273 -0.23939045316754926 0.12970835668488373 0.8881601730457218 0.32999065676743716 0.5069695919746482 0.5230763385362083 0.6474215943585603 0.6962632298938009 0.9744172736985995 1.2595029220549738 1.5153507744818029 1.620005349839639
91 1092 -0.53224804958719 -0.2233211538504285 0.14373582466702217 0.8937033192091796 0.26795445573399923 0.45083570556010166 0.4977489498637106 0.651056790514739 0.7247451265372918 1.0126053037841036 1.1809291296472042 1.4714627655052828 1.7154874920761247
92 1104 -0.5528802087699068 -0.2343211454046401 0.1482562255102261 0.907216289936445 0.26795445573399923 0.45083570556010166 0.4977489498637106 0.651056790514739 0.7247451265372918 1.0126053037841036 1.1809291296472042 1.4714627655052828 1.7154874920761247
93 1116 -0.5355895956670297 -0.22154071646151702 0.1261231834650391 0.9124506636183146 0.26795445573399923 0.45083570556010166 0.4977489498637106 0.651056790514739 0.7247451265372918 1.0126053037841036 1.1809291296472042 1.4714627655052828 1.7154874920761247
94 1128 -0.5459766257998727 -0.19441687404097252 0.11937613375471251 0.9139079772314702 0.26795445573399923 0.45083570556010166 0.4977489498637106 0.651056790514739 0.7247451265372918 1.0126053037841036 1.1809291296472042 1.4714627655052828 1.7154874920761247
95 1140 -0.5471821346151772 -0.20823626617008353 0.13834483917544116 0.910740230421547 0.26795445573399923 0.45083570556010166 0.4977489498637106 0.651056790514739 0.7247451265372918 1.0126053037841036 1.1809291296472042 1.4714627655052828 1.7154874920761247
96 1152 -0.5300791795290924 -0.20638230634404303 0.16367171786366475 0.9041250669105684 0.26795445573399923 0.45083570556010166 0.4977489498637106 0.651056790514739 0.7247451265372918 1.0126053037841036 1.1809291296472042 1.4714627655052828 1.7154874920761247
97 1164 -0.5167514852837024 -0.21233516070825398 0.1838609402509114 0.9172680643562027 0.26795445573399923 0.45083570556010166 0.4977489498637106 0.651056790514739 0.7247451265372918 1.0126053037841036 1.1809291296472042 1.4714627655052828 1.7154874920761247
98 1176 -0.5289343906074374 -0.2036894059826952 0.16587428071371524 0.9117175133122666 0.26795445573399923 0.45083570556010166 0.4977489498637106 0.651056790514739 0.7247451265372918 1.0126053037841036 1.1809291296472042 1.4714627655052828 1.7154874920761247
99 1188 -0.549985920625878 -0.23943323175688877 0.23314831889774465 0.9134854249604364 0.26795445573399923 0.45083570556010166 0.4977489498637106 0.651056790514739 0.7247451265372918 1.0126053037841036 1.1809291296472042 1.4714627655052828 1.7154874920761247
100 1200 -0.5622509941456952 -0.26431169300973045 0.2093194660361763 0.9160530457634474 0.2602882257180428 0.43146087936111455 0.5003459026290626 0.6700853467819984 0.7599673544122668 0.9621538239953243 1.1327907935090504 1.3985074932080095 1.8178015853400569
101 1212 -0.5722135593095912 -0.23745676562458937 0.2139263367432357 0.9221730215319762 0.2602882257180428 0.43146087936111455 0.5003459026290626 0.6700853467819984 0.7599673544122668 0.9621538239953243 1.1327907935090504 1.3985074932080095 1.8178015853400569
102 1224 -0.5643387409625723 -0.21976462317057743 0.2094838122923768 0.9259401281013494 0.2602882257180428 0.43146087936111455 0.5003459026290626 0.6700853467819984 0.7599673544122668 0.9621538239953243 1.1327907935090504 1.3985074932080095 1.8178015853400569
103 1236 -0.5504806743445895 -0.21615313138341777 0.25365093700672814 0.9219456845983187 0.2602882257180428 0.43146087936111455 0.5003459026290626 0.6700853467819984 0.7599673544122668 0.9621538239953243 1.1327907935090504 1.3985074932080095 1.8178015853400569
104 1248 -0.6277087731532721 -0.21528166053101064 0.23588518477495204 0.9159256342965036 0.2602882257180428 0.43146087936111455 0.5003459026290626 0.6700853467819984 0.7599673544122668 0.9621538239953243 1.1327907935090504 1.3985074932080095 1.8178015853400569
105 1260 -0.638613292120707 -0.15166440370417428 0.2143445403173047 0.9168480148964427 0.2602882257180428 0.43146087936111455 0.5003459026290626 0.6700853467819984 0.7599673544122668 0.9621538239953243 1.1327907935090504 1.3985074932080095 1.8178015853400569
106 1272 -0.642617352934027 -0.14183627676086136 0.23565893946472852 0.9187243907166271 0.2602882257180428 0.43146087936111455 0.5003459026290626 0.6700853467819984 0.7599673544122668 0.9621538239953243 1.1327907935090504 1.3985074932080095 1.8178015853400569
107 1284 -0.6442033385097041 -0.16073074978859325 0.22594822863166336 0.9207645566237216 0.2602882257180428 0.43146087936111455 0.5003459026290626 0.6700853467819984 0.7599673544122668 0.9621538239953243 1.1327907935090504 1.3985074932080095 1.8178015853400569
108 1296 -0.6543524639070184 -0.1821880610763372 0.21732932199665617 0.920950971401383 0.2602882257180428 0.43146087936111455 0.5003459026290626 0.6700853467819984 0.7599673544122668 0.9621538239953243 1.1327907935090504 1.3985074932080095 1.8178015853400569
109 1308 -0.6477893413912708 -0.20113157873262444 0.21151480401339845 0.9212201081666689 0.2278316219383583 0.3687316462290231 0.4886434970376567 0.6163623732457716 0.6963470623543414 0.8983367312288716 1.1359536425852517 1.3662083298291843 1.9351048266804511
