% # columns="iteration, evaluation, min 25%tile 75%tile max correlation, correlation matrix principal axes lengths  (sorted square roots of eigenvalues of correlation matrix)", seed=49380, Wed Apr  8 22:58:19 2026
1 12 -0.05958180383627426 -0.02230263477104579 0.021427910411063462 0.06612403068734833 0.8991973506208913 0.9605550606200305 0.9776558772661991 0.99805486690515 1.0041132286944798 1.0047531213140781 1.0220255139876726 1.048235505640511 1.075056989694314
2 24 -0.12649578702313286 -0.02694888587208534 0.049299804590079585 0.11893914536472604 0.8991973506208913 0.9605550606200305 0.9776558772661991 0.99805486690515 1.0041132286944798 1.0047531213140781 1.0220255139876726 1.048235505640511 1.075056989694314
3 36 -0.1344780836573235 -0.06905875039306898 0.0482048479747738 0.1368881435242167 0.8991973506208913 0.9605550606200305 0.9776558772661991 0.99805486690515 1.0041132286944798 1.0047531213140781 1.0220255139876726 1.048235505640511 1.075056989694314
4 48 -0.16440364751233538 -0.0603320916151697 0.06716892727273568 0.23128507721730285 0.8991973506208913 0.9605550606200305 0.9776558772661991 0.99805486690515 1.0041132286944798 1.0047531213140781 1.0220255139876726 1.048235505640511 1.075056989694314
5 60 -0.20677762897852564 -0.05245631122868828 0.08266468548758414 0.27693262810054725 0.8991973506208913 0.9605550606200305 0.9776558772661991 0.99805486690515 1.0041132286944798 1.0047531213140781 1.0220255139876726 1.048235505640511 1.075056989694314
6 72 -0.2545815724601154 -0.07385853352500597 0.09510009616834644 0.3494152900899846 0.8991973506208913 0.9605550606200305 0.9776558772661991 0.99805486690515 1.0041132286944798 1.0047531213140781 1.0220255139876726 1.048235505640511 1.075056989694314
7 84 -0.27609660908980027 -0.05918667826306103 0.10426937899422284 0.3717943498218144 0.8991973506208913 0.9605550606200305 0.9776558772661991 0.99805486690515 1.0041132286944798 1.0047531213140781 1.0220255139876726 1.048235505640511 1.075056989694314
8 96 -0.27044169412681723 -0.0974596899970693 0.14396995121312103 0.3853648663668503 0.8991973506208913 0.9605550606200305 0.9776558772661991 0.99805486690515 1.0041132286944798 1.0047531213140781 1.0220255139876726 1.048235505640511 1.075056989694314
9 108 -0.31824135186274977 -0.11293386128311161 0.1470926988384592 0.3731992242630914 0.8991973506208913 0.9605550606200305 0.9776558772661991 0.99805486690515 1.0041132286944798 1.0047531213140781 1.0220255139876726 1.048235505640511 1.075056989694314
10 120 -0.3155172629998276 -0.09207254115836147 0.12292193016488309 0.4037115117136481 0.6829641597356807 0.7523386030216277 0.8195353888781662 0.8817301772269239 0.9570633763106593 1.051608426962552 1.0782311267362876 1.1438716194885004 1.4232304765552304
11 132 -0.31486971385279566 -0.09098263835531493 0.1257935641709368 0.47110751635373915 0.6829641597356807 0.7523386030216277 0.8195353888781662 0.8817301772269239 0.9570633763106593 1.051608426962552 1.0782311267362876 1.1438716194885004 1.4232304765552304
12 144 -0.2989125249720074 -0.09180776573571667 0.11845269108233218 0.48266226425496134 0.6829641597356807 0.7523386030216277 0.8195353888781662 0.8817301772269239 0.9570633763106593 1.051608426962552 1.0782311267362876 1.1438716194885004 1.4232304765552304
13 156 -0.309516026877111 -0.0979919698296366 0.10300401270281333 0.43776077593265816 0.6829641597356807 0.7523386030216277 0.8195353888781662 0.8817301772269239 0.9570633763106593 1.051608426962552 1.0782311267362876 1.1438716194885004 1.4232304765552304
14 168 -0.2819459302985806 -0.1075762278892823 0.14653875334240302 0.4578270740378189 0.6829641597356807 0.7523386030216277 0.8195353888781662 0.8817301772269239 0.9570633763106593 1.051608426962552 1.0782311267362876 1.1438716194885004 1.4232304765552304
15 180 -0.28027415709242826 -0.1385245974147009 0.1432661771082715 0.48872439307466864 0.6829641597356807 0.7523386030216277 0.8195353888781662 0.8817301772269239 0.9570633763106593 1.051608426962552 1.0782311267362876 1.1438716194885004 1.4232304765552304
16 192 -0.31268433587452504 -0.12200733279528109 0.15447614124474085 0.5484565639442216 0.6829641597356807 0.7523386030216277 0.8195353888781662 0.8817301772269239 0.9570633763106593 1.051608426962552 1.0782311267362876 1.1438716194885004 1.4232304765552304
17 204 -0.3294988510399475 -0.13328491048904487 0.14495821042629137 0.6177901220541192 0.6829641597356807 0.7523386030216277 0.8195353888781662 0.8817301772269239 0.9570633763106593 1.051608426962552 1.0782311267362876 1.1438716194885004 1.4232304765552304
18 216 -0.34267806610956575 -0.09421763260141833 0.17268593630918067 0.6451875006451495 0.6829641597356807 0.7523386030216277 0.8195353888781662 0.8817301772269239 0.9570633763106593 1.051608426962552 1.0782311267362876 1.1438716194885004 1.4232304765552304
19 228 -0.3376990493439029 -0.11455712595357408 0.18240141064685184 0.6682301100636768 0.46722348501750927 0.6853501492840063 0.7198670024788092 0.8823832543775512 0.9525979633564807 0.9921682769115369 1.08324960561689 1.321160667118803 1.4847399412520932
20 240 -0.3012369592301181 -0.10881136968948403 0.16257890124515736 0.6859331467297543 0.46722348501750927 0.6853501492840063 0.7198670024788092 0.8823832543775512 0.9525979633564807 0.9921682769115369 1.08324960561689 1.321160667118803 1.4847399412520932
21 252 -0.32365894506158793 -0.09430513556935906 0.18057544206081116 0.7070791720701702 0.46722348501750927 0.6853501492840063 0.7198670024788092 0.8823832543775512 0.9525979633564807 0.9921682769115369 1.08324960561689 1.321160667118803 1.4847399412520932
22 264 -0.32047071929204834 -0.08318786069321618 0.174388422451992 0.7452288060296616 0.46722348501750927 0.6853501492840063 0.7198670024788092 0.8823832543775512 0.9525979633564807 0.9921682769115369 1.08324960561689 1.321160667118803 1.4847399412520932
23 276 -0.32175856372440664 -0.0849656412363852 0.19461006526404737 0.7296053615306749 0.46722348501750927 0.6853501492840063 0.7198670024788092 0.8823832543775512 0.9525979633564807 0.9921682769115369 1.08324960561689 1.321160667118803 1.4847399412520932
24 288 -0.3564224957017089 -0.0848742890776687 0.18100484451366608 0.7331737373080004 0.46722348501750927 0.6853501492840063 0.7198670024788092 0.8823832543775512 0.9525979633564807 0.9921682769115369 1.08324960561689 1.321160667118803 1.4847399412520932
25 300 -0.42169527151804426 -0.09967366871353907 0.17541175598103637 0.73800231774048 0.46722348501750927 0.6853501492840063 0.7198670024788092 0.8823832543775512 0.9525979633564807 0.9921682769115369 1.08324960561689 1.321160667118803 1.4847399412520932
26 312 -0.45454919191917736 -0.08992790091831064 0.15580171991373606 0.7376580706572774 0.46722348501750927 0.6853501492840063 0.7198670024788092 0.8823832543775512 0.9525979633564807 0.9921682769115369 1.08324960561689 1.321160667118803 1.4847399412520932
27 324 -0.49313877632271125 -0.0895873807080164 0.1813431744441526 0.7779359986650668 0.46722348501750927 0.6853501492840063 0.7198670024788092 0.8823832543775512 0.9525979633564807 0.9921682769115369 1.08324960561689 1.321160667118803 1.4847399412520932
28 336 -0.49763768877216846 -0.09080083053282623 0.17945317018330192 0.7966056006086867 0.321850044584121 0.6809432608535507 0.7372490131993736 0.8028636703720554 0.931998892750092 1.007469793928383 1.0605590580746558 1.3641851617318035 1.5411679501967557
29 348 -0.48739510292614696 -0.08527529373371001 0.19039111885924986 0.818134173011932 0.321850044584121 0.6809432608535507 0.7372490131993736 0.8028636703720554 0.931998892750092 1.007469793928383 1.0605590580746558 1.3641851617318035 1.5411679501967557
30 360 -0.48734816523017394 -0.12339636622687482 0.16880645380617149 0.8215898493013549 0.321850044584121 0.6809432608535507 0.7372490131993736 0.8028636703720554 0.931998892750092 1.007469793928383 1.0605590580746558 1.3641851617318035 1.5411679501967557
31 372 -0.48361241294043367 -0.13895041420369142 0.1692039830730479 0.8490549775689044 0.321850044584121 0.6809432608535507 0.7372490131993736 0.8028636703720554 0.931998892750092 1.007469793928383 1.0605590580746558 1.3641851617318035 1.5411679501967557
32 384 -0.4708477809206653 -0.1403291054535648 0.1820339975800968 0.8650449630365521 0.321850044584121 0.6809432608535507 0.7372490131993736 0.8028636703720554 0.931998892750092 1.007469793928383 1.0605590580746558 1.3641851617318035 1.5411679501967557
33 396 -0.5001017494817801 -0.14381678033199452 0.14157788706612429 0.8770139743802635 0.321850044584121 0.6809432608535507 0.7372490131993736 0.8028636703720554 0.931998892750092 1.007469793928383 1.0605590580746558 1.3641851617318035 1.5411679501967557
34 408 -0.5057970343977637 -0.14523248682467477 0.1657475506952471 0.8846401442366321 0.321850044584121 0.6809432608535507 0.7372490131993736 0.8028636703720554 0.931998892750092 1.007469793928383 1.0605590580746558 1.3641851617318035 1.5411679501967557
35 420 -0.526510927955433 -0.10422919610987211 0.1577484451532869 0.8974357800018826 0.321850044584121 0.6809432608535507 0.7372490131993736 0.8028636703720554 0.931998892750092 1.007469793928383 1.0605590580746558 1.3641851617318035 1.5411679501967557
36 432 -0.568041934647268 -0.12221399842643085 0.15494949715319342 0.9031012036065986 0.321850044584121 0.6809432608535507 0.7372490131993736 0.8028636703720554 0.931998892750092 1.007469793928383 1.0605590580746558 1.3641851617318035 1.5411679501967557
37 444 -0.6006290032509826 -0.12314526585621796 0.15538592486029013 0.9104583421545164 0.1738802041772618 0.6024806243529143 0.7477501349551829 0.8388299136734318 0.9103723687870893 0.9817587997307401 1.1405872009047404 1.4324159671106327 1.482779156541784
38 456 -0.6255766102788929 -0.1296693330080368 0.1654054231450511 0.9139955589582508 0.1738802041772618 0.6024806243529143 0.7477501349551829 0.8388299136734318 0.9103723687870893 0.9817587997307401 1.1405872009047404 1.4324159671106327 1.482779156541784
39 468 -0.6424350220722526 -0.1509974726393397 0.17622272801967243 0.9132872500082388 0.1738802041772618 0.6024806243529143 0.7477501349551829 0.8388299136734318 0.9103723687870893 0.9817587997307401 1.1405872009047404 1.4324159671106327 1.482779156541784
40 480 -0.6932834827547955 -0.17583135481495113 0.1588600138383341 0.912752088872021 0.1738802041772618 0.6024806243529143 0.7477501349551829 0.8388299136734318 0.9103723687870893 0.9817587997307401 1.1405872009047404 1.4324159671106327 1.482779156541784
41 492 -0.6953463927998664 -0.1621432271302785 0.17619395054595333 0.9061077172713788 0.1738802041772618 0.6024806243529143 0.7477501349551829 0.8388299136734318 0.9103723687870893 0.9817587997307401 1.1405872009047404 1.4324159671106327 1.482779156541784
42 504 -0.7567784739586028 -0.22120626028046442 0.20217242113441442 0.910253317739289 0.1738802041772618 0.6024806243529143 0.7477501349551829 0.8388299136734318 0.9103723687870893 0.9817587997307401 1.1405872009047404 1.4324159671106327 1.482779156541784
43 516 -0.7909701344687239 -0.23672149961898903 0.23605202453568178 0.9025893757282009 0.1738802041772618 0.6024806243529143 0.7477501349551829 0.8388299136734318 0.9103723687870893 0.9817587997307401 1.1405872009047404 1.4324159671106327 1.482779156541784
44 528 -0.8022963853960806 -0.2395050760760949 0.24465254681013351 0.9014018813430802 0.1738802041772618 0.6024806243529143 0.7477501349551829 0.8388299136734318 0.9103723687870893 0.9817587997307401 1.1405872009047404 1.4324159671106327 1.482779156541784
45 540 -0.811106745440746 -0.24718969246036482 0.22843316435595462 0.9009802524938741 0.1738802041772618 0.6024806243529143 0.7477501349551829 0.8388299136734318 0.9103723687870893 0.9817587997307401 1.1405872009047404 1.4324159671106327 1.482779156541784
46 552 -0.8147643185059101 -0.2437766637277658 0.23631911314923565 0.9062142086459444 0.10403702195082301 0.40617434392724644 0.6027633337989778 0.7476317351328108 0.8698498859772037 0.98716498103947 1.1418394267544971 1.3138251040913387 1.772245651113821
47 564 -0.8399498029617292 -0.25252557669957315 0.24539359149452644 0.9023587152607296 0.10403702195082301 0.40617434392724644 0.6027633337989778 0.7476317351328108 0.8698498859772037 0.98716498103947 1.1418394267544971 1.3138251040913387 1.772245651113821
48 576 -0.8482072380810746 -0.27855345298738954 0.23440796079677284 0.9077630399185961 0.10403702195082301 0.40617434392724644 0.6027633337989778 0.7476317351328108 0.8698498859772037 0.98716498103947 1.1418394267544971 1.3138251040913387 1.772245651113821
49 588 -0.8629545640759846 -0.27376274527069744 0.21144164128663184 0.9118663624477 0.10403702195082301 0.40617434392724644 0.6027633337989778 0.7476317351328108 0.8698498859772037 0.98716498103947 1.1418394267544971 1.3138251040913387 1.772245651113821
50 600 -0.8689708431887642 -0.2667619086200036 0.2066905428664639 0.9125852650772421 0.10403702195082301 0.40617434392724644 0.6027633337989778 0.7476317351328108 0.8698498859772037 0.98716498103947 1.1418394267544971 1.3138251040913387 1.772245651113821
51 612 -0.8867182143382524 -0.30537997459201205 0.23209156402821918 0.9161192878872536 0.10403702195082301 0.40617434392724644 0.6027633337989778 0.7476317351328108 0.8698498859772037 0.98716498103947 1.1418394267544971 1.3138251040913387 1.772245651113821
52 624 -0.8971711621570709 -0.3107954223675323 0.2505783991249842 0.9207524730731542 0.10403702195082301 0.40617434392724644 0.6027633337989778 0.7476317351328108 0.8698498859772037 0.98716498103947 1.1418394267544971 1.3138251040913387 1.772245651113821
53 636 -0.9120865013364339 -0.31763558813636283 0.2624816585514457 0.9208667654552791 0.10403702195082301 0.40617434392724644 0.6027633337989778 0.7476317351328108 0.8698498859772037 0.98716498103947 1.1418394267544971 1.3138251040913387 1.772245651113821
54 648 -0.9075664964379403 -0.325673577264855 0.25312220894555926 0.9270850557180386 0.10403702195082301 0.40617434392724644 0.6027633337989778 0.7476317351328108 0.8698498859772037 0.98716498103947 1.1418394267544971 1.3138251040913387 1.772245651113821
55 660 -0.8993974280028731 -0.3012033916076514 0.24025693372919332 0.9270970828324003 0.07732277038989888 0.28835090750155734 0.5573691158667256 0.7650473771357359 0.8239774432200707 1.0310127208379467 1.0401669736994907 1.3683444247883774 1.8217237077142605
56 672 -0.9111099922371649 -0.3015031297923637 0.23542572977210227 0.9286541800245649 0.07732277038989888 0.28835090750155734 0.5573691158667256 0.7650473771357359 0.8239774432200707 1.0310127208379467 1.0401669736994907 1.3683444247883774 1.8217237077142605
57 684 -0.9174888051945223 -0.2713084548652409 0.2603635539148497 0.9311270382316414 0.07732277038989888 0.28835090750155734 0.5573691158667256 0.7650473771357359 0.8239774432200707 1.0310127208379467 1.0401669736994907 1.3683444247883774 1.8217237077142605
58 696 -0.9249540327517489 -0.24314291093868995 0.2756117191662517 0.9260848962503273 0.07732277038989888 0.28835090750155734 0.5573691158667256 0.7650473771357359 0.8239774432200707 1.0310127208379467 1.0401669736994907 1.3683444247883774 1.8217237077142605
59 708 -0.9278241438097306 -0.2553229053420671 0.27772046629647357 0.924226857616022 0.07732277038989888 0.28835090750155734 0.5573691158667256 0.7650473771357359 0.8239774432200707 1.0310127208379467 1.0401669736994907 1.3683444247883774 1.8217237077142605
60 720 -0.9455456843602372 -0.2820668403784489 0.3160107743435112 0.921356305567458 0.07732277038989888 0.28835090750155734 0.5573691158667256 0.7650473771357359 0.8239774432200707 1.0310127208379467 1.0401669736994907 1.3683444247883774 1.8217237077142605
61 732 -0.9508654287123619 -0.24053520105838985 0.284845741281388 0.913436414754061 0.07732277038989888 0.28835090750155734 0.5573691158667256 0.7650473771357359 0.8239774432200707 1.0310127208379467 1.0401669736994907 1.3683444247883774 1.8217237077142605
62 744 -0.9532531426871709 -0.2455838673953331 0.23828170277751065 0.9154340222461085 0.07732277038989888 0.28835090750155734 0.5573691158667256 0.7650473771357359 0.8239774432200707 1.0310127208379467 1.0401669736994907 1.3683444247883774 1.8217237077142605
63 756 -0.9543293763564118 -0.22614581411957785 0.20253816848167144 0.911183040376217 0.07732277038989888 0.28835090750155734 0.5573691158667256 0.7650473771357359 0.8239774432200707 1.0310127208379467 1.0401669736994907 1.3683444247883774 1.8217237077142605
64 768 -0.9581266520758739 -0.2437918615903677 0.2049048798501688 0.9062846889602455 0.0828609194000605 0.17547642468187147 0.5136428320919635 0.7085298437450547 0.7680612129939777 1.0738643745295406 1.2543499154100968 1.4136649613364147 1.697513928953484
65 780 -0.9628371791183326 -0.24143514387246973 0.20592174233262672 0.9015738340445089 0.0828609194000605 0.17547642468187147 0.5136428320919635 0.7085298437450547 0.7680612129939777 1.0738643745295406 1.2543499154100968 1.4136649613364147 1.697513928953484
66 792 -0.9600770515599054 -0.300479319489527 0.2020277971268419 0.8914743862860581 0.0828609194000605 0.17547642468187147 0.5136428320919635 0.7085298437450547 0.7680612129939777 1.0738643745295406 1.2543499154100968 1.4136649613364147 1.697513928953484
67 804 -0.9608742701332192 -0.2990205420303255 0.19325692424030289 0.8917252089064265 0.0828609194000605 0.17547642468187147 0.5136428320919635 0.7085298437450547 0.7680612129939777 1.0738643745295406 1.2543499154100968 1.4136649613364147 1.697513928953484
68 816 -0.9624109346238393 -0.30286065409236984 0.18843510862865295 0.9085036688238599 0.0828609194000605 0.17547642468187147 0.5136428320919635 0.7085298437450547 0.7680612129939777 1.0738643745295406 1.2543499154100968 1.4136649613364147 1.697513928953484
69 828 -0.9617512655101488 -0.297815621039164 0.15955769137806325 0.9101571493065918 0.0828609194000605 0.17547642468187147 0.5136428320919635 0.7085298437450547 0.7680612129939777 1.0738643745295406 1.2543499154100968 1.4136649613364147 1.697513928953484
70 840 -0.9623553140694667 -0.2642172014916711 0.1571997635991827 0.9097071498881371 0.0828609194000605 0.17547642468187147 0.5136428320919635 0.7085298437450547 0.7680612129939777 1.0738643745295406 1.2543499154100968 1.4136649613364147 1.697513928953484
71 852 -0.9596381613045417 -0.23405129109821968 0.12070173281947466 0.9119594802441185 0.0828609194000605 0.17547642468187147 0.5136428320919635 0.7085298437450547 0.7680612129939777 1.0738643745295406 1.2543499154100968 1.4136649613364147 1.697513928953484
72 864 -0.9585729545855546 -0.2482208984485857 0.134008180089011 0.9183183336197149 0.0828609194000605 0.17547642468187147 0.5136428320919635 0.7085298437450547 0.7680612129939777 1.0738643745295406 1.2543499154100968 1.4136649613364147 1.697513928953484
73 876 -0.9555322598139652 -0.22870829418441802 0.1571922549564023 0.9143843477785489 0.06816793977068326 0.14904843064353002 0.4272607944500628 0.656286057010323 0.8089423456351733 1.0096169102903734 1.1564115860552688 1.5676150097910402 1.7004281586761671
74 888 -0.9547574630097437 -0.23566557758807755 0.17642331649176754 0.9196828241789914 0.06816793977068326 0.14904843064353002 0.4272607944500628 0.656286057010323 0.8089423456351733 1.0096169102903734 1.1564115860552688 1.5676150097910402 1.7004281586761671
75 900 -0.9578020352555721 -0.23801657506654364 0.17554948610412832 0.9217934040544496 0.06816793977068326 0.14904843064353002 0.4272607944500628 0.656286057010323 0.8089423456351733 1.0096169102903734 1.1564115860552688 1.5676150097910402 1.7004281586761671
76 912 -0.9556764878136432 -0.2541570608842284 0.1936329408987444 0.9323308697520294 0.06816793977068326 0.14904843064353002 0.4272607944500628 0.656286057010323 0.8089423456351733 1.0096169102903734 1.1564115860552688 1.5676150097910402 1.7004281586761671
77 924 -0.9532317149920193 -0.2739201948680792 0.17163479391913794 0.9427470256034858 0.06816793977068326 0.14904843064353002 0.4272607944500628 0.656286057010323 0.8089423456351733 1.0096169102903734 1.1564115860552688 1.5676150097910402 1.7004281586761671
78 936 -0.9520798620646982 -0.29338348458848595 0.16458227469304654 0.9370163002544958 0.06816793977068326 0.14904843064353002 0.4272607944500628 0.656286057010323 0.8089423456351733 1.0096169102903734 1.1564115860552688 1.5676150097910402 1.7004281586761671
79 948 -0.9503978290927282 -0.295984092638368 0.17663128403960984 0.9371999644838944 0.06816793977068326 0.14904843064353002 0.4272607944500628 0.656286057010323 0.8089423456351733 1.0096169102903734 1.1564115860552688 1.5676150097910402 1.7004281586761671
80 960 -0.9534661539494558 -0.29843684735927684 0.181799841538884 0.9312979905288107 0.06816793977068326 0.14904843064353002 0.4272607944500628 0.656286057010323 0.8089423456351733 1.0096169102903734 1.1564115860552688 1.5676150097910402 1.7004281586761671
81 972 -0.9528064764279431 -0.30331991229105315 0.18963408726277384 0.937112419639106 0.06816793977068326 0.14904843064353002 0.4272607944500628 0.656286057010323 0.8089423456351733 1.0096169102903734 1.1564115860552688 1.5676150097910402 1.7004281586761671
82 984 -0.9553733049551937 -0.30151131209858606 0.20158104367738672 0.943661103851152 0.06214929613846388 0.13194531368035292 0.4299071688966849 0.5818749667345414 0.6439452022304216 0.9329923665220919 1.168951531399387 1.5427018739319358 1.8503546455606967
83 996 -0.9580930113280884 -0.30592145267185167 0.2032958984787797 0.9492515752449321 0.06214929613846388 0.13194531368035292 0.4299071688966849 0.5818749667345414 0.6439452022304216 0.9329923665220919 1.168951531399387 1.5427018739319358 1.8503546455606967
84 1008 -0.9566805143061575 -0.30525116151396586 0.19802360656728624 0.9472091386314438 0.06214929613846388 0.13194531368035292 0.4299071688966849 0.5818749667345414 0.6439452022304216 0.9329923665220919 1.168951531399387 1.5427018739319358 1.8503546455606967
85 1020 -0.9562001271033079 -0.2981118088289 0.20153187256974578 0.9474642918728672 0.06214929613846388 0.13194531368035292 0.4299071688966849 0.5818749667345414 0.6439452022304216 0.9329923665220919 1.168951531399387 1.5427018739319358 1.8503546455606967
86 1032 -0.9488982330644888 -0.30687563685841457 0.20575487840486456 0.9474559058508952 0.06214929613846388 0.13194531368035292 0.4299071688966849 0.5818749667345414 0.6439452022304216 0.9329923665220919 1.168951531399387 1.5427018739319358 1.8503546455606967
87 1044 -0.9509072653822541 -0.31982614671529686 0.19329243684590114 0.9455056118006238 0.06214929613846388 0.13194531368035292 0.4299071688966849 0.5818749667345414 0.6439452022304216 0.9329923665220919 1.168951531399387 1.5427018739319358 1.8503546455606967
88 1056 -0.9513323643006837 -0.326169890700409 0.2152395933615991 0.9508437149129522 0.06214929613846388 0.13194531368035292 0.4299071688966849 0.5818749667345414 0.6439452022304216 0.9329923665220919 1.168951531399387 1.5427018739319358 1.8503546455606967
89 1068 -0.9521446097938603 -0.3264122658968077 0.19386737379795754 0.9493957073889382 0.06214929613846388 0.13194531368035292 0.4299071688966849 0.5818749667345414 0.6439452022304216 0.9329923665220919 1.168951531399387 1.5427018739319358 1.8503546455606967
90 1080 -0.948663646305004 -0.3566345926507819 0.17277575590562405 0.9505462013745292 0.06214929613846388 0.13194531368035292 0.4299071688966849 0.5818749667345414 0.6439452022304216 0.9329923665220919 1.168951531399387 1.5427018739319358 1.8503546455606967
91 1092 -0.948511895766124 -0.3616232343293233 0.15354370490355812 0.9448500985042694 0.0626991693808849 0.1270734340856969 0.4301849957708323 0.5411494971794681 0.586489636346755 0.9554685534133017 1.1815789227685893 1.579853353702083 1.831137249794815
92 1104 -0.9511547231354496 -0.37596082026911354 0.19833498610128214 0.9490893651691401 0.0626991693808849 0.1270734340856969 0.4301849957708323 0.5411494971794681 0.586489636346755 0.9554685534133017 1.1815789227685893 1.579853353702083 1.831137249794815
93 1116 -0.9523034594141813 -0.35594749058359126 0.18196052109817196 0.955777643705039 0.0626991693808849 0.1270734340856969 0.4301849957708323 0.5411494971794681 0.586489636346755 0.9554685534133017 1.1815789227685893 1.579853353702083 1.831137249794815
94 1128 -0.9507864720837417 -0.3487510571315725 0.17238422666111136 0.9560555710940513 0.0626991693808849 0.1270734340856969 0.4301849957708323 0.5411494971794681 0.586489636346755 0.9554685534133017 1.1815789227685893 1.579853353702083 1.831137249794815
95 1140 -0.9492779629261968 -0.36156349811761046 0.18219961073010033 0.9618473081294725 0.0626991693808849 0.1270734340856969 0.4301849957708323 0.5411494971794681 0.586489636346755 0.9554685534133017 1.1815789227685893 1.579853353702083 1.831137249794815
96 1152 -0.9506473676909727 -0.3918607162022295 0.21922008902706025 0.9594830439764076 0.0626991693808849 0.1270734340856969 0.4301849957708323 0.5411494971794681 0.586489636346755 0.9554685534133017 1.1815789227685893 1.579853353702083 1.831137249794815
97 1164 -0.9496574839008414 -0.3871494935705396 0.1942853828308464 0.957119324240718 0.0626991693808849 0.1270734340856969 0.4301849957708323 0.5411494971794681 0.586489636346755 0.9554685534133017 1.1815789227685893 1.579853353702083 1.831137249794815
98 1176 -0.9531194879931175 -0.3432677281124046 0.20465667180679736 0.9556015234361523 0.0626991693808849 0.1270734340856969 0.4301849957708323 0.5411494971794681 0.586489636346755 0.9554685534133017 1.1815789227685893 1.579853353702083 1.831137249794815
99 1188 -0.9532458516924048 -0.3269724682298329 0.21443827542270633 0.9578350130161624 0.0626991693808849 0.1270734340856969 0.4301849957708323 0.5411494971794681 0.586489636346755 0.9554685534133017 1.1815789227685893 1.579853353702083 1.831137249794815
100 1200 -0.9559313320632344 -0.29683544862063527 0.20513425769953644 0.9600657423603733 0.059719758976060924 0.11615229018074179 0.42023412572431806 0.4500449498646227 0.5683436855803476 1.0119730154176834 1.2474551832777523 1.5678875167873256 1.800634718674225
101 1212 -0.9505525369753639 -0.36042305422549903 0.22002877742921637 0.9636205927732814 0.059719758976060924 0.11615229018074179 0.42023412572431806 0.4500449498646227 0.5683436855803476 1.0119730154176834 1.2474551832777523 1.5678875167873256 1.800634718674225
102 1224 -0.9512777753563124 -0.3645067502650207 0.23964542560032376 0.9661211950718313 0.059719758976060924 0.11615229018074179 0.42023412572431806 0.4500449498646227 0.5683436855803476 1.0119730154176834 1.2474551832777523 1.5678875167873256 1.800634718674225
103 1236 -0.9531487232556279 -0.3363909640830751 0.25064875522226204 0.9657662602859034 0.059719758976060924 0.11615229018074179 0.42023412572431806 0.4500449498646227 0.5683436855803476 1.0119730154176834 1.2474551832777523 1.5678875167873256 1.800634718674225
104 1248 -0.9495757744873908 -0.32710558056629296 0.24842454495929328 0.9677119411946236 0.059719758976060924 0.11615229018074179 0.42023412572431806 0.4500449498646227 0.5683436855803476 1.0119730154176834 1.2474551832777523 1.5678875167873256 1.800634718674225
105 1260 -0.9471042288333614 -0.31628419860116225 0.2611867708306266 0.9691390606346384 0.059719758976060924 0.11615229018074179 0.42023412572431806 0.4500449498646227 0.5683436855803476 1.0119730154176834 1.2474551832777523 1.5678875167873256 1.800634718674225
106 1272 -0.9448923841034914 -0.2953013162812431 0.2427754235569603 0.9691542574743574 0.059719758976060924 0.11615229018074179 0.42023412572431806 0.4500449498646227 0.5683436855803476 1.0119730154176834 1.2474551832777523 1.5678875167873256 1.800634718674225
107 1284 -0.9468731283981997 -0.2687184891223168 0.21733143378174832 0.96793236528646 0.059719758976060924 0.11615229018074179 0.42023412572431806 0.4500449498646227 0.5683436855803476 1.0119730154176834 1.2474551832777523 1.5678875167873256 1.800634718674225
108 1296 -0.9462958806075363 -0.27110142427555073 0.212220710219647 0.9670948982479202 0.059719758976060924 0.11615229018074179 0.42023412572431806 0.4500449498646227 0.5683436855803476 1.0119730154176834 1.2474551832777523 1.5678875167873256 1.800634718674225
109 1308 -0.941914129354613 -0.28002488757613425 0.23188569586919316 0.9694974756679892 0.05831142677712078 0.10885750086254514 0.3377008048263911 0.390609037248832 0.5313990032299681 0.9821140458233099 1.305615357085347 1.3973007406892477 1.952976919532659
