% # columns="iteration, evaluation, min 25%tile 75%tile max correlation, correlation matrix principal axes lengths  (sorted square roots of eigenvalues of correlation matrix)", seed=49380, Wed Apr  8 22:58:19 2026
1 12 -0.07093123187990057 -0.02727309805785714 0.023673089875184523 0.06492174645553533 0.9256763476807147 0.9480181086146675 0.9738894363538361 0.9899142156899187 0.9915353863353703 0.999013041379136 1.018749420817183 1.0367188345547744 1.1055262877380188
2 24 -0.07093123187990057 -0.02727309805785714 0.023673089875184523 0.06492174645553533 0.9256763476807147 0.9480181086146675 0.9738894363538361 0.9899142156899187 0.9915353863353703 0.999013041379136 1.018749420817183 1.0367188345547744 1.1055262877380188
3 36 -0.07093123187990057 -0.02727309805785714 0.023673089875184523 0.06492174645553533 0.9256763476807147 0.9480181086146675 0.9738894363538361 0.9899142156899187 0.9915353863353703 0.999013041379136 1.018749420817183 1.0367188345547744 1.1055262877380188
4 48 -0.07093123187990057 -0.02727309805785714 0.023673089875184523 0.06492174645553533 0.9256763476807147 0.9480181086146675 0.9738894363538361 0.9899142156899187 0.9915353863353703 0.999013041379136 1.018749420817183 1.0367188345547744 1.1055262877380188
5 60 -0.07093123187990057 -0.02727309805785714 0.023673089875184523 0.06492174645553533 0.9256763476807147 0.9480181086146675 0.9738894363538361 0.9899142156899187 0.9915353863353703 0.999013041379136 1.018749420817183 1.0367188345547744 1.1055262877380188
6 72 -0.07093123187990057 -0.02727309805785714 0.023673089875184523 0.06492174645553533 0.9256763476807147 0.9480181086146675 0.9738894363538361 0.9899142156899187 0.9915353863353703 0.999013041379136 1.018749420817183 1.0367188345547744 1.1055262877380188
7 84 -0.07093123187990057 -0.02727309805785714 0.023673089875184523 0.06492174645553533 0.9256763476807147 0.9480181086146675 0.9738894363538361 0.9899142156899187 0.9915353863353703 0.999013041379136 1.018749420817183 1.0367188345547744 1.1055262877380188
8 96 -0.07093123187990057 -0.02727309805785714 0.023673089875184523 0.06492174645553533 0.9256763476807147 0.9480181086146675 0.9738894363538361 0.9899142156899187 0.9915353863353703 0.999013041379136 1.018749420817183 1.0367188345547744 1.1055262877380188
9 108 -0.07093123187990057 -0.02727309805785714 0.023673089875184523 0.06492174645553533 0.9256763476807147 0.9480181086146675 0.9738894363538361 0.9899142156899187 0.9915353863353703 0.999013041379136 1.018749420817183 1.0367188345547744 1.1055262877380188
10 120 -0.3969145253288405 -0.11022807139045668 0.08370269369072522 0.30770816651543265 0.6298391523453057 0.7874597998464946 0.8569975091998605 0.8782407736817665 0.9928831479287403 1.0434111809200937 1.118042237570743 1.2089079022683735 1.3005604635685695
11 132 -0.3969145253288405 -0.11022807139045668 0.08370269369072522 0.30770816651543265 0.6298391523453057 0.7874597998464946 0.8569975091998605 0.8782407736817665 0.9928831479287403 1.0434111809200937 1.118042237570743 1.2089079022683735 1.3005604635685695
12 144 -0.3969145253288405 -0.11022807139045668 0.08370269369072522 0.30770816651543265 0.6298391523453057 0.7874597998464946 0.8569975091998605 0.8782407736817665 0.9928831479287403 1.0434111809200937 1.118042237570743 1.2089079022683735 1.3005604635685695
13 156 -0.3969145253288405 -0.11022807139045668 0.08370269369072522 0.30770816651543265 0.6298391523453057 0.7874597998464946 0.8569975091998605 0.8782407736817665 0.9928831479287403 1.0434111809200937 1.118042237570743 1.2089079022683735 1.3005604635685695
14 168 -0.3969145253288405 -0.11022807139045668 0.08370269369072522 0.30770816651543265 0.6298391523453057 0.7874597998464946 0.8569975091998605 0.8782407736817665 0.9928831479287403 1.0434111809200937 1.118042237570743 1.2089079022683735 1.3005604635685695
15 180 -0.3969145253288405 -0.11022807139045668 0.08370269369072522 0.30770816651543265 0.6298391523453057 0.7874597998464946 0.8569975091998605 0.8782407736817665 0.9928831479287403 1.0434111809200937 1.118042237570743 1.2089079022683735 1.3005604635685695
16 192 -0.3969145253288405 -0.11022807139045668 0.08370269369072522 0.30770816651543265 0.6298391523453057 0.7874597998464946 0.8569975091998605 0.8782407736817665 0.9928831479287403 1.0434111809200937 1.118042237570743 1.2089079022683735 1.3005604635685695
17 204 -0.3969145253288405 -0.11022807139045668 0.08370269369072522 0.30770816651543265 0.6298391523453057 0.7874597998464946 0.8569975091998605 0.8782407736817665 0.9928831479287403 1.0434111809200937 1.118042237570743 1.2089079022683735 1.3005604635685695
18 216 -0.3969145253288405 -0.11022807139045668 0.08370269369072522 0.30770816651543265 0.6298391523453057 0.7874597998464946 0.8569975091998605 0.8782407736817665 0.9928831479287403 1.0434111809200937 1.118042237570743 1.2089079022683735 1.3005604635685695
19 228 -0.702132888992034 -0.16185997207688402 0.11415698373194305 0.3209174537264653 0.48293338903314464 0.6107871748976572 0.8009698128154017 0.853425693351485 0.9074382602648949 0.9843833001034302 1.2180436256450835 1.2449362152739405 1.4825232483280568
20 240 -0.702132888992034 -0.16185997207688402 0.11415698373194305 0.3209174537264653 0.48293338903314464 0.6107871748976572 0.8009698128154017 0.853425693351485 0.9074382602648949 0.9843833001034302 1.2180436256450835 1.2449362152739405 1.4825232483280568
21 252 -0.702132888992034 -0.16185997207688402 0.11415698373194305 0.3209174537264653 0.48293338903314464 0.6107871748976572 0.8009698128154017 0.853425693351485 0.9074382602648949 0.9843833001034302 1.2180436256450835 1.2449362152739405 1.4825232483280568
22 264 -0.702132888992034 -0.16185997207688402 0.11415698373194305 0.3209174537264653 0.48293338903314464 0.6107871748976572 0.8009698128154017 0.853425693351485 0.9074382602648949 0.9843833001034302 1.2180436256450835 1.2449362152739405 1.4825232483280568
23 276 -0.702132888992034 -0.16185997207688402 0.11415698373194305 0.3209174537264653 0.48293338903314464 0.6107871748976572 0.8009698128154017 0.853425693351485 0.9074382602648949 0.9843833001034302 1.2180436256450835 1.2449362152739405 1.4825232483280568
24 288 -0.702132888992034 -0.16185997207688402 0.11415698373194305 0.3209174537264653 0.48293338903314464 0.6107871748976572 0.8009698128154017 0.853425693351485 0.9074382602648949 0.9843833001034302 1.2180436256450835 1.2449362152739405 1.4825232483280568
25 300 -0.702132888992034 -0.16185997207688402 0.11415698373194305 0.3209174537264653 0.48293338903314464 0.6107871748976572 0.8009698128154017 0.853425693351485 0.9074382602648949 0.9843833001034302 1.2180436256450835 1.2449362152739405 1.4825232483280568
26 312 -0.702132888992034 -0.16185997207688402 0.11415698373194305 0.3209174537264653 0.48293338903314464 0.6107871748976572 0.8009698128154017 0.853425693351485 0.9074382602648949 0.9843833001034302 1.2180436256450835 1.2449362152739405 1.4825232483280568
27 324 -0.702132888992034 -0.16185997207688402 0.11415698373194305 0.3209174537264653 0.48293338903314464 0.6107871748976572 0.8009698128154017 0.853425693351485 0.9074382602648949 0.9843833001034302 1.2180436256450835 1.2449362152739405 1.4825232483280568
28 336 -0.853779165513747 -0.13248305678212555 0.11032313687604826 0.5174090808657095 0.3382399740562292 0.5544169444079851 0.753405258993735 0.831215138448604 0.9002349632220745 1.0757825922263609 1.129076241876108 1.1699804594271315 1.6456849245475542
29 348 -0.853779165513747 -0.13248305678212555 0.11032313687604826 0.5174090808657095 0.3382399740562292 0.5544169444079851 0.753405258993735 0.831215138448604 0.9002349632220745 1.0757825922263609 1.129076241876108 1.1699804594271315 1.6456849245475542
30 360 -0.853779165513747 -0.13248305678212555 0.11032313687604826 0.5174090808657095 0.3382399740562292 0.5544169444079851 0.753405258993735 0.831215138448604 0.9002349632220745 1.0757825922263609 1.129076241876108 1.1699804594271315 1.6456849245475542
31 372 -0.853779165513747 -0.13248305678212555 0.11032313687604826 0.5174090808657095 0.3382399740562292 0.5544169444079851 0.753405258993735 0.831215138448604 0.9002349632220745 1.0757825922263609 1.129076241876108 1.1699804594271315 1.6456849245475542
32 384 -0.853779165513747 -0.13248305678212555 0.11032313687604826 0.5174090808657095 0.3382399740562292 0.5544169444079851 0.753405258993735 0.831215138448604 0.9002349632220745 1.0757825922263609 1.129076241876108 1.1699804594271315 1.6456849245475542
33 396 -0.853779165513747 -0.13248305678212555 0.11032313687604826 0.5174090808657095 0.3382399740562292 0.5544169444079851 0.753405258993735 0.831215138448604 0.9002349632220745 1.0757825922263609 1.129076241876108 1.1699804594271315 1.6456849245475542
34 408 -0.853779165513747 -0.13248305678212555 0.11032313687604826 0.5174090808657095 0.3382399740562292 0.5544169444079851 0.753405258993735 0.831215138448604 0.9002349632220745 1.0757825922263609 1.129076241876108 1.1699804594271315 1.6456849245475542
35 420 -0.853779165513747 -0.13248305678212555 0.11032313687604826 0.5174090808657095 0.3382399740562292 0.5544169444079851 0.753405258993735 0.831215138448604 0.9002349632220745 1.0757825922263609 1.129076241876108 1.1699804594271315 1.6456849245475542
36 432 -0.853779165513747 -0.13248305678212555 0.11032313687604826 0.5174090808657095 0.3382399740562292 0.5544169444079851 0.753405258993735 0.831215138448604 0.9002349632220745 1.0757825922263609 1.129076241876108 1.1699804594271315 1.6456849245475542
37 444 -0.9609284329729019 -0.20487835105538837 0.12951752820596105 0.6894555896937811 0.18195363318597033 0.5115105942652254 0.5875639050571448 0.703109280864361 0.8900335882438675 1.0131346028040957 1.0884022005748233 1.2209046796234313 1.8362534371424564
38 456 -0.9609284329729019 -0.20487835105538837 0.12951752820596105 0.6894555896937811 0.18195363318597033 0.5115105942652254 0.5875639050571448 0.703109280864361 0.8900335882438675 1.0131346028040957 1.0884022005748233 1.2209046796234313 1.8362534371424564
39 468 -0.9609284329729019 -0.20487835105538837 0.12951752820596105 0.6894555896937811 0.18195363318597033 0.5115105942652254 0.5875639050571448 0.703109280864361 0.8900335882438675 1.0131346028040957 1.0884022005748233 1.2209046796234313 1.8362534371424564
40 480 -0.9609284329729019 -0.20487835105538837 0.12951752820596105 0.6894555896937811 0.18195363318597033 0.5115105942652254 0.5875639050571448 0.703109280864361 0.8900335882438675 1.0131346028040957 1.0884022005748233 1.2209046796234313 1.8362534371424564
41 492 -0.9609284329729019 -0.20487835105538837 0.12951752820596105 0.6894555896937811 0.18195363318597033 0.5115105942652254 0.5875639050571448 0.703109280864361 0.8900335882438675 1.0131346028040957 1.0884022005748233 1.2209046796234313 1.8362534371424564
42 504 -0.9609284329729019 -0.20487835105538837 0.12951752820596105 0.6894555896937811 0.18195363318597033 0.5115105942652254 0.5875639050571448 0.703109280864361 0.8900335882438675 1.0131346028040957 1.0884022005748233 1.2209046796234313 1.8362534371424564
43 516 -0.9609284329729019 -0.20487835105538837 0.12951752820596105 0.6894555896937811 0.18195363318597033 0.5115105942652254 0.5875639050571448 0.703109280864361 0.8900335882438675 1.0131346028040957 1.0884022005748233 1.2209046796234313 1.8362534371424564
44 528 -0.9609284329729019 -0.20487835105538837 0.12951752820596105 0.6894555896937811 0.18195363318597033 0.5115105942652254 0.5875639050571448 0.703109280864361 0.8900335882438675 1.0131346028040957 1.0884022005748233 1.2209046796234313 1.8362534371424564
45 540 -0.9609284329729019 -0.20487835105538837 0.12951752820596105 0.6894555896937811 0.18195363318597033 0.5115105942652254 0.5875639050571448 0.703109280864361 0.8900335882438675 1.0131346028040957 1.0884022005748233 1.2209046796234313 1.8362534371424564
46 552 -0.9822999737943738 -0.2939727477173669 0.2814127038756533 0.8661334595239549 0.11123701362196887 0.3155521038683175 0.37145406058775376 0.4790236721310962 0.7484041498168221 1.022121437286996 1.037804527556662 1.255462178131874 2.06459363478488
47 564 -0.9822999737943738 -0.2939727477173669 0.2814127038756533 0.8661334595239549 0.11123701362196887 0.3155521038683175 0.37145406058775376 0.4790236721310962 0.7484041498168221 1.022121437286996 1.037804527556662 1.255462178131874 2.06459363478488
48 576 -0.9822999737943738 -0.2939727477173669 0.2814127038756533 0.8661334595239549 0.11123701362196887 0.3155521038683175 0.37145406058775376 0.4790236721310962 0.7484041498168221 1.022121437286996 1.037804527556662 1.255462178131874 2.06459363478488
49 588 -0.9822999737943738 -0.2939727477173669 0.2814127038756533 0.8661334595239549 0.11123701362196887 0.3155521038683175 0.37145406058775376 0.4790236721310962 0.7484041498168221 1.022121437286996 1.037804527556662 1.255462178131874 2.06459363478488
50 600 -0.9822999737943738 -0.2939727477173669 0.2814127038756533 0.8661334595239549 0.11123701362196887 0.3155521038683175 0.37145406058775376 0.4790236721310962 0.7484041498168221 1.022121437286996 1.037804527556662 1.255462178131874 2.06459363478488
51 612 -0.9822999737943738 -0.2939727477173669 0.2814127038756533 0.8661334595239549 0.11123701362196887 0.3155521038683175 0.37145406058775376 0.4790236721310962 0.7484041498168221 1.022121437286996 1.037804527556662 1.255462178131874 2.06459363478488
52 624 -0.9822999737943738 -0.2939727477173669 0.2814127038756533 0.8661334595239549 0.11123701362196887 0.3155521038683175 0.37145406058775376 0.4790236721310962 0.7484041498168221 1.022121437286996 1.037804527556662 1.255462178131874 2.06459363478488
53 636 -0.9822999737943738 -0.2939727477173669 0.2814127038756533 0.8661334595239549 0.11123701362196887 0.3155521038683175 0.37145406058775376 0.4790236721310962 0.7484041498168221 1.022121437286996 1.037804527556662 1.255462178131874 2.06459363478488
54 648 -0.9822999737943738 -0.2939727477173669 0.2814127038756533 0.8661334595239549 0.11123701362196887 0.3155521038683175 0.37145406058775376 0.4790236721310962 0.7484041498168221 1.022121437286996 1.037804527556662 1.255462178131874 2.06459363478488
55 660 -0.9898520555377972 -0.35246473690691094 0.29209239145058685 0.9196721770902705 0.08361580628317518 0.21573718640375872 0.3106915762536453 0.3434917072043869 0.6671345303843017 0.9644842864856363 1.1132603988512213 1.2013159329884653 2.161976629813081
56 672 -0.9898520555377972 -0.35246473690691094 0.29209239145058685 0.9196721770902705 0.08361580628317518 0.21573718640375872 0.3106915762536453 0.3434917072043869 0.6671345303843017 0.9644842864856363 1.1132603988512213 1.2013159329884653 2.161976629813081
57 684 -0.9898520555377972 -0.35246473690691094 0.29209239145058685 0.9196721770902705 0.08361580628317518 0.21573718640375872 0.3106915762536453 0.3434917072043869 0.6671345303843017 0.9644842864856363 1.1132603988512213 1.2013159329884653 2.161976629813081
58 696 -0.9898520555377972 -0.35246473690691094 0.29209239145058685 0.9196721770902705 0.08361580628317518 0.21573718640375872 0.3106915762536453 0.3434917072043869 0.6671345303843017 0.9644842864856363 1.1132603988512213 1.2013159329884653 2.161976629813081
59 708 -0.9898520555377972 -0.35246473690691094 0.29209239145058685 0.9196721770902705 0.08361580628317518 0.21573718640375872 0.3106915762536453 0.3434917072043869 0.6671345303843017 0.9644842864856363 1.1132603988512213 1.2013159329884653 2.161976629813081
60 720 -0.9898520555377972 -0.35246473690691094 0.29209239145058685 0.9196721770902705 0.08361580628317518 0.21573718640375872 0.3106915762536453 0.3434917072043869 0.6671345303843017 0.9644842864856363 1.1132603988512213 1.2013159329884653 2.161976629813081
61 732 -0.9898520555377972 -0.35246473690691094 0.29209239145058685 0.9196721770902705 0.08361580628317518 0.21573718640375872 0.3106915762536453 0.3434917072043869 0.6671345303843017 0.9644842864856363 1.1132603988512213 1.2013159329884653 2.161976629813081
62 744 -0.9898520555377972 -0.35246473690691094 0.29209239145058685 0.9196721770902705 0.08361580628317518 0.21573718640375872 0.3106915762536453 0.3434917072043869 0.6671345303843017 0.9644842864856363 1.1132603988512213 1.2013159329884653 2.161976629813081
63 756 -0.9898520555377972 -0.35246473690691094 0.29209239145058685 0.9196721770902705 0.08361580628317518 0.21573718640375872 0.3106915762536453 0.3434917072043869 0.6671345303843017 0.9644842864856363 1.1132603988512213 1.2013159329884653 2.161976629813081
64 768 -0.986918287745921 -0.4182789732558227 0.2989122393466567 0.9508495853011107 0.09450546859360356 0.1484573682083291 0.24819923397625884 0.35415811845420847 0.5269215290381213 0.9344834937451773 1.1543681967418227 1.1923927617455468 2.2083310811241437
65 780 -0.986918287745921 -0.4182789732558227 0.2989122393466567 0.9508495853011107 0.09450546859360356 0.1484573682083291 0.24819923397625884 0.35415811845420847 0.5269215290381213 0.9344834937451773 1.1543681967418227 1.1923927617455468 2.2083310811241437
66 792 -0.986918287745921 -0.4182789732558227 0.2989122393466567 0.9508495853011107 0.09450546859360356 0.1484573682083291 0.24819923397625884 0.35415811845420847 0.5269215290381213 0.9344834937451773 1.1543681967418227 1.1923927617455468 2.2083310811241437
67 804 -0.986918287745921 -0.4182789732558227 0.2989122393466567 0.9508495853011107 0.09450546859360356 0.1484573682083291 0.24819923397625884 0.35415811845420847 0.5269215290381213 0.9344834937451773 1.1543681967418227 1.1923927617455468 2.2083310811241437
68 816 -0.986918287745921 -0.4182789732558227 0.2989122393466567 0.9508495853011107 0.09450546859360356 0.1484573682083291 0.24819923397625884 0.35415811845420847 0.5269215290381213 0.9344834937451773 1.1543681967418227 1.1923927617455468 2.2083310811241437
69 828 -0.986918287745921 -0.4182789732558227 0.2989122393466567 0.9508495853011107 0.09450546859360356 0.1484573682083291 0.24819923397625884 0.35415811845420847 0.5269215290381213 0.9344834937451773 1.1543681967418227 1.1923927617455468 2.2083310811241437
70 840 -0.986918287745921 -0.4182789732558227 0.2989122393466567 0.9508495853011107 0.09450546859360356 0.1484573682083291 0.24819923397625884 0.35415811845420847 0.5269215290381213 0.9344834937451773 1.1543681967418227 1.1923927617455468 2.2083310811241437
71 852 -0.986918287745921 -0.4182789732558227 0.2989122393466567 0.9508495853011107 0.09450546859360356 0.1484573682083291 0.24819923397625884 0.35415811845420847 0.5269215290381213 0.9344834937451773 1.1543681967418227 1.1923927617455468 2.2083310811241437
72 864 -0.986918287745921 -0.4182789732558227 0.2989122393466567 0.9508495853011107 0.09450546859360356 0.1484573682083291 0.24819923397625884 0.35415811845420847 0.5269215290381213 0.9344834937451773 1.1543681967418227 1.1923927617455468 2.2083310811241437
73 876 -0.9897978928235031 -0.4926908519569889 0.3066448088995904 0.9656440496962186 0.08079361225163002 0.1156836377810487 0.20177002853620232 0.28939447408375457 0.4720993326326651 0.8233086557265397 1.1433420015210627 1.2134995865037443 2.274885113751893
74 888 -0.9897978928235031 -0.4926908519569889 0.3066448088995904 0.9656440496962186 0.08079361225163002 0.1156836377810487 0.20177002853620232 0.28939447408375457 0.4720993326326651 0.8233086557265397 1.1433420015210627 1.2134995865037443 2.274885113751893
75 900 -0.9897978928235031 -0.4926908519569889 0.3066448088995904 0.9656440496962186 0.08079361225163002 0.1156836377810487 0.20177002853620232 0.28939447408375457 0.4720993326326651 0.8233086557265397 1.1433420015210627 1.2134995865037443 2.274885113751893
76 912 -0.9897978928235031 -0.4926908519569889 0.3066448088995904 0.9656440496962186 0.08079361225163002 0.1156836377810487 0.20177002853620232 0.28939447408375457 0.4720993326326651 0.8233086557265397 1.1433420015210627 1.2134995865037443 2.274885113751893
77 924 -0.9897978928235031 -0.4926908519569889 0.3066448088995904 0.9656440496962186 0.08079361225163002 0.1156836377810487 0.20177002853620232 0.28939447408375457 0.4720993326326651 0.8233086557265397 1.1433420015210627 1.2134995865037443 2.274885113751893
78 936 -0.9897978928235031 -0.4926908519569889 0.3066448088995904 0.9656440496962186 0.08079361225163002 0.1156836377810487 0.20177002853620232 0.28939447408375457 0.4720993326326651 0.8233086557265397 1.1433420015210627 1.2134995865037443 2.274885113751893
79 948 -0.9897978928235031 -0.4926908519569889 0.3066448088995904 0.9656440496962186 0.08079361225163002 0.1156836377810487 0.20177002853620232 0.28939447408375457 0.4720993326326651 0.8233086557265397 1.1433420015210627 1.2134995865037443 2.274885113751893
80 960 -0.9897978928235031 -0.4926908519569889 0.3066448088995904 0.9656440496962186 0.08079361225163002 0.1156836377810487 0.20177002853620232 0.28939447408375457 0.4720993326326651 0.8233086557265397 1.1433420015210627 1.2134995865037443 2.274885113751893
81 972 -0.9897978928235031 -0.4926908519569889 0.3066448088995904 0.9656440496962186 0.08079361225163002 0.1156836377810487 0.20177002853620232 0.28939447408375457 0.4720993326326651 0.8233086557265397 1.1433420015210627 1.2134995865037443 2.274885113751893
82 984 -0.991739971658514 -0.3797398878197878 0.3737483742552329 0.9711381440734725 0.0695533341951329 0.11481638840671785 0.1846109522837717 0.31037761265304137 0.46291663695712754 0.9149599171571643 1.1444076689279623 1.3112520389149513 2.1842778622420185
83 996 -0.991739971658514 -0.3797398878197878 0.3737483742552329 0.9711381440734725 0.0695533341951329 0.11481638840671785 0.1846109522837717 0.31037761265304137 0.46291663695712754 0.9149599171571643 1.1444076689279623 1.3112520389149513 2.1842778622420185
84 1008 -0.991739971658514 -0.3797398878197878 0.3737483742552329 0.9711381440734725 0.0695533341951329 0.11481638840671785 0.1846109522837717 0.31037761265304137 0.46291663695712754 0.9149599171571643 1.1444076689279623 1.3112520389149513 2.1842778622420185
85 1020 -0.991739971658514 -0.3797398878197878 0.3737483742552329 0.9711381440734725 0.0695533341951329 0.11481638840671785 0.1846109522837717 0.31037761265304137 0.46291663695712754 0.9149599171571643 1.1444076689279623 1.3112520389149513 2.1842778622420185
86 1032 -0.991739971658514 -0.3797398878197878 0.3737483742552329 0.9711381440734725 0.0695533341951329 0.11481638840671785 0.1846109522837717 0.31037761265304137 0.46291663695712754 0.9149599171571643 1.1444076689279623 1.3112520389149513 2.1842778622420185
87 1044 -0.991739971658514 -0.3797398878197878 0.3737483742552329 0.9711381440734725 0.0695533341951329 0.11481638840671785 0.1846109522837717 0.31037761265304137 0.46291663695712754 0.9149599171571643 1.1444076689279623 1.3112520389149513 2.1842778622420185
88 1056 -0.991739971658514 -0.3797398878197878 0.3737483742552329 0.9711381440734725 0.0695533341951329 0.11481638840671785 0.1846109522837717 0.31037761265304137 0.46291663695712754 0.9149599171571643 1.1444076689279623 1.3112520389149513 2.1842778622420185
89 1068 -0.991739971658514 -0.3797398878197878 0.3737483742552329 0.9711381440734725 0.0695533341951329 0.11481638840671785 0.1846109522837717 0.31037761265304137 0.46291663695712754 0.9149599171571643 1.1444076689279623 1.3112520389149513 2.1842778622420185
90 1080 -0.991739971658514 -0.3797398878197878 0.3737483742552329 0.9711381440734725 0.0695533341951329 0.11481638840671785 0.1846109522837717 0.31037761265304137 0.46291663695712754 0.9149599171571643 1.1444076689279623 1.3112520389149513 2.1842778622420185
91 1092 -0.9926248026935509 -0.30830085412387837 0.36367401264015875 0.974352287631008 0.06996911501254921 0.11545707089237045 0.1766553382172795 0.3043612725085336 0.41586076531107025 0.9479316806767933 1.1154562568435322 1.4069781722260468 2.136021116373588
92 1104 -0.9926248026935509 -0.30830085412387837 0.36367401264015875 0.974352287631008 0.06996911501254921 0.11545707089237045 0.1766553382172795 0.3043612725085336 0.41586076531107025 0.9479316806767933 1.1154562568435322 1.4069781722260468 2.136021116373588
93 1116 -0.9926248026935509 -0.30830085412387837 0.36367401264015875 0.974352287631008 0.06996911501254921 0.11545707089237045 0.1766553382172795 0.3043612725085336 0.41586076531107025 0.9479316806767933 1.1154562568435322 1.4069781722260468 2.136021116373588
94 1128 -0.9926248026935509 -0.30830085412387837 0.36367401264015875 0.974352287631008 0.06996911501254921 0.11545707089237045 0.1766553382172795 0.3043612725085336 0.41586076531107025 0.9479316806767933 1.1154562568435322 1.4069781722260468 2.136021116373588
95 1140 -0.9926248026935509 -0.30830085412387837 0.36367401264015875 0.974352287631008 0.06996911501254921 0.11545707089237045 0.1766553382172795 0.3043612725085336 0.41586076531107025 0.9479316806767933 1.1154562568435322 1.4069781722260468 2.136021116373588
96 1152 -0.9926248026935509 -0.30830085412387837 0.36367401264015875 0.974352287631008 0.06996911501254921 0.11545707089237045 0.1766553382172795 0.3043612725085336 0.41586076531107025 0.9479316806767933 1.1154562568435322 1.4069781722260468 2.136021116373588
97 1164 -0.9926248026935509 -0.30830085412387837 0.36367401264015875 0.974352287631008 0.06996911501254921 0.11545707089237045 0.1766553382172795 0.3043612725085336 0.41586076531107025 0.9479316806767933 1.1154562568435322 1.4069781722260468 2.136021116373588
98 1176 -0.9926248026935509 -0.30830085412387837 0.36367401264015875 0.974352287631008 0.06996911501254921 0.11545707089237045 0.1766553382172795 0.3043612725085336 0.41586076531107025 0.9479316806767933 1.1154562568435322 1.4069781722260468 2.136021116373588
99 1188 -0.9926248026935509 -0.30830085412387837 0.36367401264015875 0.974352287631008 0.06996911501254921 0.11545707089237045 0.1766553382172795 0.3043612725085336 0.41586076531107025 0.9479316806767933 1.1154562568435322 1.4069781722260468 2.136021116373588
100 1200 -0.9929408875701832 -0.4234077325147252 0.35287916039307976 0.982574335582455 0.06895408155500306 0.09867357296280431 0.16131872439094358 0.30585885723409595 0.41909843946127734 0.9791389049212028 1.0685564961557235 1.3099232230143396 2.2076836631387997
101 1212 -0.9929408875701832 -0.4234077325147252 0.35287916039307976 0.982574335582455 0.06895408155500306 0.09867357296280431 0.16131872439094358 0.30585885723409595 0.41909843946127734 0.9791389049212028 1.0685564961557235 1.3099232230143396 2.2076836631387997
102 1224 -0.9929408875701832 -0.4234077325147252 0.35287916039307976 0.982574335582455 0.06895408155500306 0.09867357296280431 0.16131872439094358 0.30585885723409595 0.41909843946127734 0.9791389049212028 1.0685564961557235 1.3099232230143396 2.2076836631387997
103 1236 -0.9929408875701832 -0.4234077325147252 0.35287916039307976 0.982574335582455 0.06895408155500306 0.09867357296280431 0.16131872439094358 0.30585885723409595 0.41909843946127734 0.9791389049212028 1.0685564961557235 1.3099232230143396 2.2076836631387997
104 1248 -0.9929408875701832 -0.4234077325147252 0.35287916039307976 0.982574335582455 0.06895408155500306 0.09867357296280431 0.16131872439094358 0.30585885723409595 0.41909843946127734 0.9791389049212028 1.0685564961557235 1.3099232230143396 2.2076836631387997
105 1260 -0.9929408875701832 -0.4234077325147252 0.35287916039307976 0.982574335582455 0.06895408155500306 0.09867357296280431 0.16131872439094358 0.30585885723409595 0.41909843946127734 0.9791389049212028 1.0685564961557235 1.3099232230143396 2.2076836631387997
106 1272 -0.9929408875701832 -0.4234077325147252 0.35287916039307976 0.982574335582455 0.06895408155500306 0.09867357296280431 0.16131872439094358 0.30585885723409595 0.41909843946127734 0.9791389049212028 1.0685564961557235 1.3099232230143396 2.2076836631387997
107 1284 -0.9929408875701832 -0.4234077325147252 0.35287916039307976 0.982574335582455 0.06895408155500306 0.09867357296280431 0.16131872439094358 0.30585885723409595 0.41909843946127734 0.9791389049212028 1.0685564961557235 1.3099232230143396 2.2076836631387997
108 1296 -0.9929408875701832 -0.4234077325147252 0.35287916039307976 0.982574335582455 0.06895408155500306 0.09867357296280431 0.16131872439094358 0.30585885723409595 0.41909843946127734 0.9791389049212028 1.0685564961557235 1.3099232230143396 2.2076836631387997
109 1308 -0.994040064110734 -0.3720242056239668 0.3612831596816741 0.9805749616529784 0.06640250269023892 0.09609940047184468 0.1518464939890638 0.27827685876706365 0.42007115401608947 0.9081446007296895 1.1432869764566165 1.3720820462150858 2.166785546068508
