% # columns="iteration, evaluation, sigma, axis ratio, bestever, best, median, worst objective function value, interquartile range, 25%tile, current best feasible f-value, elapsed wallclock time [s], further/more values", seed=49380, Wed Apr  8 22:58:19 2026, <python>{}</python>
1 12 18.574321912075973 1.0000444454321133 0.7999358957953712 7.9993589579537117e-01 1.0800163694506855 1.3814911016113807 0.2879229507826411 0.9449514354683979 nan 80.9   
2 24 18.327894740229556 1.220576345747063 0.7999358957953712 8.4055895024588256e-01 1.0033557496839236 1.219077607097053 0.15728763354742925 0.8895546453042501 nan 160.2   
3 36 18.325257021676055 1.3820581826339424 0.7853820566463279 7.8538205664632788e-01 1.0998791269694583 1.3003082221109792 0.3296237545087993 0.8746057187019142 nan 239.8   
4 48 18.097290039553183 1.4401053024905703 0.7678246499488413 7.6782464994884125e-01 1.0723758852913352 1.3372112402907492 0.29641140426144785 0.8186384499702761 nan 316.8   
5 60 18.19334569449206 1.6159564248373943 0.7678246499488413 8.1624426289690755e-01 0.9592601169651458 1.339771481036949 0.2008625387568591 0.856748789497192 nan 395.3   
6 72 18.14096082419656 1.7047080744801362 0.7563777902543547 7.5637779025435470e-01 0.991994942739146 1.1170606778981 0.2774187069466916 0.7844925628933197 nan 471.6   
7 84 17.72744407853878 1.8486922241489054 0.7563777902543547 7.7951759848236779e-01 1.0362352943942854 1.178140394500163 0.2767136925675808 0.8240369431716401 nan 550.5   
8 96 18.243749330784883 1.9913805179544568 0.7563777902543547 7.6561902163866580e-01 1.0336866109840162 1.2375941541261093 0.2978886643339911 0.8105503596713406 nan 628.0   
9 108 16.43068581562171 2.148143749006668 0.7421014213938337 7.4210142139383373e-01 0.8300995294911546 0.9853528158687883 0.13949271249088302 0.7875576897447104 nan 705.2   
10 120 16.71945632593452 2.244243087725042 0.7421014213938337 7.8101833545758903e-01 0.8856192439817261 1.0973998785004815 0.25019253961049404 0.8141017783038682 nan 783.3   
11 132 15.971720391447441 2.4113507757650248 0.7421014213938337 7.7502266952490495e-01 0.87532728160338 1.0448829311743346 0.1051150711532799 0.8186601278811599 nan 861.3   
12 144 16.549142811112883 2.6212925829470994 0.7421014213938337 7.7004123060610863e-01 0.8483746471589546 1.0420009826329353 0.09974201499893043 0.8019660418295235 nan 939.1   
13 156 17.370710758085675 2.657410263103317 0.7421014213938337 7.6285413434345961e-01 0.7985213611931057 1.0799062811859859 0.0739328338200067 0.7673556963672004 nan 1016.5   
14 168 18.087810944435713 2.5263451045204084 0.7421014213938337 7.6308315187833187e-01 1.06650131134925 1.236667117453687 0.3086255108462117 0.8252600806997212 nan 1094.6   
15 180 17.629785459056592 2.5576845708488682 0.7421014213938337 7.5091917829441879e-01 0.873511798557384 1.106682937020303 0.18828627451162705 0.790754319384763 nan 1171.1   
16 192 16.069280380872677 2.7050759052390676 0.7421014213938337 7.4483098278405024e-01 0.8857960527724568 1.231857323502872 0.2766921143849572 0.8128254228279261 nan 1247.8   
17 204 16.05239422749565 2.957282569855606 0.7421014213938337 7.5308687830914489e-01 0.8063244282799429 1.093695051074585 0.14896024655184648 0.75892382348449 nan 1322.7   
18 216 15.553744387135897 3.10686420720074 0.7421014213938337 7.5829973245653126e-01 0.8540818348636429 1.0421802695430211 0.10720376716889768 0.7983994589899379 nan 1398.3   
19 228 15.018513989664065 3.333426450692983 0.7421014213938337 7.4406453200430100e-01 0.7904782882092377 1.0936277788514297 0.2193567131501557 0.7560500664167704 nan 1474.5   
20 240 14.431470954436966 3.4994381524797995 0.7421014213938337 7.4332281298195235e-01 0.7700204005245767 1.04460467457924 0.1094621196299701 0.7519646167116874 nan 1550.5   
21 252 13.91207081967689 3.624868885255829 0.7421014213938337 7.5115950636874063e-01 0.816698177834409 0.9574844677021129 0.08432745439754552 0.7625344849428678 nan 1627.6   
22 264 13.400054146490643 3.8250859205794954 0.7421014213938337 7.4655524793479233e-01 0.8016907560724497 0.9123939319241935 0.06146198729319452 0.7713105537579339 nan 1702.5   
23 276 13.367551032043474 4.026769589784806 0.7421014213938337 7.4314564125485627e-01 0.7783556299056462 0.831070675778386 0.043519224511591736 0.7512586801896506 nan 1777.9   
24 288 13.45702469487373 4.132931405903981 0.7421014213938337 7.4832869068420194e-01 0.7752238865283465 0.9858635652320697 0.04111792796690339 0.7546220782394386 nan 1851.8   
25 300 13.171090220996405 4.167903836508715 0.7347591319933058 7.3475913199330578e-01 0.7726036710552732 0.8384459771214512 0.03841690343857995 0.7547113960782617 nan 1929.3   
26 312 12.4269192385026 4.315855879484778 0.7347591319933058 7.4161834869750731e-01 0.7543605751087737 0.898850868017908 0.04222025880317837 0.7501673748094944 nan 2005.5   
27 324 11.523192273899381 4.563374316673556 0.7347591319933058 7.3965234122541590e-01 0.7592939115170496 0.833467503990649 0.03739666043255607 0.7443039528499571 nan 2081.5   
28 336 10.687909377987797 4.677966369369825 0.7347591319933058 7.4433173712333489e-01 0.7504583357038561 0.8454483787395239 0.018588400914261727 0.7462826779187165 nan 2157.6   
29 348 9.518700142168488 5.032884014774632 0.7347591319933058 7.3847779823651871e-01 0.7575407029120138 0.8251696079549625 0.03169695178706233 0.7431595889412 nan 2234.3   
30 360 9.17820407351156 5.424084518023681 0.7347591319933058 7.3547015791206372e-01 0.7421482169241109 0.7856873539811406 0.009145145945758548 0.7392275660577797 nan 2309.7   
31 372 9.199315341015964 5.717244385657367 0.7346956942084741 7.3469569420847414e-01 0.7478559556375035 0.7797598476248107 0.016605343687043805 0.7377738135257961 nan 2385.8   
32 384 9.370038251885058 6.389646634286585 0.7346956942084741 7.3529224026822626e-01 0.7398202246228323 0.7828662856772982 0.009376364315496932 0.7370918678414354 nan 2461.5   
33 396 9.891230420312336 6.755133592162338 0.7330355886035218 7.3303558860352180e-01 0.7408454859100493 0.7588484006817476 0.00810014888837407 0.737352623062276 nan 2535.3   
34 408 8.780186457162028 7.110032020353248 0.7330355886035218 7.3635644321726956e-01 0.7408417655268356 0.7638271414796562 0.013333961194766375 0.7376836397094367 nan 2609.2   
35 420 8.754712652189358 7.485572367140797 0.7310173183555773 7.3101731835557726e-01 0.7414270535666874 0.7944181919355064 0.00698471190328398 0.7369108293307323 nan 2685.6   
36 432 9.147066208608077 7.899527420442074 0.7309520873873415 7.3095208738734152e-01 0.7344604953836094 0.7460657498969547 0.003428185259318872 0.7331179540922997 nan 2762.1   
37 444 10.90258738254946 8.440089335155967 0.7272736669260551 7.2727366692605511e-01 0.7355436366693164 0.7516412267423177 0.005470719752276421 0.7316190534002472 nan 2837.5   
38 456 12.720923455941293 8.785091392205898 0.7272736669260551 7.2777841682373823e-01 0.7312113128917623 0.76325432570838 0.009432235967477887 0.7288274474149353 nan 2911.0   
39 468 14.45068156040093 9.45167277198829 0.7246583023508513 7.2465830235085127e-01 0.7347469393329891 0.8286622053411667 0.025842910792132745 0.7281579939112546 nan 2985.1   
40 480 16.188886596880035 10.316197496212375 0.7227036350917797 7.2270363509177971e-01 0.7443184415874474 0.8036762656116194 0.032557910453691496 0.7275346115839041 nan 3060.3   
41 492 18.348236805087428 10.962019928566304 0.7194907755832616 7.1949077558326158e-01 0.737450986711196 0.8539116012722681 0.019945932664167998 0.7286583229808613 nan 3135.8   
42 504 20.72537774128208 11.48788735014196 0.7165512798716529 7.1655127987165290e-01 0.7263069132342193 0.9449116463151367 0.019222186902032812 0.7214366930734561 nan 3210.5   
43 516 22.521267045987074 13.04653660249173 0.7165512798716529 7.1752717067954919e-01 0.7230017211205273 0.8454008079309704 0.01006827935771648 0.7191999682969972 nan 3285.9   
44 528 26.38314274945132 14.458392792818472 0.7047145885805807 7.0471458858058067e-01 0.7235480882171607 0.7384441760998708 0.012445056204590133 0.7165832737150764 nan 3361.5   
45 540 32.951817485629654 14.425025625885748 0.7047145885805807 7.0858546969662495e-01 0.7201420584961796 1.0336220107235985 0.027537670699298022 0.7124890281477063 nan 3435.6   
46 552 35.2145249423951 15.8555124338759 0.7045695877951603 7.0456958779516032e-01 0.7233133513702216 0.9161148274434805 0.023832005763916864 0.7142813495579561 nan 3510.0   
47 564 38.60952759909879 17.556419492098456 0.7024769720185915 7.0247697201859149e-01 0.7368344716258171 0.9748697987258005 0.08204627280558674 0.71546928773016 nan 3583.9   
48 576 40.96816565604106 17.419144203750257 0.7003108462788168 7.0031084627881679e-01 0.7193396900758946 0.9354910221021652 0.02220922087467192 0.7046750702742213 nan 3657.7   
49 588 45.25492417837648 17.459881790832554 0.7003108462788168 7.0983705956226895e-01 0.7622710196097147 0.8523255125667119 0.06386366293667112 0.726919502977722 nan 3732.7   
50 600 39.43577020580733 17.39118219279885 0.6983884912961638 6.9838849129616376e-01 0.7988974664574287 1.0897446132511504 0.1716590257501598 0.7382145090743362 nan 3807.2   
51 612 40.21821260479145 18.26977867719084 0.6899697755549519 6.8996977555495187e-01 0.7380315153795824 1.147592854588549 0.0828594157961875 0.7059472798848276 nan 3881.2   
52 624 39.51538710424274 19.803991098653643 0.6816851061881992 6.8168510618819922e-01 0.7220088414784305 1.003949940837421 0.08638857944414624 0.70395225217306 nan 3957.1   
53 636 38.266208454996736 21.67911284582141 0.6757352926036161 6.7573529260361609e-01 0.7078675286433098 0.9793894217200285 0.03303241124901091 0.6981949900669115 nan 4032.4   
54 648 36.14039525894097 22.17419445707945 0.6757352926036161 6.8623077824504941e-01 0.7087778808726607 0.9466040933706715 0.10424638720868007 0.6943958711015465 nan 4106.3   
55 660 35.1114385463394 23.89063097087903 0.6746003418461812 6.7460034184618123e-01 0.6918735570144641 0.7094642005058839 0.013614138190388259 0.6846180211959202 nan 4179.9   
56 672 33.39666815540212 23.97992771255214 0.6746003418461812 6.7523196912888261e-01 0.7029597181631853 0.7508352731134509 0.03103034027457441 0.6861592863789236 nan 4254.9   
57 684 34.46049965210934 24.63451130610243 0.6719718716645415 6.7197187166454153e-01 0.6912048353088937 0.7760613710804507 0.018742989100457796 0.6768769458778523 nan 4328.5   
58 696 34.02640302942608 24.11138533318805 0.6716082053601953 6.7160820536019528e-01 0.6854711579024554 1.1929524552621549 0.03526023091804442 0.675505659221262 nan 4404.3   
59 708 34.79443866405355 23.545014268421728 0.6698305627893806 6.6983056278938058e-01 0.6877648888731465 0.7629029821103209 0.023887797685251844 0.6754528316435808 nan 4478.0   
60 720 40.505051749347466 23.716655315555517 0.6652300926114396 6.6523009261143962e-01 0.6857920257434986 0.7308322290969129 0.015178252259947844 0.6773812964755579 nan 4554.0   
61 732 44.25332621702311 24.89673470861142 0.659914491270015 6.5991449127001500e-01 0.6793851300958007 0.8319853220927107 0.01342036604112895 0.6691052882644691 nan 4627.6   
62 744 48.010922329549246 24.900332422379186 0.659914491270015 6.6965288359523267e-01 0.6817911100749843 0.9288434294910293 0.02558510898963373 0.6728077294050947 nan 4704.0   
63 756 52.25788802577756 25.79129649890276 0.65514644245302 6.5514644245302001e-01 0.7012095355514611 1.1780417777331273 0.042350404765329586 0.6795272665180119 nan 4778.1   
64 768 59.95376221409091 25.933517019681602 0.65514644245302 6.5536747236460624e-01 0.6900953972916868 0.8462422381303955 0.04665104298265521 0.6722038349180972 nan 4852.3   
65 780 61.46414617386005 26.513869110528564 0.65514644245302 6.6611664353716749e-01 0.6750654506542321 0.8962156433571216 0.02340623292431354 0.6713434285011569 nan 4926.7   
66 792 63.705140915844986 27.725794894624716 0.65514644245302 6.5691038630984000e-01 0.6928848704405361 0.8321474280791351 0.03932014114139881 0.6682668363585312 nan 5001.4   
67 804 70.74497917949623 28.116622065264806 0.65514644245302 6.5774114174303189e-01 0.684384268052391 1.0526944037737846 0.04657551172224539 0.6676703589311761 nan 5076.1   
68 816 68.45870955964821 28.4893010294542 0.6495511570913555 6.4955115709135547e-01 0.6817503543858219 0.7523814777380137 0.02777234591038069 0.6662337746681573 nan 5150.8   
69 828 69.40204442562589 28.308585239372693 0.6495511570913555 6.5358600204382855e-01 0.6884698499779524 1.0566981450749533 0.041472309803867624 0.671324863018353 nan 5225.1   
70 840 74.11846525311573 28.44688649173057 0.6495511570913555 6.6828834740580056e-01 0.7126011294952599 1.1430969924161685 0.11132257839473303 0.6807605934594391 nan 5299.0   
71 852 70.25511582319238 29.454500644768334 0.6495511570913555 6.6577156466608378e-01 0.7052981085985793 1.0422639508422165 0.1612588761091156 0.6850153325170495 nan 5372.2   
72 864 64.97454973085986 30.568218647516193 0.6495511570913555 6.4979856623093213e-01 0.6685635332393298 0.8317118190494736 0.041875675860771566 0.6562272261750082 nan 5447.5   
73 876 61.68069311847439 31.447729364559123 0.6466557740178909 6.4665577401789087e-01 0.6598817223221095 0.7113367622260836 0.023532674468849546 0.6503284545854311 nan 5521.7   
74 888 57.831149318624576 30.766576142793856 0.6366608953473519 6.3666089534735193e-01 0.6604527510210854 0.7096308685286465 0.026223007060866332 0.6502735940329283 nan 5596.4   
75 900 55.713069408534615 31.010487696819624 0.6366608953473519 6.3886066738082259e-01 0.6607359474586176 0.779318579872754 0.04352122470398301 0.6483053748047083 nan 5669.7   
76 912 57.190514346113716 31.738372920293553 0.6366608953473519 6.4230417539928120e-01 0.6563793629719457 0.9234055443060837 0.022579027151829578 0.6505516170859598 nan 5743.7   
77 924 64.00809293733255 33.92483943693225 0.6171146148310827 6.1711461483108265e-01 0.6902802361210784 1.0343790809445712 0.06044178620805596 0.6514742750063709 nan 5818.1   
78 936 61.02941496211809 36.70045516285471 0.6171146148310827 6.1804193064148882e-01 0.8671450129317234 1.235589813356487 0.3653015503834982 0.6962684743076721 nan 5892.4   
79 948 53.775972035184175 35.11897954264426 0.6171146148310827 6.2776536621043100e-01 0.6671757696223751 0.858099418554603 0.05801153092920619 0.6533799594477053 nan 5966.1   
80 960 50.412939086850734 35.25303669145879 0.6171146148310827 6.4170623948175809e-01 0.6720649797207475 0.9618427788780366 0.04865829590347792 0.6499399524189476 nan 6041.2   
81 972 51.32431249721106 35.05981891336188 0.6171146148310827 6.2287711579344163e-01 0.6460754098853296 0.741938162386917 0.020733464721165995 0.6344715381492266 nan 6116.3   
82 984 47.79131112004058 36.1445868968464 0.6171146148310827 6.2981175352821506e-01 0.6886682448925265 0.7806038003140432 0.05482124888235629 0.6579579715233053 nan 6190.0   
83 996 44.46066758764584 36.39590794599423 0.6121331888229982 6.1213318882299816e-01 0.6397674710625809 0.7753686270558283 0.023446326567830744 0.6309903683607597 nan 6263.8   
84 1008 41.83741693121592 36.76163692352415 0.6121331888229982 6.3020749818490784e-01 0.6912723249518103 1.052051517330667 0.24041865905250348 0.6478136713910467 nan 6338.0   
85 1020 40.90306288610992 36.50048543567985 0.6121331888229982 6.3708714348691164e-01 0.6655210595316123 1.0336501339823216 0.03158903199192997 0.642643048954061 nan 6412.0   
86 1032 39.04187832113801 38.48633635706086 0.6121331888229982 6.2686416436358172e-01 0.6462646640484375 0.6631845269782342 0.02242992542589084 0.6329083698153868 nan 6486.6   
87 1044 36.343883904767345 39.53379460042069 0.6121331888229982 6.2609848005731050e-01 0.6432482184383528 0.8390089186558527 0.020972305452734652 0.6312393786138354 nan 6560.6   
88 1056 33.51801109168883 39.203983156962295 0.6121331888229982 6.3224478567666931e-01 0.6481701225467102 0.8563908629762365 0.01334043330786372 0.639869864478172 nan 6634.1   
89 1068 29.22775060467359 38.461552763253366 0.6121331888229982 6.2516356534367135e-01 0.6440538180421345 0.6508930874398919 0.009873497804296583 0.637061284706638 nan 6707.6   
90 1080 27.25771634173516 37.1951871916919 0.6121331888229982 6.2227569550744344e-01 0.6341106983341598 0.6425321566741674 0.009776563650868098 0.629092689126627 nan 6782.0   
91 1092 27.557738385638952 38.16101838297026 0.6121331888229982 6.2007902341669907e-01 0.6303064244197482 0.6492792463817352 0.016952154688223642 0.6246049820458963 nan 6855.2   
92 1104 28.596496331919177 40.85785827494295 0.6121331888229982 6.2099153447507094e-01 0.6273817677084463 0.6563891280720163 0.009481799089149923 0.6248740420911608 nan 6928.5   
93 1116 29.9446802841999 42.62527361064523 0.6116321372801121 6.1163213728011212e-01 0.6264971945444765 0.6507919139585825 0.010085149274029148 0.6219276831973612 nan 7003.5   
94 1128 30.21286150438964 44.66402259144223 0.6116321372801121 6.1904550446796036e-01 0.6278090346453415 0.6793911686790399 0.02981296533583233 0.6215359339239106 nan 7077.8   
95 1140 29.445107274151415 47.980951894338105 0.6116321372801121 6.1290823940436534e-01 0.6214393076351477 0.6698828904295813 0.007128656566812164 0.6196312258999845 nan 7151.1   
96 1152 26.955273815155547 48.59936400598877 0.6116321372801121 6.1314459359002038e-01 0.7319030025996569 0.8165280590387842 0.1794500708903456 0.6173600001355024 nan 7225.2   
97 1164 24.35673505003609 50.69482529092919 0.6116321372801121 6.1532294567516699e-01 0.6348541586710227 0.8266115414804306 0.13965007512007566 0.6175899184324842 nan 7299.7   
98 1176 22.55844734680046 49.7910308101893 0.6116321372801121 6.1277768568996971e-01 0.6237445872459864 0.7727932974667816 0.05167627782592288 0.6147653078287935 nan 7373.3   
99 1188 20.980334518137116 50.43041631466834 0.6113270004039244 6.1132700040392440e-01 0.6154926937177978 0.6377811772245487 0.006049552627663712 0.6133454047930359 nan 7446.3   
100 1200 19.328392689227602 51.5738235324149 0.6099437770285203 6.0994377702852032e-01 0.614897122977002 0.6243557561282469 0.003723474270447946 0.6129569028212456 nan 7519.0   
101 1212 19.66928070276317 51.21290643011274 0.6084682822989966 6.0846828229899663e-01 0.6148056784607445 0.6292225606661097 0.00885894287558564 0.6100202582614265 nan 7593.1   
102 1224 18.65282079305062 52.63552790546355 0.6084682822989966 6.1016007893220348e-01 0.6169614936154293 0.7841160517450874 0.025058213077992386 0.6139460033112781 nan 7667.5   
103 1236 17.91759826484064 56.35161026499062 0.6084682822989966 6.0880119712082936e-01 0.6114263341858526 0.7223798749242134 0.011071825567061766 0.6101713309684784 nan 7742.6   
104 1248 18.14443081664013 55.77972213100756 0.607341587960426 6.0734158796042603e-01 0.6103636747754004 0.6177943486435156 0.0029570290458076354 0.6088854791147218 nan 7816.0   
105 1260 18.437062567508068 58.4388049608313 0.6055644483738389 6.0556444837383894e-01 0.6134322087542143 0.7966732848491553 0.0038494749351239976 0.609786082951688 nan 7890.4   
106 1272 18.905826318745312 61.75247313195306 0.6055644483738389 6.0696674212075408e-01 0.6138139268343614 0.6165527019817366 0.00406405242615393 0.6108926721666466 nan 7966.0   
107 1284 17.942104676953157 65.33480327186392 0.6055644483738389 6.0651097577419089e-01 0.6143705421321823 0.6414972679720647 0.01564189653236192 0.6093567206546135 nan 8040.1   
108 1296 17.714960433718307 68.1691771912622 0.6055644483738389 6.0841940650597759e-01 0.6100561231424972 0.6213136848166948 0.0022874175248125406 0.6093961217150056 nan 8114.3   
109 1308 16.4429043856917 69.17775125013422 0.6055644483738389 6.0702984147760919e-01 0.61091127426462 0.6126829260094699 0.0031150455511783637 0.6082799828656297 nan 8189.2   
