% # columns="iteration, evaluation, min 25%tile 75%tile max correlation, correlation matrix principal axes lengths  (sorted square roots of eigenvalues of correlation matrix)", seed=74070, Mon Apr 13 08:28:16 2026
1 12 -0.06192648530888146 -0.014115711568599011 0.02229209392601755 0.04047077006513443 0.9433998091620418 0.9569433174493054 0.979141223565035 0.9893081079090068 0.9948717619116186 1.011754233333983 1.030155363938081 1.0352054796854304 1.0538127484822433
2 24 -0.1334161924489942 -0.0296294209899096 0.028924763062142575 0.10528618078143377 0.9433998091620418 0.9569433174493054 0.979141223565035 0.9893081079090068 0.9948717619116186 1.011754233333983 1.030155363938081 1.0352054796854304 1.0538127484822433
3 36 -0.12077375511660335 -0.03769862491236739 0.055490445586921094 0.08732010139524375 0.9433998091620418 0.9569433174493054 0.979141223565035 0.9893081079090068 0.9948717619116186 1.011754233333983 1.030155363938081 1.0352054796854304 1.0538127484822433
4 48 -0.10472557893687 -0.03809219389307583 0.04251177260493412 0.15926888093096409 0.9433998091620418 0.9569433174493054 0.979141223565035 0.9893081079090068 0.9948717619116186 1.011754233333983 1.030155363938081 1.0352054796854304 1.0538127484822433
5 60 -0.11817357872039427 -0.030224031118915654 0.044522266477935446 0.19723031770624608 0.9433998091620418 0.9569433174493054 0.979141223565035 0.9893081079090068 0.9948717619116186 1.011754233333983 1.030155363938081 1.0352054796854304 1.0538127484822433
6 72 -0.1438851410317323 -0.027662434767631878 0.04000943576416981 0.21231844080278642 0.9433998091620418 0.9569433174493054 0.979141223565035 0.9893081079090068 0.9948717619116186 1.011754233333983 1.030155363938081 1.0352054796854304 1.0538127484822433
7 84 -0.2132176646199629 -0.044887206180367234 0.06374917573000201 0.1934689528942149 0.9433998091620418 0.9569433174493054 0.979141223565035 0.9893081079090068 0.9948717619116186 1.011754233333983 1.030155363938081 1.0352054796854304 1.0538127484822433
8 96 -0.27624669534283874 -0.03685771201371933 0.055885260308052624 0.1993398469832366 0.9433998091620418 0.9569433174493054 0.979141223565035 0.9893081079090068 0.9948717619116186 1.011754233333983 1.030155363938081 1.0352054796854304 1.0538127484822433
9 108 -0.303848280162389 -0.055906392404494853 0.05056730336162785 0.2045125674054307 0.9433998091620418 0.9569433174493054 0.979141223565035 0.9893081079090068 0.9948717619116186 1.011754233333983 1.030155363938081 1.0352054796854304 1.0538127484822433
10 120 -0.37381319525303336 -0.059996479662830456 0.07913981158130548 0.27592315627460845 0.7185938532473553 0.8079660374747544 0.8966913380344611 0.9453984994447779 0.9760919393849419 1.0476208459443987 1.059553237282538 1.110433204503692 1.314153797169201
11 132 -0.3955100895527131 -0.05276508156401863 0.07560256654879852 0.28542589039670846 0.7185938532473553 0.8079660374747544 0.8966913380344611 0.9453984994447779 0.9760919393849419 1.0476208459443987 1.059553237282538 1.110433204503692 1.314153797169201
12 144 -0.4290976645322278 -0.0687061160631282 0.08153017191830657 0.3211365424647531 0.7185938532473553 0.8079660374747544 0.8966913380344611 0.9453984994447779 0.9760919393849419 1.0476208459443987 1.059553237282538 1.110433204503692 1.314153797169201
13 156 -0.49615639134626616 -0.06618505304804159 0.07279327221503883 0.2776445192294756 0.7185938532473553 0.8079660374747544 0.8966913380344611 0.9453984994447779 0.9760919393849419 1.0476208459443987 1.059553237282538 1.110433204503692 1.314153797169201
14 168 -0.5647013982455157 -0.07686311807809953 0.07535529718737183 0.28314056776416624 0.7185938532473553 0.8079660374747544 0.8966913380344611 0.9453984994447779 0.9760919393849419 1.0476208459443987 1.059553237282538 1.110433204503692 1.314153797169201
15 180 -0.5726338511033084 -0.06032500543556565 0.0888041659762554 0.31729945942163185 0.7185938532473553 0.8079660374747544 0.8966913380344611 0.9453984994447779 0.9760919393849419 1.0476208459443987 1.059553237282538 1.110433204503692 1.314153797169201
16 192 -0.5898855471728502 -0.06455615724425412 0.09133099735419938 0.3416081184624569 0.7185938532473553 0.8079660374747544 0.8966913380344611 0.9453984994447779 0.9760919393849419 1.0476208459443987 1.059553237282538 1.110433204503692 1.314153797169201
17 204 -0.6228326525109142 -0.0717855107417625 0.08589030174349854 0.33278528003904273 0.7185938532473553 0.8079660374747544 0.8966913380344611 0.9453984994447779 0.9760919393849419 1.0476208459443987 1.059553237282538 1.110433204503692 1.314153797169201
18 216 -0.6561563759651264 -0.06757972129458771 0.08446436554497705 0.31747378349086025 0.7185938532473553 0.8079660374747544 0.8966913380344611 0.9453984994447779 0.9760919393849419 1.0476208459443987 1.059553237282538 1.110433204503692 1.314153797169201
19 228 -0.700422972964085 -0.08662490798804755 0.06486866128369131 0.331984949994546 0.5127199986482706 0.8095685455926596 0.8759641934200797 0.9060622488904368 0.9735516255978209 1.0241127058099688 1.0638598716611727 1.0952321975350108 1.4715685206611158
20 240 -0.6954362058102879 -0.08501561607568506 0.06129657175010281 0.2927811541775577 0.5127199986482706 0.8095685455926596 0.8759641934200797 0.9060622488904368 0.9735516255978209 1.0241127058099688 1.0638598716611727 1.0952321975350108 1.4715685206611158
21 252 -0.7245011797354028 -0.0563627997572511 0.06912264444277037 0.3074030124027932 0.5127199986482706 0.8095685455926596 0.8759641934200797 0.9060622488904368 0.9735516255978209 1.0241127058099688 1.0638598716611727 1.0952321975350108 1.4715685206611158
22 264 -0.7290886226915263 -0.055711607653879794 0.06606465802384412 0.29434090498638155 0.5127199986482706 0.8095685455926596 0.8759641934200797 0.9060622488904368 0.9735516255978209 1.0241127058099688 1.0638598716611727 1.0952321975350108 1.4715685206611158
23 276 -0.7546101661470632 -0.0665373008807783 0.07525664881217795 0.3114205265320787 0.5127199986482706 0.8095685455926596 0.8759641934200797 0.9060622488904368 0.9735516255978209 1.0241127058099688 1.0638598716611727 1.0952321975350108 1.4715685206611158
24 288 -0.7741095111261281 -0.08284651292788515 0.05409901205093805 0.2915924499076369 0.5127199986482706 0.8095685455926596 0.8759641934200797 0.9060622488904368 0.9735516255978209 1.0241127058099688 1.0638598716611727 1.0952321975350108 1.4715685206611158
25 300 -0.7995587597813999 -0.08227137777796485 0.0682393721488738 0.3210114684838843 0.5127199986482706 0.8095685455926596 0.8759641934200797 0.9060622488904368 0.9735516255978209 1.0241127058099688 1.0638598716611727 1.0952321975350108 1.4715685206611158
26 312 -0.8112729758941419 -0.1104508766667045 0.08869975959490746 0.33681566365113164 0.5127199986482706 0.8095685455926596 0.8759641934200797 0.9060622488904368 0.9735516255978209 1.0241127058099688 1.0638598716611727 1.0952321975350108 1.4715685206611158
27 324 -0.8191543344409459 -0.10243014839295736 0.08721949353753597 0.3252709698821078 0.5127199986482706 0.8095685455926596 0.8759641934200797 0.9060622488904368 0.9735516255978209 1.0241127058099688 1.0638598716611727 1.0952321975350108 1.4715685206611158
28 336 -0.8322795050025956 -0.1459679932187557 0.13990983869413276 0.3585409386671811 0.3655248765561235 0.7209785166381744 0.7811012204472333 0.8428959611161488 0.9131846464045974 0.9636324576844197 1.0881481392082084 1.2975265860532097 1.5478544825033094
29 348 -0.8475031305520367 -0.16352240693708403 0.16601447138882724 0.3601626121580921 0.3655248765561235 0.7209785166381744 0.7811012204472333 0.8428959611161488 0.9131846464045974 0.9636324576844197 1.0881481392082084 1.2975265860532097 1.5478544825033094
30 360 -0.8530842718661201 -0.1588607937007152 0.1567974529726915 0.39131292090066355 0.3655248765561235 0.7209785166381744 0.7811012204472333 0.8428959611161488 0.9131846464045974 0.9636324576844197 1.0881481392082084 1.2975265860532097 1.5478544825033094
31 372 -0.8599335853379515 -0.18528708848066397 0.20050829552293978 0.3588193244093013 0.3655248765561235 0.7209785166381744 0.7811012204472333 0.8428959611161488 0.9131846464045974 0.9636324576844197 1.0881481392082084 1.2975265860532097 1.5478544825033094
32 384 -0.8887652236279121 -0.2018337158465055 0.21672466278286018 0.4178180548394312 0.3655248765561235 0.7209785166381744 0.7811012204472333 0.8428959611161488 0.9131846464045974 0.9636324576844197 1.0881481392082084 1.2975265860532097 1.5478544825033094
33 396 -0.9076784573065783 -0.2185677517423097 0.21614885243914966 0.4184965083527935 0.3655248765561235 0.7209785166381744 0.7811012204472333 0.8428959611161488 0.9131846464045974 0.9636324576844197 1.0881481392082084 1.2975265860532097 1.5478544825033094
34 408 -0.9129774662999299 -0.20838889908664773 0.21694755907213975 0.43413357810656555 0.3655248765561235 0.7209785166381744 0.7811012204472333 0.8428959611161488 0.9131846464045974 0.9636324576844197 1.0881481392082084 1.2975265860532097 1.5478544825033094
35 420 -0.9172517463771535 -0.19097343171725945 0.21017808705182978 0.45982794134422716 0.3655248765561235 0.7209785166381744 0.7811012204472333 0.8428959611161488 0.9131846464045974 0.9636324576844197 1.0881481392082084 1.2975265860532097 1.5478544825033094
36 432 -0.9180206343085351 -0.20400437709908725 0.21894779968219297 0.49639110989400753 0.3655248765561235 0.7209785166381744 0.7811012204472333 0.8428959611161488 0.9131846464045974 0.9636324576844197 1.0881481392082084 1.2975265860532097 1.5478544825033094
37 444 -0.9235161590673304 -0.199040008079913 0.20620883600544782 0.4922035431747021 0.20196567513427666 0.5863986389903457 0.7117625380531691 0.7756403733432098 0.9494750242683128 1.0099366580521107 1.0283790123356393 1.3183084884714895 1.6703733307697284
38 456 -0.9270494868294205 -0.1954888237841611 0.2004196645699441 0.5437563259564498 0.20196567513427666 0.5863986389903457 0.7117625380531691 0.7756403733432098 0.9494750242683128 1.0099366580521107 1.0283790123356393 1.3183084884714895 1.6703733307697284
39 468 -0.9322447218612838 -0.2116247112674333 0.21089194404821301 0.5627044124969722 0.20196567513427666 0.5863986389903457 0.7117625380531691 0.7756403733432098 0.9494750242683128 1.0099366580521107 1.0283790123356393 1.3183084884714895 1.6703733307697284
40 480 -0.9403134111368757 -0.2316116216624641 0.24538230079184015 0.6330158716758875 0.20196567513427666 0.5863986389903457 0.7117625380531691 0.7756403733432098 0.9494750242683128 1.0099366580521107 1.0283790123356393 1.3183084884714895 1.6703733307697284
41 492 -0.951001750321759 -0.2589099207674065 0.27508182797613967 0.723082821269997 0.20196567513427666 0.5863986389903457 0.7117625380531691 0.7756403733432098 0.9494750242683128 1.0099366580521107 1.0283790123356393 1.3183084884714895 1.6703733307697284
42 504 -0.9631797668053383 -0.2361071081335276 0.2646249564541704 0.7401233745213758 0.20196567513427666 0.5863986389903457 0.7117625380531691 0.7756403733432098 0.9494750242683128 1.0099366580521107 1.0283790123356393 1.3183084884714895 1.6703733307697284
43 516 -0.965975256699501 -0.25924502347407385 0.25160481723104233 0.7485118507827819 0.20196567513427666 0.5863986389903457 0.7117625380531691 0.7756403733432098 0.9494750242683128 1.0099366580521107 1.0283790123356393 1.3183084884714895 1.6703733307697284
44 528 -0.9709341690440799 -0.25522143716059276 0.2629754240013111 0.7641489997463077 0.20196567513427666 0.5863986389903457 0.7117625380531691 0.7756403733432098 0.9494750242683128 1.0099366580521107 1.0283790123356393 1.3183084884714895 1.6703733307697284
45 540 -0.9756551546835469 -0.2719977875198558 0.2965000552265221 0.773146648711307 0.20196567513427666 0.5863986389903457 0.7117625380531691 0.7756403733432098 0.9494750242683128 1.0099366580521107 1.0283790123356393 1.3183084884714895 1.6703733307697284
46 552 -0.9783472419710427 -0.3067097682377182 0.34370884357924714 0.7901419692415284 0.08941287870222762 0.37475104313008123 0.47674344124611495 0.6095761537191972 0.7734167913195571 0.8823492923030232 0.9683322364581729 1.3078697129227932 2.0561603254545338
47 564 -0.9787908953436175 -0.2887347567141982 0.3417104361642666 0.793166975437122 0.08941287870222762 0.37475104313008123 0.47674344124611495 0.6095761537191972 0.7734167913195571 0.8823492923030232 0.9683322364581729 1.3078697129227932 2.0561603254545338
48 576 -0.9785278369084224 -0.2965475401732544 0.3527556202885892 0.8091282911596177 0.08941287870222762 0.37475104313008123 0.47674344124611495 0.6095761537191972 0.7734167913195571 0.8823492923030232 0.9683322364581729 1.3078697129227932 2.0561603254545338
49 588 -0.9831534964400217 -0.3068420284273615 0.3739539543015141 0.8329270924797869 0.08941287870222762 0.37475104313008123 0.47674344124611495 0.6095761537191972 0.7734167913195571 0.8823492923030232 0.9683322364581729 1.3078697129227932 2.0561603254545338
50 600 -0.9843315355245527 -0.30526463977997403 0.3490419459669514 0.8545389261519699 0.08941287870222762 0.37475104313008123 0.47674344124611495 0.6095761537191972 0.7734167913195571 0.8823492923030232 0.9683322364581729 1.3078697129227932 2.0561603254545338
51 612 -0.9858836646623139 -0.32183790084900066 0.3535585605432573 0.8667581934182368 0.08941287870222762 0.37475104313008123 0.47674344124611495 0.6095761537191972 0.7734167913195571 0.8823492923030232 0.9683322364581729 1.3078697129227932 2.0561603254545338
52 624 -0.9856783906769264 -0.3072838934019827 0.34717580177680496 0.8596652921510904 0.08941287870222762 0.37475104313008123 0.47674344124611495 0.6095761537191972 0.7734167913195571 0.8823492923030232 0.9683322364581729 1.3078697129227932 2.0561603254545338
53 636 -0.9859027876251559 -0.27840529866641106 0.3376809333558275 0.8591793383629792 0.08941287870222762 0.37475104313008123 0.47674344124611495 0.6095761537191972 0.7734167913195571 0.8823492923030232 0.9683322364581729 1.3078697129227932 2.0561603254545338
54 648 -0.9865629415015058 -0.32944323888223526 0.36667094598900135 0.8526675308945284 0.08941287870222762 0.37475104313008123 0.47674344124611495 0.6095761537191972 0.7734167913195571 0.8823492923030232 0.9683322364581729 1.3078697129227932 2.0561603254545338
55 660 -0.986322597219404 -0.30658280169661245 0.35878358907840013 0.8460097605744462 0.05454947497052616 0.3027713866285237 0.402542568832658 0.5728182586220032 0.8301185628605835 0.8982255316578207 0.9837867891218162 1.2463980526321774 2.097127101275159
56 672 -0.9854877750811405 -0.2972029044423058 0.3531831634231386 0.8333808885579832 0.05454947497052616 0.3027713866285237 0.402542568832658 0.5728182586220032 0.8301185628605835 0.8982255316578207 0.9837867891218162 1.2463980526321774 2.097127101275159
57 684 -0.985832355639819 -0.30441617283070915 0.3558328829930225 0.8385518119362727 0.05454947497052616 0.3027713866285237 0.402542568832658 0.5728182586220032 0.8301185628605835 0.8982255316578207 0.9837867891218162 1.2463980526321774 2.097127101275159
58 696 -0.9855445030949572 -0.323233805993456 0.3400565268025029 0.8397834033074982 0.05454947497052616 0.3027713866285237 0.402542568832658 0.5728182586220032 0.8301185628605835 0.8982255316578207 0.9837867891218162 1.2463980526321774 2.097127101275159
59 708 -0.985862848458266 -0.32747574557526277 0.324915796933243 0.8400096968534132 0.05454947497052616 0.3027713866285237 0.402542568832658 0.5728182586220032 0.8301185628605835 0.8982255316578207 0.9837867891218162 1.2463980526321774 2.097127101275159
60 720 -0.9851690038752016 -0.37674871384803355 0.3440114050486086 0.8423923418861613 0.05454947497052616 0.3027713866285237 0.402542568832658 0.5728182586220032 0.8301185628605835 0.8982255316578207 0.9837867891218162 1.2463980526321774 2.097127101275159
61 732 -0.9858907302049259 -0.40753893312819456 0.36045259611235136 0.8502479156756279 0.05454947497052616 0.3027713866285237 0.402542568832658 0.5728182586220032 0.8301185628605835 0.8982255316578207 0.9837867891218162 1.2463980526321774 2.097127101275159
62 744 -0.9867385936505081 -0.40670253400204953 0.3499098476425546 0.8443313882111115 0.05454947497052616 0.3027713866285237 0.402542568832658 0.5728182586220032 0.8301185628605835 0.8982255316578207 0.9837867891218162 1.2463980526321774 2.097127101275159
63 756 -0.9866947921732915 -0.4247371282000987 0.40694142452781457 0.8477639175395326 0.05454947497052616 0.3027713866285237 0.402542568832658 0.5728182586220032 0.8301185628605835 0.8982255316578207 0.9837867891218162 1.2463980526321774 2.097127101275159
64 768 -0.9880157652026804 -0.47967351381101275 0.4256645544957248 0.8657361401802564 0.03624308125403129 0.25004804212389475 0.3078817442884172 0.5796837873371952 0.7178775629394231 0.8341167903406669 0.9040682632843093 1.281063201322545 2.199039924185737
65 780 -0.9878244919774408 -0.49765231986742264 0.43609910488347814 0.8681382421005714 0.03624308125403129 0.25004804212389475 0.3078817442884172 0.5796837873371952 0.7178775629394231 0.8341167903406669 0.9040682632843093 1.281063201322545 2.199039924185737
66 792 -0.9865316929717531 -0.4583637712530647 0.4098331622068297 0.8581041743367429 0.03624308125403129 0.25004804212389475 0.3078817442884172 0.5796837873371952 0.7178775629394231 0.8341167903406669 0.9040682632843093 1.281063201322545 2.199039924185737
67 804 -0.9878199848559668 -0.46184766916385916 0.42971393270206887 0.8768188994683656 0.03624308125403129 0.25004804212389475 0.3078817442884172 0.5796837873371952 0.7178775629394231 0.8341167903406669 0.9040682632843093 1.281063201322545 2.199039924185737
68 816 -0.9875143115748239 -0.43951490104488755 0.43252056763859226 0.8702768971367332 0.03624308125403129 0.25004804212389475 0.3078817442884172 0.5796837873371952 0.7178775629394231 0.8341167903406669 0.9040682632843093 1.281063201322545 2.199039924185737
69 828 -0.9874244683676994 -0.40836354062553876 0.4006006013811243 0.8725399264918843 0.03624308125403129 0.25004804212389475 0.3078817442884172 0.5796837873371952 0.7178775629394231 0.8341167903406669 0.9040682632843093 1.281063201322545 2.199039924185737
70 840 -0.9873097220291861 -0.3908829857442433 0.38453842480317796 0.8685473454541808 0.03624308125403129 0.25004804212389475 0.3078817442884172 0.5796837873371952 0.7178775629394231 0.8341167903406669 0.9040682632843093 1.281063201322545 2.199039924185737
71 852 -0.9875398586022642 -0.3922551696822628 0.3422825153459794 0.8930158850334059 0.03624308125403129 0.25004804212389475 0.3078817442884172 0.5796837873371952 0.7178775629394231 0.8341167903406669 0.9040682632843093 1.281063201322545 2.199039924185737
72 864 -0.9887689851034701 -0.4769088538077451 0.413640354127611 0.9117275633996667 0.03624308125403129 0.25004804212389475 0.3078817442884172 0.5796837873371952 0.7178775629394231 0.8341167903406669 0.9040682632843093 1.281063201322545 2.199039924185737
73 876 -0.9893226899812764 -0.47686074798340494 0.40665731883545075 0.9131203944939806 0.026328651986223226 0.18193006019929428 0.25499894347582347 0.48506137039867436 0.5450654720020247 0.8218507711410855 0.9189334011385883 1.290388321696373 2.2768011739634058
74 888 -0.9895024196745349 -0.48520757463210573 0.44058739308495787 0.9111423625296668 0.026328651986223226 0.18193006019929428 0.25499894347582347 0.48506137039867436 0.5450654720020247 0.8218507711410855 0.9189334011385883 1.290388321696373 2.2768011739634058
75 900 -0.9887425725813819 -0.49455786811079905 0.4662654853767629 0.9078292625692982 0.026328651986223226 0.18193006019929428 0.25499894347582347 0.48506137039867436 0.5450654720020247 0.8218507711410855 0.9189334011385883 1.290388321696373 2.2768011739634058
76 912 -0.9872893804672113 -0.47084539899497385 0.4513819991951197 0.8941784185428332 0.026328651986223226 0.18193006019929428 0.25499894347582347 0.48506137039867436 0.5450654720020247 0.8218507711410855 0.9189334011385883 1.290388321696373 2.2768011739634058
77 924 -0.9881249058743178 -0.457618491770466 0.4478922411556297 0.8979296809197446 0.026328651986223226 0.18193006019929428 0.25499894347582347 0.48506137039867436 0.5450654720020247 0.8218507711410855 0.9189334011385883 1.290388321696373 2.2768011739634058
78 936 -0.9867818596229176 -0.47134189421311995 0.4473704519139118 0.8827173976549694 0.026328651986223226 0.18193006019929428 0.25499894347582347 0.48506137039867436 0.5450654720020247 0.8218507711410855 0.9189334011385883 1.290388321696373 2.2768011739634058
79 948 -0.9860044917391664 -0.4517076262256896 0.4412792081640896 0.8770695180459777 0.026328651986223226 0.18193006019929428 0.25499894347582347 0.48506137039867436 0.5450654720020247 0.8218507711410855 0.9189334011385883 1.290388321696373 2.2768011739634058
80 960 -0.9849785577247696 -0.4179813846068075 0.4295899918955055 0.8669317496494897 0.026328651986223226 0.18193006019929428 0.25499894347582347 0.48506137039867436 0.5450654720020247 0.8218507711410855 0.9189334011385883 1.290388321696373 2.2768011739634058
81 972 -0.988106455144182 -0.4306469174683826 0.4343342751570992 0.8850919851162342 0.026328651986223226 0.18193006019929428 0.25499894347582347 0.48506137039867436 0.5450654720020247 0.8218507711410855 0.9189334011385883 1.290388321696373 2.2768011739634058
82 984 -0.9879430695692349 -0.42581921007604695 0.4425585035978513 0.8637774367128647 0.01678793321270529 0.17069728643047394 0.26813976798948025 0.4113806657291023 0.6768337782777868 0.839980802145937 0.9666520414211409 1.3077742029626558 2.2183521739977987
83 996 -0.9870512920355118 -0.3921435261781957 0.4171413992065004 0.8466156995680197 0.01678793321270529 0.17069728643047394 0.26813976798948025 0.4113806657291023 0.6768337782777868 0.839980802145937 0.9666520414211409 1.3077742029626558 2.2183521739977987
84 1008 -0.9870903846231944 -0.40343005299589135 0.42566083468268845 0.8460830665932974 0.01678793321270529 0.17069728643047394 0.26813976798948025 0.4113806657291023 0.6768337782777868 0.839980802145937 0.9666520414211409 1.3077742029626558 2.2183521739977987
85 1020 -0.9859421414741024 -0.3913420377819815 0.4259030115368181 0.8367390121599305 0.01678793321270529 0.17069728643047394 0.26813976798948025 0.4113806657291023 0.6768337782777868 0.839980802145937 0.9666520414211409 1.3077742029626558 2.2183521739977987
86 1032 -0.9845877473427949 -0.4113233362041433 0.44390934909626 0.8422844900288874 0.01678793321270529 0.17069728643047394 0.26813976798948025 0.4113806657291023 0.6768337782777868 0.839980802145937 0.9666520414211409 1.3077742029626558 2.2183521739977987
87 1044 -0.9864313584166737 -0.43939830111822087 0.4477731062143606 0.8540839091079725 0.01678793321270529 0.17069728643047394 0.26813976798948025 0.4113806657291023 0.6768337782777868 0.839980802145937 0.9666520414211409 1.3077742029626558 2.2183521739977987
88 1056 -0.9871442261570547 -0.43864133450631604 0.4404393697941903 0.8569134808859742 0.01678793321270529 0.17069728643047394 0.26813976798948025 0.4113806657291023 0.6768337782777868 0.839980802145937 0.9666520414211409 1.3077742029626558 2.2183521739977987
89 1068 -0.9867815816898606 -0.43555238070771674 0.43148299524101086 0.8633207014116162 0.01678793321270529 0.17069728643047394 0.26813976798948025 0.4113806657291023 0.6768337782777868 0.839980802145937 0.9666520414211409 1.3077742029626558 2.2183521739977987
90 1080 -0.9855856107768853 -0.4201487779916141 0.3982062244179539 0.8579703803976781 0.01678793321270529 0.17069728643047394 0.26813976798948025 0.4113806657291023 0.6768337782777868 0.839980802145937 0.9666520414211409 1.3077742029626558 2.2183521739977987
91 1092 -0.9852749211523084 -0.35025971187342286 0.3773210475585306 0.8369711399323659 0.014886596070616197 0.20105355107441225 0.31345147936948814 0.43162117344839296 0.7109863841145971 0.9233946603065111 1.0184754594676593 1.36916104805745 2.0987504895616693
92 1104 -0.9857221222248121 -0.3369790009023796 0.3600808523024609 0.8351792300741661 0.014886596070616197 0.20105355107441225 0.31345147936948814 0.43162117344839296 0.7109863841145971 0.9233946603065111 1.0184754594676593 1.36916104805745 2.0987504895616693
93 1116 -0.9859082646003277 -0.33986297865966864 0.3304980383031493 0.8265979459711389 0.014886596070616197 0.20105355107441225 0.31345147936948814 0.43162117344839296 0.7109863841145971 0.9233946603065111 1.0184754594676593 1.36916104805745 2.0987504895616693
94 1128 -0.985434210935158 -0.3362880923914736 0.37205366241957416 0.820162356479966 0.014886596070616197 0.20105355107441225 0.31345147936948814 0.43162117344839296 0.7109863841145971 0.9233946603065111 1.0184754594676593 1.36916104805745 2.0987504895616693
95 1140 -0.9865761540498569 -0.3389208036021772 0.396176975977346 0.8395662622783457 0.014886596070616197 0.20105355107441225 0.31345147936948814 0.43162117344839296 0.7109863841145971 0.9233946603065111 1.0184754594676593 1.36916104805745 2.0987504895616693
96 1152 -0.9878232061819596 -0.3207331021576144 0.368884903970812 0.8410840118025006 0.014886596070616197 0.20105355107441225 0.31345147936948814 0.43162117344839296 0.7109863841145971 0.9233946603065111 1.0184754594676593 1.36916104805745 2.0987504895616693
97 1164 -0.9866687362421274 -0.3345187118219556 0.4067666732019427 0.8358369494711734 0.014886596070616197 0.20105355107441225 0.31345147936948814 0.43162117344839296 0.7109863841145971 0.9233946603065111 1.0184754594676593 1.36916104805745 2.0987504895616693
98 1176 -0.9846746501230395 -0.2957794608183474 0.3869097000222924 0.8037604531418965 0.014886596070616197 0.20105355107441225 0.31345147936948814 0.43162117344839296 0.7109863841145971 0.9233946603065111 1.0184754594676593 1.36916104805745 2.0987504895616693
99 1188 -0.9850652961386461 -0.3190149951141673 0.3903353196968493 0.8058022768557312 0.014886596070616197 0.20105355107441225 0.31345147936948814 0.43162117344839296 0.7109863841145971 0.9233946603065111 1.0184754594676593 1.36916104805745 2.0987504895616693
100 1200 -0.9848418358616565 -0.3379855576950431 0.4076043485758253 0.8056417725578591 0.011673618248516853 0.1923131432240422 0.3123327054258474 0.36419281171432244 0.7028532942649592 0.8461033354083913 1.1165999084649223 1.3452178773310404 2.113383817027577
101 1212 -0.9858588089636976 -0.35577243842634754 0.41509209576325357 0.8117304508834103 0.011673618248516853 0.1923131432240422 0.3123327054258474 0.36419281171432244 0.7028532942649592 0.8461033354083913 1.1165999084649223 1.3452178773310404 2.113383817027577
102 1224 -0.9863890134544403 -0.3441044635018091 0.40645321780727917 0.799183715830333 0.011673618248516853 0.1923131432240422 0.3123327054258474 0.36419281171432244 0.7028532942649592 0.8461033354083913 1.1165999084649223 1.3452178773310404 2.113383817027577
103 1236 -0.9864924531951783 -0.36367859420151094 0.3977705753178149 0.7975428383546694 0.011673618248516853 0.1923131432240422 0.3123327054258474 0.36419281171432244 0.7028532942649592 0.8461033354083913 1.1165999084649223 1.3452178773310404 2.113383817027577
104 1248 -0.9871404815883001 -0.36441567123818697 0.3878805997664955 0.7993727118116375 0.011673618248516853 0.1923131432240422 0.3123327054258474 0.36419281171432244 0.7028532942649592 0.8461033354083913 1.1165999084649223 1.3452178773310404 2.113383817027577
105 1260 -0.9891568641421217 -0.35864062863673146 0.3720350080924182 0.8182287094987509 0.011673618248516853 0.1923131432240422 0.3123327054258474 0.36419281171432244 0.7028532942649592 0.8461033354083913 1.1165999084649223 1.3452178773310404 2.113383817027577
106 1272 -0.9885215518847394 -0.36120007390612874 0.35283478823548625 0.8035220465553162 0.011673618248516853 0.1923131432240422 0.3123327054258474 0.36419281171432244 0.7028532942649592 0.8461033354083913 1.1165999084649223 1.3452178773310404 2.113383817027577
107 1284 -0.9878601166338803 -0.35339389681438904 0.3446730168567823 0.7954534261760421 0.011673618248516853 0.1923131432240422 0.3123327054258474 0.36419281171432244 0.7028532942649592 0.8461033354083913 1.1165999084649223 1.3452178773310404 2.113383817027577
108 1296 -0.9889977118206372 -0.3468013564370342 0.33212733143872614 0.8082776034732433 0.011673618248516853 0.1923131432240422 0.3123327054258474 0.36419281171432244 0.7028532942649592 0.8461033354083913 1.1165999084649223 1.3452178773310404 2.113383817027577
109 1308 -0.988392503924175 -0.3573560142513504 0.30133105473472216 0.8085492348788466 0.009642424438357187 0.17450044788773883 0.30977418887414937 0.3558964186708936 0.599047894782151 0.9408700029797509 1.1020834896625105 1.5296337729325713 1.9870510985351755
