% # columns="iteration, evaluation, sigma, void, void,  stds==sigma*sigma_vec.scaling*sqrt(diag(C))", seed=74070, Mon Apr 13 08:28:16 2026, <python>{}</python>
1 12 18.394479091689256 0 0 0.008658918260398536 4.105317475371673 0.019816045675902907 7.482095618655245 7.724678248088471 12.811728424496147 2.355908057759819 2.390197332537269 6.641121319108209
2 24 17.55916393220433 0 0 0.008417018583490121 3.7215285980583723 0.01895517833027928 6.973678172877419 7.41339854254764 12.172003960433386 2.1931191519872093 2.2661324886731538 6.501666957789039
3 36 16.494298286322554 0 0 0.007968398377014952 3.5703242767661156 0.017843260399026464 6.447904970340181 6.845965728004545 10.813201038596338 2.0322644707443556 2.021436966542574 6.229615445735051
4 48 15.867699172660839 0 0 0.007818714242069567 3.580747715531046 0.017221971304400358 6.068887806670926 6.818789109378367 10.180612929641118 1.9020306794117945 1.9196473633523643 5.9990473576329215
5 60 14.867102477277207 0 0 0.00741534525241609 3.290873668622766 0.016294293916598913 5.526851413068975 6.231517697145766 9.201905932901967 1.7643470569810946 1.799938884091786 5.565247738217522
6 72 15.022031982179596 0 0 0.007246800228808342 3.3121062132688546 0.01679677705108637 5.5085181230200355 6.389951599710783 9.206178744601715 1.7219937187651402 1.792620307424563 5.861165603607103
7 84 14.573233296919124 0 0 0.007448297367911351 3.2775737903616267 0.015898122123149918 5.396633356584097 6.058219454741272 8.793099802878034 1.6524149658171319 1.7167518345229198 5.628761767108088
8 96 13.262815217204288 0 0 0.00682230117697306 2.983665710645687 0.014375364597719141 4.7648238075458105 5.458877890421733 7.929858316246491 1.4961177550457252 1.5296115806597352 5.174012560721428
9 108 13.293759590689117 0 0 0.007021916699128472 2.973420810208886 0.013916527655702336 4.681836586481602 5.976564903242504 7.765884329426864 1.425968735136657 1.541683571776542 5.166395058840066
10 120 14.078291024848381 0 0 0.00738767354639853 3.0645365757675282 0.01478051421770266 4.981015083581559 6.44453427785641 8.115573002967201 1.5110621552769192 1.7488421888522372 5.320145891909417
11 132 13.510495353429201 0 0 0.007166973486467514 3.018654850985431 0.01406045150748893 4.760127550056536 6.198787232621418 7.808374021000413 1.4537480175924316 1.645272387847603 4.914622368987497
12 144 13.774310196166734 0 0 0.007368740733011649 2.9833060545396557 0.01463175976050415 4.839377903647004 6.25707915566292 8.185068813979257 1.4552614430884803 1.6708260195980384 5.0065617751368325
13 156 14.087243020717606 0 0 0.007564939908451951 3.045985810128285 0.015011628747360686 4.943191066929283 6.358020671763652 8.993865817120337 1.450376691682225 1.6344206054358257 4.990961045705608
14 168 13.972227733110879 0 0 0.007475090854279894 2.8835656092296005 0.014819294182272739 4.842623286927038 6.293567335810686 9.257175581815755 1.4191129834573895 1.6177518807862876 4.952163131437621
15 180 15.452907887100773 0 0 0.008179962738456016 3.240878536554577 0.016354887420196994 4.98886097633747 6.72205051161342 11.610634724981933 1.5618130743071077 1.7906989826796398 5.469430221584391
16 192 16.036724205492643 0 0 0.008647175061335948 3.308918918500749 0.017013198930907084 5.150353883445691 7.308594878769211 12.456449257344998 1.5781090855919864 1.861625044201884 5.709322133654058
17 204 14.788018051593744 0 0 0.007908339905602366 3.028938203498802 0.015995598509333894 4.682459425933177 6.739449665003199 11.290074525067086 1.4450918045470087 1.653668313544729 5.264898897905048
18 216 14.016858073232079 0 0 0.007499023039947376 2.8225446273033032 0.015473181891293304 4.383758308247336 6.3738016008122464 10.577597264817195 1.319007055735194 1.5723177689623569 4.843790468638927
19 228 14.13389500235025 0 0 0.007547490310999272 2.750681901077658 0.01616662611932802 4.379783230497158 6.392051313605144 10.591059268399176 1.3929566101717654 1.5557062105620376 4.92244172523626
20 240 13.5810698147149 0 0 0.007189391907762252 2.5360311262138127 0.015741502335547445 4.072208235121319 6.174766316835541 9.854086630652054 1.3149819415336053 1.4789210292595143 4.653718146447075
21 252 13.591016854061987 0 0 0.007314232892029504 2.5935175388725065 0.016322933677532018 3.959995548611058 6.183584771338323 10.219546496073297 1.3029437553789078 1.4795521856732383 4.771474325695122
22 264 12.73528859077307 0 0 0.006789638846414865 2.382722572599995 0.0157730969192039 3.5992906071836885 5.770652581589417 9.492190844567343 1.1950166102502717 1.3601448690129652 4.470679712650031
23 276 14.406105531360323 0 0 0.007665594563879105 2.7345161644728857 0.019154425870459197 4.13060086704585 6.525046764716074 10.653725132740282 1.3293843939799326 1.522455187850115 5.048962716787896
24 288 14.62227865285788 0 0 0.007726733916850347 2.7598012225345663 0.019664975080257403 4.234504006426374 6.723176541643682 11.221478663569986 1.3096638619631402 1.546019907798764 4.96511441793637
25 300 15.716275608074728 0 0 0.008281842099181709 2.9431369573088526 0.021026577340321206 4.660659475881777 7.104608405174685 12.685767873109931 1.4424561955247357 1.6586688339554279 5.321695128948957
26 312 16.5880033064415 0 0 0.008617313383230334 3.116784979458755 0.022219818342024897 4.926948717264518 7.789315949369131 14.28112243919661 1.5123504361092561 1.71385665381313 5.510573188813593
27 324 16.290741622633615 0 0 0.009081973503802665 3.1740021445648936 0.0209058097744276 4.742895451119138 7.721131024009954 14.55954008363792 1.4488981574995832 1.6144383721568951 5.360916562532718
28 336 16.879890081890913 0 0 0.008957492023396713 3.3641131961172253 0.021722949022599785 4.981260725903589 8.459522726260476 16.088217133225783 1.5303215216306096 1.6694819568035375 5.642150012746189
29 348 16.796520996793625 0 0 0.008531951096760042 3.3854969978985254 0.021617680143818395 5.1089337276691715 8.633372723259074 15.927515486238114 1.556028363794728 1.745469071353053 5.611382968196928
30 360 14.926540596186074 0 0 0.007523338203531673 3.0130368999208694 0.01909571538721131 4.446148914291561 7.588769738236711 14.138122221594019 1.3727639507770975 1.5398153021030712 4.969317927976027
31 372 15.495617287109608 0 0 0.007954530523816747 3.141677847903214 0.020965709063305304 4.719420321552553 7.705123978377364 15.011472301821689 1.454920247853247 1.5750896947753958 5.131298225272545
32 384 16.37824763184596 0 0 0.008346471879831206 3.2256708076944314 0.02214196628166777 5.450188174328594 8.015477822149263 16.263938983921786 1.6539731095452048 1.6480515104632574 5.55156180400806
33 396 15.739059885428334 0 0 0.007922929231826336 3.1372250943005042 0.021375243853091287 5.369230600771909 7.6846884884805995 15.823903962417958 1.6302501301593193 1.561256996825654 5.308516539987053
34 408 14.963082156804443 0 0 0.007567774723499061 2.9751961966509897 0.019455756073651038 5.25911049833987 7.157119370761037 15.560280339582615 1.5687907509703305 1.475092818045883 4.933477557091236
35 420 14.92129117714956 0 0 0.007449781719545111 2.947476245013304 0.01906489507417115 5.14404518126274 6.923004383891274 15.573815159444228 1.538226580279436 1.5739071935636033 4.902440823239461
36 432 14.801501639305325 0 0 0.00732072410154424 2.9482997883881494 0.019331026551289703 5.10481538354582 7.005576745338259 15.815135994004596 1.5083001335854331 1.5371883834877667 4.926149504770205
37 444 13.033586895956853 0 0 0.006288901292539783 2.5787433708193648 0.017088296060158267 4.458347947360121 6.172392833765474 13.92500692691653 1.3176491100728611 1.329523405651578 4.413252414600209
38 456 13.820507535146623 0 0 0.006872106077424584 2.7831875419814 0.018438863862736465 5.004173831933535 6.565879520731777 15.313380234953273 1.4304748220686576 1.4644785846591313 4.747615074746161
39 468 14.476896361513395 0 0 0.007188502221440115 2.9190694469395413 0.019428165026070424 5.227579114129054 7.221760742779355 16.76357316913066 1.4982003637089514 1.5675362827790327 4.941234320800946
40 480 16.12491478584553 0 0 0.0077308868589434 3.2529677124194647 0.02175660198208329 6.21425073853668 9.047613171977432 19.58587548643901 1.732644200368671 1.6777469725029261 5.5070342615107135
41 492 18.666015978194192 0 0 0.009147952781018808 3.753786262513837 0.025749278976426284 7.984005974475697 11.368810597052937 25.085544623966186 2.16598927695465 1.927211988829645 6.359707877627007
42 504 20.55931646832322 0 0 0.010467603724505148 4.098395624231651 0.028234193157962776 9.505772910543937 13.326251900960278 28.417992199053703 2.5296896146969807 2.149370356904228 6.839640955168367
43 516 20.985116043601785 0 0 0.01065606959743983 4.176857382356414 0.02841821883817617 10.022045877213573 13.772361402076696 28.104607894693675 2.659204159234437 2.1740081714177966 6.9219285540584545
44 528 21.519533540174397 0 0 0.011520519963110957 4.157809549227768 0.0286775118072622 10.352600536162491 14.307890379584013 29.20982624246579 2.696131349316311 2.1894666478627722 7.380093588788241
45 540 21.28930755612368 0 0 0.011558002270228986 4.1004084797577836 0.028577203521335703 10.763368420238878 14.854696191639034 29.477090413803136 2.7717999420151487 2.120577974734654 7.404369627321713
46 552 22.317558251308984 0 0 0.01251067691461912 4.398209385344185 0.03167235312893614 11.759455679980169 16.232850601515302 33.44121204470548 2.9779168510884073 2.2396293917994865 7.771730886767245
47 564 21.965891013094243 0 0 0.012489854285360528 4.257504297560424 0.030965380021567294 11.595932356798574 15.395902604754747 33.35249387898329 2.929183711443436 2.113440565267962 7.734644099489994
48 576 21.510549846238725 0 0 0.012319254241117303 4.177339940991972 0.02927931618523153 11.363794500314897 15.279500697546087 32.76558354073667 2.8502729226684997 2.0831687201434432 7.688108460344561
49 588 22.279138296434116 0 0 0.012931974399601129 4.344071676929232 0.029998892511987396 12.838284707677033 16.505460852778953 36.17132119946654 3.1636244337007176 2.115842777122062 8.013127829731426
50 600 23.05398877104709 0 0 0.01325890669582315 4.5438637444154395 0.03262120762549839 13.874010677450253 17.960364359778957 39.6995214233707 3.419581319542814 2.176730395097859 8.280616942049305
51 612 21.29537404348588 0 0 0.012467388489762499 4.0735183760157865 0.029410699339192128 13.15844962262311 16.823982660458228 37.00239039391723 3.2509708810684153 2.00805317147462 7.704260142700793
52 624 21.058342476867487 0 0 0.012329959738913609 3.9493928356170818 0.028882310743194778 12.932800202396306 16.784057463164054 35.84045746722903 3.17565174478666 1.9412733575514143 7.533509983103054
53 636 20.046517792827974 0 0 0.011817060117481067 3.693458529369037 0.02734806745271733 12.070122036587996 15.411934720819863 33.902669972243686 2.938612498063146 1.8636740621838819 7.181568056628031
54 648 18.87908757126428 0 0 0.010889753954419455 3.5702078174278435 0.02560075758757707 11.767625653126863 14.38287666745668 31.994118005470874 2.8758440917491104 1.683269618170459 6.878122706421414
55 660 17.871860391415687 0 0 0.009718182220988423 3.362736126688101 0.023125165415830613 11.021446901980145 13.245643008095955 29.60175809357358 2.7011985585773695 1.6207276144190175 6.53698840990158
56 672 16.858732808555914 0 0 0.00899439070479262 3.0533438327519278 0.021547738801559316 10.057752260603825 12.128344675849391 26.331431189829296 2.481613103160856 1.5451930236735136 5.992902731098255
57 684 14.826097920594732 0 0 0.007881118539870698 2.6890749339789974 0.019296420990924597 8.885602929788872 10.752755505836026 23.043088242944552 2.192080010263736 1.3775083250532831 5.240186042755381
58 696 14.940093800939179 0 0 0.008084688311841686 2.6430863619762075 0.019096224472204625 8.974919104759879 10.703243195525785 23.108057264347067 2.220565611589004 1.377779929863887 5.50476715207636
59 708 13.885026895338147 0 0 0.007441088804249135 2.39564308850667 0.017712799301154093 8.261909146625548 9.939775963349618 21.853963543817237 2.058007773824438 1.2810545270044624 4.96537876930381
60 720 14.40681687427399 0 0 0.008120852476809033 2.483491704656706 0.020035885635366263 8.64702829081418 10.810281017132084 24.18429046584917 2.1295552703796026 1.3598615242628769 5.11800889602838
61 732 14.528023171282525 0 0 0.0085021743568115 2.4603433811074384 0.020569940232456094 8.920953907274775 11.01376715940474 25.156857339756936 2.178815402971404 1.4141748882047396 5.226139071387867
62 744 13.227383190419099 0 0 0.007594957552075056 2.257853336306421 0.01869152197396516 7.975259479036993 9.404448452296457 22.111501987469453 1.9687595354120864 1.2679612666557876 4.6775526344355605
63 756 12.693563154829457 0 0 0.007310624395802229 2.251960624826067 0.017441354818033016 7.757552704652546 9.244971317678296 21.705227944521646 1.9030294928694726 1.1894361696321876 4.730834466773563
64 768 12.99711793022417 0 0 0.007486294669208057 2.4377502478019024 0.016820086552176115 8.316525821944705 9.561745627128238 22.494065145934886 2.060449397593167 1.2437498378432583 5.140841690579365
65 780 12.163452189261191 0 0 0.006976126595788329 2.2676621403995547 0.015315563420161424 7.64531889650591 8.745794362260384 20.76615351344691 1.904987744283505 1.1667617740972032 4.813103961628709
66 792 11.68904644005551 0 0 0.00650995496895529 2.1871433720819273 0.014559407801444 7.001646545968356 8.241972060152504 19.48304440981344 1.7344879685325594 1.1416658120055538 4.627057371635038
67 804 11.33046220463441 0 0 0.006326237526696101 2.1232799993932696 0.0142332096023291 7.050280923899878 8.011911290767427 19.438196569781987 1.7488948717907495 1.1031569954142217 4.491891927307991
68 816 10.617347142156483 0 0 0.005714144882411349 2.033768948866816 0.013136770645926948 6.470783198530957 7.40894766116218 17.805175606850163 1.6039067683496135 1.0362597163587322 4.262862006003079
69 828 9.986007532214021 0 0 0.005418056719605532 1.8965975189525786 0.011851595047460006 6.038050272712725 7.058816401070962 16.520449207657705 1.488929584718406 0.9680051841807114 3.9262757364395986
70 840 9.618486458104872 0 0 0.005321036312121155 1.7369435114026837 0.011485667249675117 5.783512277003031 6.9776197264679185 15.840059087540022 1.4228309139178075 0.9129655898081679 3.723616101098997
71 852 10.35280713111666 0 0 0.006231717238266841 1.9132408149741815 0.01280176881105924 6.758900480576726 8.382358241270522 18.95445191389248 1.6232420484937258 1.0080043674024262 4.0397979334051755
72 864 11.559947895718446 0 0 0.007333555624511757 2.182365018574206 0.015546917185627033 8.079553766482883 9.944404349906367 22.90167279919239 1.9274253718302823 1.1120662204162426 4.858293231543386
73 876 12.082262884586296 0 0 0.007704657773509093 2.229055585359186 0.01654341470195681 8.50635855722987 10.571266581207361 23.9640838557586 2.027318556515297 1.1925247310287272 4.889692119735965
74 888 11.823284345110553 0 0 0.007508964729007075 2.190993089602978 0.01613768594128937 8.48664198657462 10.372118381314763 23.504730170298927 2.0307300060990126 1.1470866189160829 4.8361220966973635
75 900 11.811625696232502 0 0 0.007894309913282122 2.228856645727535 0.016489528814407184 8.370825130864311 10.115677461559727 23.05888915520515 2.007872771862544 1.157289247617041 4.6812147330352305
76 912 11.974256061357984 0 0 0.008078539386070801 2.2241846395540095 0.01630438448305662 8.185209044164788 10.25696183485197 22.87794685799253 1.9541659327117633 1.167340458724792 4.613890316428002
77 924 12.002024892828903 0 0 0.008197351629937484 2.2585817217881092 0.01635249834146764 8.500006308014735 10.292093599066435 23.317906127877794 2.0399179089943456 1.2054377389333955 4.605700386998305
78 936 13.406340063870777 0 0 0.009220137132807537 2.543847077037815 0.017934568263912005 9.494739127559622 11.575301551233013 25.75476762786795 2.30498706865865 1.3507724661114067 5.238526689945267
79 948 14.178008235453976 0 0 0.00945785149929099 2.636106141213603 0.018305808838668332 9.979098547286938 12.303565163962146 26.81259249034852 2.431246708030423 1.441700261608855 5.323053838945984
80 960 16.629423209736615 0 0 0.011002168510585195 3.073537868417395 0.021021531733841508 11.535064697094525 14.60922896446426 30.66778508575926 2.8118280307878867 1.710549540233859 6.150923557739389
81 972 17.625669389664946 0 0 0.011439883098963257 3.3665700627192905 0.022990548725396465 13.324475705560667 15.791900726431145 33.97919113698931 3.249662613249886 1.7688296215443353 6.615025388315374
82 984 18.186194198203367 0 0 0.011719782827311766 3.3430283174378777 0.02366916783521631 13.91108339816871 16.162465319928376 34.63679120536075 3.4322591703567524 1.806852815507692 6.398251058069721
83 996 19.33914749809571 0 0 0.012176824550901038 3.4847917320789845 0.02470549197092673 14.347111693482063 16.638636339793674 35.175933717248846 3.593019784848356 1.9137395692489794 6.570839919737527
84 1008 18.41085582376312 0 0 0.011772476952455228 3.3300713565577373 0.02336391624550816 13.6817730183543 15.778628285147226 33.6061392153739 3.430383087749988 1.7955761051535917 5.927719023986659
85 1020 16.572515028295516 0 0 0.010713384620134938 2.882326928363689 0.02016098161547083 11.870432564202083 14.019155950681112 29.468707402519154 2.97970577979682 1.6344191044911538 5.224946334132134
86 1032 15.981306441322406 0 0 0.010330161945327397 2.749534145898524 0.02005175754528852 11.318040221545358 13.799587767221096 29.005758557155623 2.821304990809736 1.5656178715239712 4.862500528984241
87 1044 15.579584444403984 0 0 0.010131227677787428 2.681857122761937 0.020051787881382347 11.739967161763477 13.63151334027169 29.79666284108243 2.9269788697988184 1.5383284851075252 4.499507456676105
88 1056 15.258467969784089 0 0 0.0096719896617158 2.5594761223854507 0.019907414243405735 11.490396702662245 12.901857032356792 29.012975735276207 2.8810737101070947 1.5481676494736263 4.252728727264722
89 1068 14.049888563680298 0 0 0.008719113526622501 2.298603141070263 0.017732255044800076 10.344982804510943 11.870281118177425 26.31451005537239 2.572947556844134 1.4296510256744257 3.868499515716808
90 1080 13.206043294178885 0 0 0.008019361198251189 2.1553349599474045 0.016070713511828552 9.300162249842195 11.018917077100033 24.00948583897216 2.314894610890366 1.3147190055649534 3.5926323532013504
91 1092 12.892862389832247 0 0 0.007542589051841769 2.0917229441232283 0.014511390615687908 8.59735515695218 10.189592852360567 21.510441633518315 2.1702579707561136 1.2813556150475802 3.428109962647147
92 1104 12.544475275217305 0 0 0.007257231927002648 1.9854072407259147 0.013888767594828533 8.4100076072753 9.807939801196417 21.04315405519886 2.119634642848797 1.27695024830199 3.3413544165134064
93 1116 11.364499612669459 0 0 0.006372121465370621 1.743561722036186 0.012351791252045467 7.560472356812578 8.891825491615874 18.5093020867592 1.9140949853782816 1.1378920928059473 2.8720143023735694
94 1128 10.660894290297142 0 0 0.005924406979995041 1.5802662706429977 0.011574968519426373 6.994663733944769 8.257382492665586 17.155047847303926 1.767875502609129 1.0900176964007309 2.635811500810834
95 1140 10.645848826267342 0 0 0.005924657781033798 1.5415475176829079 0.011441711718571253 7.2000666165825065 8.207759598511625 17.750627685362726 1.8104485965692765 1.1008641100143217 2.582366850228097
96 1152 9.859827796199403 0 0 0.005469164694431076 1.418271782114034 0.010263770756863855 6.716300468016305 7.264497804750852 16.01155661659619 1.7032792535946204 1.0005754587027509 2.355161907946281
97 1164 9.608346599743317 0 0 0.005429070995776089 1.351501081623766 0.010084336601626253 6.452095929130275 7.102697271441549 15.567774204364092 1.6359038285922674 0.979686913167046 2.3918688449394963
98 1176 8.451436752759708 0 0 0.004615283709447754 1.184891933922683 0.008671470029327392 5.303535540581284 6.104106707768516 12.961613185835771 1.3556225565495923 0.849693330248409 2.1690167080020566
99 1188 8.252991730013441 0 0 0.004528017008870582 1.186100439323751 0.00857720892716146 5.223981206077936 5.940279256428949 12.664054118488858 1.3433962582138563 0.8738052136813126 2.2208700364625895
100 1200 8.504371134749672 0 0 0.004939610446753521 1.2141576233475253 0.009001622994887978 5.339027210816604 6.002229533756458 13.13499566570196 1.3714044766558084 0.9040664896802608 2.3355889486873784
101 1212 9.008642187960673 0 0 0.00531765472707191 1.276595471205659 0.009434570048594198 5.683608644500035 6.166497888362575 13.772684697699606 1.471577774224665 0.9429052725617391 2.536223410536821
102 1224 9.469352384930366 0 0 0.005749961555105442 1.3610830881446228 0.009791629149593084 5.941077259913145 6.37839555869209 14.142605030606035 1.544289544169432 1.0105443443621114 2.5614680799877285
103 1236 9.521888239513038 0 0 0.0058899563661222775 1.371275648036533 0.009904120609869668 5.835450636289734 6.2450661078550675 14.174076296257693 1.5228808555201856 1.0301285236201767 2.573193426397475
104 1248 9.68493668084473 0 0 0.0056474706831968965 1.385732833202311 0.009524274141586598 6.009336748709132 6.37073647836009 13.959705845668077 1.5850114346412887 1.0322734591133174 2.4674942950460994
105 1260 9.432883126400352 0 0 0.005342513305144555 1.3752053509924063 0.009325154174079657 6.1252870048209 6.152420456901108 13.679897641141471 1.6142953264399675 1.0629591800466713 2.3701049010740163
106 1272 9.078554058136 0 0 0.005167584632358243 1.3423410188505212 0.008959387664096092 5.562272038372439 5.937571862511539 12.538165464856236 1.4528922085511995 1.0291371305088524 2.237837278480937
107 1284 8.842313923695679 0 0 0.005036762642273393 1.3570278120725008 0.00846399186370545 5.2718356899257195 5.8855296788902045 11.937548401471286 1.376921708504509 1.0126338118834928 2.171762510187012
108 1296 8.970239917464685 0 0 0.0052512238621755586 1.3503179100650626 0.008730402501072265 5.286164798687705 5.946120134283472 12.167562146013628 1.371499000705039 1.129617774919944 2.091883275200006
109 1308 9.664722747828328 0 0 0.005717834968166079 1.435377145069508 0.009214860619989697 5.672638078331581 6.575910466793691 13.102402744292954 1.4797075047297255 1.3333204740710227 2.24961145782881
