% # columns="iteration, evaluation, void, void, void, xmean", seed=74070, Mon Apr 13 08:28:16 2026, <python>{}</python> # scaling_of_variables: 1, typical_x: 0
1 12 0 0 0 0.12508116231220093 53.11694269638858 0.317241766189287 135.5269970160305 133.4396428013966 329.17345375651485 -32.63347265779657 -32.04725592179428 -95.90837042230149
2 24 0 0 0 0.12247573376180423 53.76442798717622 0.3234660715663027 136.00666456229544 127.19411967351203 325.4267564358681 -32.56282400705244 -31.801971821298523 -90.98097160004595
3 36 0 0 0 0.11977083140476909 52.926255359212966 0.32123967119618757 136.28265033024724 125.10624445401147 330.94310138527646 -32.684016823607614 -32.16109698077126 -88.95406009593604
4 48 0 0 0 0.12714738277412876 50.74523824533114 0.31642176053799 136.428303212507 122.30810875808687 321.76931899876786 -33.298341217590895 -33.18516598740644 -87.72703356645957
5 60 0 0 0 0.12519279765406507 51.69937690692387 0.31602420544342824 138.17069505109998 122.46754704903755 320.96161555580153 -33.68461599285444 -33.8011203075694 -85.02562283107238
6 72 0 0 0 0.12526279019243325 51.91061681463193 0.3361445318423528 141.9151741603959 119.70134518598097 325.07337397368025 -33.70600143807632 -33.49722394723584 -82.33967423669112
7 84 0 0 0 0.1181747815427554 49.69674652988638 0.326573461076099 143.06646615735485 121.51421912435538 326.3515925520272 -35.06786691966759 -33.485948357675184 -86.52063171000134
8 96 0 0 0 0.1272207225482508 49.87412719636271 0.33239602605659374 141.78250517839876 120.98314799286447 327.49317332721944 -34.660669113896745 -32.677414001083015 -83.74096098640776
9 108 0 0 0 0.12731932962337691 50.42233324785583 0.3370591057457072 144.24736857415172 114.28418416655987 326.45008729329305 -35.56842489361946 -31.97906247850637 -86.11153097604468
10 120 0 0 0 0.12800088038329624 49.70943435525056 0.339621939396933 146.55162250237868 112.95318431115612 325.73647294393214 -36.45126475132276 -30.158344614837976 -85.68847018107601
11 132 0 0 0 0.12139875144816507 48.508821890489706 0.3417533692721942 145.76284365012708 112.87271928392904 321.1368596183986 -36.442774827848474 -31.347156834460453 -85.26208394932749
12 144 0 0 0 0.1185719773017786 49.9522487071921 0.35007779428838637 143.6679023788581 115.0205234217127 313.447910986014 -35.174228485423264 -31.621437433243454 -82.77287483921151
13 156 0 0 0 0.12242011913260507 51.01206580976819 0.34587330920915005 143.2879966744275 114.39623337699895 304.9730827811797 -35.283522174525565 -32.06150321831238 -84.8263836222141
14 168 0 0 0 0.12209076870164777 50.87020765584303 0.3381462374251134 143.8510121763851 119.1497679534473 302.4962023396418 -35.644269031982375 -31.279453869222532 -83.29475561387669
15 180 0 0 0 0.12355737936721944 50.05648398683334 0.33605789978725187 142.91775734382247 118.7025850843134 287.6501082526728 -35.75497881765253 -32.361598370432276 -84.1584784170573
16 192 0 0 0 0.12933468582923213 49.601297169995554 0.3301540445820426 139.1410664308083 112.18065784495066 289.5548823302937 -34.66038409381366 -32.80437419416302 -83.12172498717763
17 204 0 0 0 0.12629521479862812 50.22376594229811 0.32385650051366655 140.18218059479102 115.66906713389969 290.2716199730037 -35.10083946077454 -33.52280785320295 -83.7457418763232
18 216 0 0 0 0.12920268230520304 50.46076849633671 0.31573863852017237 139.6372969929887 114.69984962960095 288.9732806133874 -35.13333444942597 -32.031411487034106 -81.28077238226551
19 228 0 0 0 0.12827252711596696 50.52595106903172 0.30318676104029435 137.40191407790437 118.82544229341325 286.8250938139595 -33.937414192637235 -32.392597106484445 -80.7515466933712
20 240 0 0 0 0.12546302211460023 50.844434663143495 0.3029222512200914 138.88149325090123 116.67804850034005 280.6808921042347 -34.53906921873411 -31.627140423556217 -81.60128035309715
21 252 0 0 0 0.1314452287760862 52.852058378628705 0.2888417308616135 138.7201957497112 117.53345186628454 292.50406139213675 -34.751737063878046 -31.53606250308327 -84.44069792108594
22 264 0 0 0 0.13149919908499935 51.04214068961229 0.28709608039156165 140.71025791955665 116.00482804194576 292.9914334484795 -35.442949373439504 -32.1758827547128 -84.29346677260244
23 276 0 0 0 0.12404421021321659 49.502789771444306 0.269632072075491 143.41304860987415 117.40115076897523 294.6158401706677 -36.03945448708953 -31.796755510583328 -80.99980715533846
24 288 0 0 0 0.12681669078132207 48.12645216353335 0.28433911919914817 144.13887166551393 121.09785205336323 298.67033781578084 -36.025608019090335 -32.47114870234141 -78.78173446919831
25 300 0 0 0 0.12909930193255065 47.09482611801349 0.27695346125851905 146.71798991254454 120.6205311491728 310.3004016936904 -37.09356767583792 -32.284582740751276 -77.98231334386584
26 312 0 0 0 0.12719149035776384 46.06404049347124 0.2784786638789652 146.40288265136797 125.43298563032204 317.93519664780337 -36.812773565882495 -32.20658460244045 -76.16299817937121
27 324 0 0 0 0.13554870887958861 48.51977698918693 0.29121243514923095 145.68428148470636 123.33080981993268 323.2165290780864 -36.35747972995504 -31.901756062917237 -77.35807880097352
28 336 0 0 0 0.1325875794279573 47.00399785824601 0.275615942632388 148.91122206947654 125.81584932236836 337.14095119336 -37.28213213457353 -31.351553003802415 -74.12479341914418
29 348 0 0 0 0.12996578687393978 45.95174067204418 0.2798063388056897 151.2898595833279 132.9333810979325 331.5984167040047 -38.00345532837954 -32.44847820627479 -74.5825699662125
30 360 0 0 0 0.1293923175131413 47.171187293975414 0.280917246154997 150.7157475572684 130.71770806034982 332.95417307980875 -37.56554713491738 -32.38962054584624 -77.30587396580178
31 372 0 0 0 0.13682468162612854 46.492952679613396 0.25884696496705784 155.18767892513495 134.46123884342336 340.45086275279414 -38.92898608765174 -32.490773953637735 -74.8561012835337
32 384 0 0 0 0.13531235343056505 46.60691544358923 0.26180515677049876 160.8841440559169 135.592871525009 345.7826112728554 -40.458215223903665 -32.00112264177385 -72.55133957981266
33 396 0 0 0 0.1307977258746445 45.535037157823375 0.2575523247737946 159.6555314446686 136.96595363248065 336.3728935783648 -40.52710398120156 -32.16836998539172 -75.2533356319164
34 408 0 0 0 0.13549846066831248 46.043518687773656 0.2698805042701917 161.57684242977803 139.6496859411012 348.6998660048167 -40.657943360254 -32.59265542042522 -72.98940038241679
35 420 0 0 0 0.1346258498644861 45.851498033979176 0.27253826512319207 160.79280932168655 135.79618863460587 342.9073735453665 -40.73021172064494 -34.328260563426426 -73.81750818851664
36 432 0 0 0 0.13695664956121895 47.878114176103864 0.2887923136974699 159.5160477589844 130.95927833605552 333.491809407786 -40.59963658053191 -33.776768093539395 -78.09721417343208
37 444 0 0 0 0.13546192085139563 47.78370584406376 0.2851088847510452 157.48540752996988 127.89676736394908 332.59314962063996 -39.837679710143746 -32.87559848800773 -77.12248179483228
38 456 0 0 0 0.14184258373923578 49.09215051502049 0.2950786226416774 163.34715605844968 131.70334967074092 349.95696385198164 -41.2011773921198 -31.574395681879093 -79.4231508019338
39 468 0 0 0 0.14336355294175362 47.49821217179847 0.2797476235510921 166.90087449068 140.38210023785905 366.5089350006009 -42.01328595597055 -31.531820963035063 -75.0365991317854
40 480 0 0 0 0.14445336526841007 46.49368183968484 0.28162695901071444 171.3416355417225 149.2070553049888 378.6451947338488 -43.089216176330154 -31.46230599119512 -74.64382043187905
41 492 0 0 0 0.15147038652003159 46.76163243646488 0.26352235505511196 178.65828367311826 158.44744471444298 401.0151179389246 -44.94019359636424 -31.319558567322645 -74.13399604276474
42 504 0 0 0 0.15533794859408315 47.55074667277432 0.265414651295922 183.275613181672 162.46894267896658 400.5098576023546 -46.08641026578306 -32.39773307031032 -71.69860466855812
43 516 0 0 0 0.15464611356056862 45.84608248611974 0.2720822601143564 185.8383293577058 166.99824978226562 404.88017531819634 -46.66825735549963 -31.88341286422816 -69.65849820988232
44 528 0 0 0 0.1645933582460434 45.898637902560154 0.26568886442250866 186.17300151776735 162.77308190182714 416.14645806516415 -46.85086103678807 -31.32522149803878 -63.95785845020503
45 540 0 0 0 0.1674262788469393 45.72559946870161 0.2541192040152517 190.57142696771896 174.7136373325597 428.974507410886 -47.762689532858246 -32.238943467357785 -62.00824693796402
46 552 0 0 0 0.1737343798926247 43.42624697139098 0.23188743225004615 201.5034548733557 188.63952059585094 468.2404293405249 -50.37505089262884 -30.91926052966877 -59.01980024532434
47 564 0 0 0 0.17427741917392692 43.7366937441532 0.25607070950725025 199.57927313167403 181.3217402690632 466.6865981293663 -49.88584985881469 -30.594602022407596 -55.75933614383588
48 576 0 0 0 0.1765791456816177 42.289380603959515 0.2493580501036905 207.50229077955169 186.082620945953 480.6818376042788 -51.841461787668024 -29.60476435992626 -54.42181340316942
49 588 0 0 0 0.18604117498372458 42.92723160454714 0.24294969900794866 221.06725620250214 199.81135717563924 514.2499707062666 -54.978032606432606 -30.099701601783813 -52.212621505346135
50 600 0 0 0 0.18763710159288005 41.31590532881805 0.2144138171791024 227.80803968449908 210.9030394758144 534.6534913019807 -56.826203025233966 -29.818378864843673 -57.07949811827036
51 612 0 0 0 0.18845701995945036 42.851186120201476 0.21835743785410427 220.78435656564787 195.89930216380588 516.6040043109274 -55.32078350253087 -30.989130911855053 -54.50728244755138
52 624 0 0 0 0.19202839213731507 43.18978768395815 0.2063982654069489 213.93418699730424 192.29282525758674 517.6721011067756 -53.505493246167816 -31.33689500153228 -49.1798009344784
53 636 0 0 0 0.19293245904152156 44.41624373722554 0.19941066250085757 220.55199092177378 201.62152058253636 530.5656216309806 -55.1897507038251 -31.99572359532985 -54.71808930462942
54 648 0 0 0 0.19217813036731526 41.73480328571097 0.20411003781926113 229.46547494734887 203.68184350776352 533.3941407420621 -57.462321097362654 -30.952079948599977 -48.40494956815862
55 660 0 0 0 0.18913848813075237 40.77808733420689 0.20852227561785544 228.9772986939201 201.28038281980182 537.3966171022425 -57.41559488888322 -32.552379887787055 -47.732920177662564
56 672 0 0 0 0.18483868081173538 39.00567159322037 0.2060472491426709 229.71853551681116 198.52742654805385 539.4012119423246 -57.817794166677984 -31.906090684881242 -47.11228538721507
57 684 0 0 0 0.18967583090999623 40.17585205514483 0.1897436120799743 227.89936926721006 201.8497344519545 542.3539769980397 -57.264242417736945 -32.15581909104633 -46.87458509225511
58 696 0 0 0 0.1979406031674215 39.38762375782999 0.18091974921533627 230.71982122554613 202.71444693005935 553.1267904433023 -58.16495421005095 -31.9727796814818 -42.18727584596236
59 708 0 0 0 0.20014645379302762 40.45437400960376 0.18331250649346503 232.5890351490006 204.6016168310869 563.6464661038606 -58.489716997778864 -31.595080847393277 -45.37579936196642
60 720 0 0 0 0.20686367912913356 41.70543903208637 0.16268685746426814 236.67077218138868 209.98479997384678 580.6917316848829 -59.2292042946467 -30.68711959873333 -43.351888517688735
61 732 0 0 0 0.21073514084565179 40.7853799616859 0.15292615942067272 242.82626476987076 216.28203486083146 598.8183074993649 -60.69611404814082 -29.98864083256869 -41.26012306730594
62 744 0 0 0 0.21101725369762447 41.72270000103783 0.15936256146004832 242.63333217378894 214.83118489717515 592.0962603063363 -60.64103498392939 -30.33311910176766 -42.37485874876577
63 756 0 0 0 0.20952590243663577 39.42700317086531 0.15690008557892732 245.71400451869852 220.0452309877775 606.1291313169332 -61.240983271534475 -29.975186186312428 -37.52362769512545
64 768 0 0 0 0.20909754486803098 37.217803812358206 0.15297439586149425 251.32635941394352 222.0341653147855 614.2487136543807 -62.88540861689132 -31.13138443678507 -33.479579507833925
65 780 0 0 0 0.20702260557129037 39.705336557211076 0.1539059029923956 244.7660677457759 216.48763360772114 597.6268992827327 -61.24124785914598 -31.47004801564963 -37.21615828285549
66 792 0 0 0 0.20750083840520647 40.65942128429918 0.15356438590199872 246.14363718192567 218.52274486055836 596.5086616602414 -61.62880855135164 -32.0992148015098 -39.95572459718521
67 804 0 0 0 0.21028504355522276 40.335063597247334 0.14805356273157805 253.23075588870464 224.37104041172086 613.3018887653456 -63.36195710023421 -31.567893309240347 -40.78024001547366
68 816 0 0 0 0.2099025288079127 41.683553367384036 0.14842492418568407 247.6751215584929 222.48668836949878 605.9461785897514 -61.882382741341516 -32.170170527467306 -42.02770192423611
69 828 0 0 0 0.21027598194004504 41.025927937422445 0.14809308694181253 251.92639669355606 227.22413631419641 616.3424895024064 -62.89156390683663 -31.96374302275198 -42.91587119448126
70 840 0 0 0 0.21344288623067673 40.76108225068717 0.13997117382729884 252.85762961242136 232.9428973793715 623.6335337042119 -62.982117005469256 -31.725103878353647 -40.542832631473324
71 852 0 0 0 0.21877274027242088 41.45867982552916 0.13177391356127077 260.6111533722563 241.63735214834665 644.8768009453833 -64.6614634888329 -31.283991534921597 -41.22852069696155
72 864 0 0 0 0.22311456530458046 40.06358838594329 0.11742605590403146 268.0183125600111 248.57898889238518 664.0546488223488 -66.3844982562021 -30.75558899568066 -35.264274253757726
73 876 0 0 0 0.22147350600327823 39.69157600741503 0.11189537502314648 268.12838526400725 249.37896381919862 662.8739973366912 -66.55188285824676 -31.540259262999374 -34.241289829434805
74 888 0 0 0 0.22017974592513787 38.662991075599805 0.11415047931408863 271.4885241076126 250.47325499472635 666.9947481778956 -67.41561061778333 -31.913711886771093 -33.079721210644344
75 900 0 0 0 0.20899051748257078 37.03205224727056 0.13444183717737637 263.93972524921236 239.69823470854453 644.7516489015875 -65.86442602550504 -32.095895742926956 -37.242086775671964
76 912 0 0 0 0.20830778811431883 37.30377622634861 0.1398240773819945 264.2530846927537 232.75201063854553 635.8023091531134 -66.09881310570358 -31.407926603335202 -37.61665189152752
77 924 0 0 0 0.21231906162897501 36.23000227286853 0.13221859144328627 272.46713845001614 239.45473539323473 656.5474769570616 -68.09727970856734 -30.96747426592824 -35.66251867711642
78 936 0 0 0 0.21764162443542026 37.94157891153543 0.13080636678973856 275.74161156383866 232.7429602317988 656.4392172476918 -69.16546742449009 -30.834094501747558 -35.857625747826205
79 948 0 0 0 0.2140611293476918 37.09706690401817 0.12545447153017197 277.19225526384514 231.89834413586328 660.5392217201935 -69.58606084777274 -30.425944055662217 -35.17534002429623
80 960 0 0 0 0.21870897427442976 38.12326377314565 0.1297252743831825 273.3920180810349 218.8252575754269 658.1606526148831 -68.87593948329919 -29.629150989418903 -33.381963394966164
81 972 0 0 0 0.21891372654805732 36.560160737710866 0.11428192499597967 285.86086570791144 229.2815669210325 683.2132603751992 -71.93482635800704 -29.168006188535763 -32.51694404614185
82 984 0 0 0 0.21949735882136748 37.588847924990574 0.11553097960350205 289.63090878297334 224.84161849800603 680.6149075431973 -73.18191865612721 -29.65254937763121 -34.93266381664613
83 996 0 0 0 0.2138837790222801 36.60915239258965 0.11831272925128795 290.92402144425506 217.4247023589431 673.5193466141645 -73.89902503485312 -30.118361093546607 -34.25980584861792
84 1008 0 0 0 0.2170143021560843 36.22570444209786 0.1224825808727952 288.9870910783484 216.22713090129088 674.8639351118788 -73.4920118481522 -30.567659956794888 -32.67850710341856
85 1020 0 0 0 0.21475195408364087 37.59105596840755 0.1317312547732861 280.5965204434516 210.20789566614638 656.7498206063907 -71.38402624773465 -29.8796133597263 -37.04436676109732
86 1032 0 0 0 0.21052129418104143 35.996517496310986 0.12727236255050103 278.2823992301295 204.9705549487898 653.2163845028016 -71.01333163261862 -29.81351748938155 -34.24823452549275
87 1044 0 0 0 0.22068904352848814 36.05673101212492 0.1108661901466287 295.9181637439475 218.0050569464447 696.6541057237606 -75.2121743240005 -28.92086157635717 -32.91711535688982
88 1056 0 0 0 0.22047240186319939 35.98564088529928 0.11664558635694557 295.1129858432835 213.58338324718432 694.9940337099946 -75.24795095725275 -29.57958876656719 -33.621519682540146
89 1068 0 0 0 0.21755519822100455 36.82959350621044 0.12393971359254585 285.12388252100124 206.0359590150764 672.96706895465 -72.87338199143258 -29.624549091558848 -36.06791094010757
90 1080 0 0 0 0.2214290976132042 37.358114086036956 0.12591112628373383 284.5479798455239 201.84179420446594 671.8506881092226 -72.83299652622962 -29.369312340145335 -35.142237322433054
91 1092 0 0 0 0.22256091961274055 37.76357641975129 0.12463085096415671 287.51283917564024 196.57328285823309 673.6912678377706 -73.69560581277284 -28.25300827605388 -34.60446684684278
92 1104 0 0 0 0.2208578889874276 37.12655575159211 0.12447204320298152 291.98311577884004 196.12501472212102 677.4847026146294 -74.8721063554703 -27.811667147579733 -33.96839186994816
93 1116 0 0 0 0.22094028845351604 37.29280256931255 0.11785889205559825 294.8227134099817 202.67124130873714 682.6684707080315 -75.46484685052806 -28.308550652327654 -34.46971933423198
94 1128 0 0 0 0.22089389915698826 37.68549965444052 0.11951898736668254 293.64270801168885 204.07130819364218 684.4079252255771 -74.96732204261518 -27.577610741847007 -36.52585205616593
95 1140 0 0 0 0.22396422821698783 37.328681996576954 0.11841341716030926 300.75596229789653 205.31388426067713 700.350616634943 -76.79655594323661 -27.210290081694954 -35.650317302046204
96 1152 0 0 0 0.22244341805948553 37.331538794819316 0.11665795735115583 301.08645341719694 204.63488877856315 699.043582330754 -76.92543680479814 -26.93997436566974 -36.68858097572405
97 1164 0 0 0 0.216868399008502 37.42548528180051 0.1265300481621706 295.1826674792946 197.08898743329195 680.28112350906 -75.74478116706246 -27.86357859802225 -38.813691564172515
98 1176 0 0 0 0.2196851184311164 36.99448403718637 0.12102412758292853 295.22723492210605 202.56829289231706 689.1022111606042 -75.50134244905767 -27.763149452823065 -35.93881912916878
99 1188 0 0 0 0.22070013306383085 36.438921803230635 0.11901145651253717 298.9848804324304 200.38839293802434 695.6564673085793 -76.59398989725518 -26.770374151156386 -36.09211935158524
100 1200 0 0 0 0.22687476183307745 37.00001615325194 0.11028797325077809 301.1895236246678 200.71682486835755 702.6919029107436 -77.19212104977406 -26.539780716103632 -34.417342532556006
101 1212 0 0 0 0.2285733269706313 36.51694948329374 0.11210344207227932 303.9694276868538 198.61390934229388 707.0287525025153 -77.98383252667314 -26.194256937972934 -33.09548170406757
102 1224 0 0 0 0.2333006861287913 37.884696750585675 0.10768569511572933 300.882399509937 196.7574724501299 706.2530243455426 -77.15330016806166 -25.81144301093935 -32.88458343168807
103 1236 0 0 0 0.2336506210449586 38.28538351775841 0.10372462462607938 302.2506692608055 195.7880947590915 711.8472687742695 -77.54830283164127 -25.272363275522633 -34.89475264953371
104 1248 0 0 0 0.23518506950796925 37.83505255054188 0.10237057399561618 306.82728889057887 194.6489058540246 718.6459596253588 -78.83531488911059 -24.887149917591827 -34.721252849061344
105 1260 0 0 0 0.23345345795409125 38.84364928102716 0.1121500695183675 298.27058824716323 190.881076200461 703.0761074559391 -76.60579234987661 -25.465593940965956 -35.44200136244874
106 1272 0 0 0 0.23552530262005955 38.75148505149292 0.10642918517513658 300.30955054862744 188.04242410071612 705.6767562663767 -77.21423068063581 -24.548316558639772 -33.96099889701706
107 1284 0 0 0 0.2374172886731354 39.49831731372153 0.10368070000482218 301.11516257347625 184.77772281318892 706.8889282555202 -77.57071215502192 -24.345495606180226 -34.79097145524379
108 1296 0 0 0 0.24040560559572557 39.834736541641945 0.09870788871402753 303.4330422979841 183.29986522948874 712.4714440476266 -78.1330937988394 -23.026505142045163 -34.591675590989816
109 1308 0 0 0 0.24165880517771715 39.65234827554723 0.09863659048163347 303.4619881143252 179.01727523533762 714.4983152625251 -78.25035249101148 -21.893020897709036 -35.221177435645956
