% # columns="iteration, evaluation, sigma, beta, void,  sigvec==sigma_vec.scaling factors from diagonal decoding", seed=74070, Fri Apr 10 00:11:30 2026, <python>{}</python>
1 12 19.60021323908241 1 0 0.001 0.5 0.01 0.5 0.5 0.75 0.2 0.2 0.3
2 24 20.18567285536998 1 0 0.001 0.5 0.01 0.5 0.5 0.75 0.2 0.2 0.3
3 36 20.323020073256448 1 0 0.001 0.5 0.01 0.5 0.5 0.75 0.2 0.2 0.3
4 48 23.860318806164116 1 0 0.001 0.5 0.01 0.5 0.5 0.75 0.2 0.2 0.3
5 60 28.305675181912314 1 0 0.001 0.5 0.01 0.5 0.5 0.75 0.2 0.2 0.3
6 72 31.480086169416207 1 0 0.001 0.5 0.01 0.5 0.5 0.75 0.2 0.2 0.3
7 84 35.00121089984867 1 0 0.001 0.5 0.01 0.5 0.5 0.75 0.2 0.2 0.3
8 96 37.40734428137342 1 0 0.001 0.5 0.01 0.5 0.5 0.75 0.2 0.2 0.3
9 108 38.07888115396642 1 0 0.001 0.5 0.01 0.5 0.5 0.75 0.2 0.2 0.3
10 120 41.11229354406684 1 0 0.001 0.5 0.01 0.5 0.5 0.75 0.2 0.2 0.3
11 132 41.581468911961224 1 0 0.001 0.5 0.01 0.5 0.5 0.75 0.2 0.2 0.3
12 144 43.75154875209494 1 0 0.001 0.5 0.01 0.5 0.5 0.75 0.2 0.2 0.3
13 156 50.07123735112683 1 0 0.001 0.5 0.01 0.5 0.5 0.75 0.2 0.2 0.3
14 168 56.355633451182314 1 0 0.001 0.5 0.01 0.5 0.5 0.75 0.2 0.2 0.3
15 180 67.71762474722331 1 0 0.001 0.5 0.01 0.5 0.5 0.75 0.2 0.2 0.3
16 192 80.1201412967603 1 0 0.001 0.5 0.01 0.5 0.5 0.75 0.2 0.2 0.3
17 204 92.26485055619263 1 0 0.001 0.5 0.00997663860599282 0.5 0.5 0.75 0.2 0.2 0.3
18 216 107.89018655694748 1 0 0.001 0.5 0.00848949749305686 0.5 0.5 0.75 0.2 0.2 0.3
19 228 121.89838320149447 1 0 0.001 0.5 0.007444400964626094 0.5 0.5 0.75 0.2 0.2 0.3
20 240 141.00738471450674 1 0 0.001 0.5 0.006418150892702765 0.5 0.5 0.75 0.2 0.2 0.3
21 252 163.10060325388505 1 0 0.001 0.5 0.005132931837199668 0.5 0.5 0.75 0.2 0.2 0.3
22 264 182.75896925912278 1 0 0.001 0.5 0.004503113204992376 0.5 0.5 0.75 0.2 0.2 0.3
23 276 208.19118834192895 1 0 0.001 0.5 0.003922778407208398 0.5 0.5 0.75 0.2 0.2 0.3
24 288 238.93081139484903 1 0 0.001 0.5 0.003309580248906828 0.5 0.5 0.75 0.2 0.2 0.3
25 300 275.47828902363034 1 0 0.001 0.5 0.0028748849277524242 0.5 0.48355418521994503 0.75 0.2 0.2 0.3
26 312 304.773679479 1 0 0.000999727368517394 0.45155712282610805 0.0026332609397142666 0.4916799619128845 0.44451934986205605 0.75 0.2 0.2 0.3
27 324 282.78331661803765 1 0 0.000999727368517394 0.45155712282610805 0.0026332609397142666 0.4916799619128845 0.44451934986205605 0.75 0.2 0.2 0.3
28 336 277.11510746467894 1 0 0.000999727368517394 0.45155712282610805 0.0026332609397142666 0.4916799619128845 0.44451934986205605 0.75 0.2 0.2 0.3
29 348 260.27363273672887 1 0 0.000999727368517394 0.45155712282610805 0.0026332609397142666 0.4916799619128845 0.44451934986205605 0.75 0.2 0.2 0.3
30 360 265.2464727750916 1 0 0.000999727368517394 0.45155712282610805 0.0026332609397142666 0.4916799619128845 0.44451934986205605 0.75 0.2 0.2 0.3
31 372 265.03352659389344 1 0 0.000999727368517394 0.45155712282610805 0.0026332609397142666 0.4916799619128845 0.44451934986205605 0.75 0.2 0.2 0.3
32 384 269.0328215870052 1 0 0.000999727368517394 0.45155712282610805 0.0026332609397142666 0.4916799619128845 0.44451934986205605 0.75 0.2 0.2 0.3
33 396 253.7115522877808 1 0 0.000999727368517394 0.45155712282610805 0.0026332609397142666 0.4916799619128845 0.44451934986205605 0.75 0.2 0.2 0.3
34 408 257.18946545147827 1 0 0.000999727368517394 0.45155712282610805 0.0026332609397142666 0.4916799619128845 0.44451934986205605 0.75 0.2 0.2 0.3
35 420 259.5276798266651 1 0 0.000999727368517394 0.45155712282610805 0.0026332609397142666 0.4916799619128845 0.44451934986205605 0.75 0.2 0.2 0.3
36 432 246.95711216078132 1 0 0.000999727368517394 0.45155712282610805 0.0026332609397142666 0.4916799619128845 0.44451934986205605 0.75 0.2 0.2 0.3
37 444 207.53348775033604 1 0 0.000999727368517394 0.45155712282610805 0.0026332609397142666 0.4916799619128845 0.44451934986205605 0.75 0.2 0.2 0.3
38 456 184.05756026730927 1 0 0.000999727368517394 0.45155712282610805 0.0026332609397142666 0.4916799619128845 0.44451934986205605 0.75 0.2 0.2 0.3
39 468 185.46814721791316 1 0 0.000999727368517394 0.45155712282610805 0.0026332609397142666 0.4916799619128845 0.44451934986205605 0.75 0.2 0.2 0.3
40 480 176.06991475571576 1 0 0.000999727368517394 0.45155712282610805 0.0026332609397142666 0.4916799619128845 0.44451934986205605 0.75 0.2 0.2 0.3
41 492 160.5051529545357 1 0 0.000999727368517394 0.45155712282610805 0.0026332609397142666 0.4916799619128845 0.44451934986205605 0.75 0.2 0.2 0.3
42 504 157.90409365358474 1 0 0.000999727368517394 0.45155712282610805 0.0026332609397142666 0.4916799619128845 0.44451934986205605 0.75 0.2 0.2 0.3
43 516 162.2050136146492 1 0 0.000999727368517394 0.45155712282610805 0.0026332609397142666 0.4916799619128845 0.44451934986205605 0.75 0.2 0.2 0.3
44 528 153.564843480372 1 0 0.000999727368517394 0.45155712282610805 0.0026332609397142666 0.4916799619128845 0.44451934986205605 0.75 0.2 0.2 0.3
45 540 161.34479048364943 1 0 0.000999727368517394 0.45155712282610805 0.0026332609397142666 0.4916799619128845 0.44451934986205605 0.75 0.2 0.2 0.3
46 552 151.9160333568532 1 0 0.000999727368517394 0.45155712282610805 0.0026332609397142666 0.4916799619128845 0.44451934986205605 0.75 0.2 0.2 0.3
47 564 149.6465018482081 1 0 0.000999727368517394 0.45155712282610805 0.0026332609397142666 0.4916799619128845 0.44451934986205605 0.75 0.2 0.2 0.3
48 576 154.85514591508692 1 0 0.000999727368517394 0.45155712282610805 0.0026332609397142666 0.4916799619128845 0.44451934986205605 0.75 0.2 0.2 0.3
49 588 164.05476161230683 1 0 0.000999727368517394 0.45155712282610805 0.0026332609397142666 0.4916799619128845 0.44451934986205605 0.75 0.2 0.2 0.3
50 600 154.88699913815248 1 0 0.000999727368517394 0.45155712282610805 0.0026332609397142666 0.4916799619128845 0.44451934986205605 0.75 0.2 0.2 0.3
51 612 148.67087568597253 1 0 0.000999727368517394 0.45155712282610805 0.0026332609397142666 0.4916799619128845 0.44451934986205605 0.75 0.2 0.2 0.3
52 624 142.75884109521095 1 0 0.000999727368517394 0.45155712282610805 0.0026332609397142666 0.4916799619128845 0.44451934986205605 0.75 0.2 0.2 0.3
53 636 137.6641868028333 1 0 0.000999727368517394 0.45155712282610805 0.0026332609397142666 0.4916799619128845 0.44451934986205605 0.75 0.2 0.2 0.3
54 648 127.06344526061558 1 0 0.000999727368517394 0.45155712282610805 0.0026332609397142666 0.4916799619128845 0.44451934986205605 0.75 0.2 0.2 0.3
55 660 118.60076905393188 1 0 0.000999727368517394 0.45155712282610805 0.0026332609397142666 0.4916799619128845 0.44451934986205605 0.75 0.2 0.2 0.3
56 672 113.82813102755706 1 0 0.000999727368517394 0.45155712282610805 0.0026332609397142666 0.4916799619128845 0.44451934986205605 0.75 0.2 0.2 0.3
57 684 107.83772028992415 1 0 0.000999727368517394 0.45155712282610805 0.0026332609397142666 0.4916799619128845 0.44451934986205605 0.75 0.2 0.2 0.3
58 696 103.66081030063008 1 0 0.000999727368517394 0.45155712282610805 0.0026332609397142666 0.4916799619128845 0.44451934986205605 0.75 0.2 0.2 0.3
59 708 95.52052164425312 1 0 0.000999727368517394 0.45155712282610805 0.0026332609397142666 0.4916799619128845 0.44451934986205605 0.75 0.2 0.2 0.3
60 720 89.13798455960324 1 0 0.000999727368517394 0.45155712282610805 0.0026332609397142666 0.4916799619128845 0.44451934986205605 0.75 0.2 0.2 0.3
61 732 74.64841520485649 1 0 0.000999727368517394 0.45155712282610805 0.0026332609397142666 0.4916799619128845 0.44451934986205605 0.75 0.2 0.2 0.3
62 744 68.32044879060948 1 0 0.000999727368517394 0.45155712282610805 0.0026332609397142666 0.4916799619128845 0.44451934986205605 0.75 0.2 0.2 0.3
63 756 58.75062108604862 1 0 0.000999727368517394 0.45155712282610805 0.0026332609397142666 0.4916799619128845 0.44451934986205605 0.75 0.2 0.2 0.3
64 768 55.90168196713103 1 0 0.000999727368517394 0.45155712282610805 0.0026332609397142666 0.4916799619128845 0.44451934986205605 0.75 0.2 0.2 0.3
65 780 52.231632078775704 1 0 0.000999727368517394 0.45155712282610805 0.0026332609397142666 0.4916799619128845 0.44451934986205605 0.75 0.2 0.2 0.3
66 792 49.39698013833783 1 0 0.000999727368517394 0.45155712282610805 0.0026332609397142666 0.4916799619128845 0.44451934986205605 0.75 0.2 0.2 0.3
67 804 44.36678282336423 1 0 0.000999727368517394 0.45155712282610805 0.0026332609397142666 0.4916799619128845 0.44451934986205605 0.75 0.2 0.2 0.3
68 816 41.9672572812047 1 0 0.000999727368517394 0.45155712282610805 0.0026332609397142666 0.4916799619128845 0.44451934986205605 0.75 0.2 0.2 0.3
69 828 39.060882753711006 1 0 0.000999727368517394 0.45155712282610805 0.0026332609397142666 0.4916799619128845 0.44451934986205605 0.75 0.2 0.2 0.3
70 840 41.64426364544653 1 0 0.000999727368517394 0.45155712282610805 0.0026332609397142666 0.4916799619128845 0.44451934986205605 0.75 0.2 0.2 0.3
71 852 46.50991998334117 1 0 0.000999727368517394 0.45155712282610805 0.0026332609397142666 0.4916799619128845 0.44451934986205605 0.75 0.2 0.2 0.3
72 864 44.166443630165645 1 0 0.000999727368517394 0.45155712282610805 0.0026332609397142666 0.4916799619128845 0.44451934986205605 0.75 0.2 0.2 0.3
73 876 39.82767896106581 1 0 0.000999727368517394 0.45155712282610805 0.0026332609397142666 0.4916799619128845 0.44451934986205605 0.75 0.2 0.2 0.3
74 888 37.17920071577876 1 0 0.000999727368517394 0.45155712282610805 0.0026332609397142666 0.4916799619128845 0.44451934986205605 0.75 0.2 0.2 0.3
75 900 33.77444512985789 1 0 0.000999727368517394 0.45155712282610805 0.0026332609397142666 0.4916799619128845 0.44451934986205605 0.75 0.2 0.2 0.3
76 912 33.54160269490852 1 0 0.000999727368517394 0.45155712282610805 0.0026332609397142666 0.4916799619128845 0.44451934986205605 0.75 0.2 0.2 0.3
77 924 34.58044753106213 1 0 0.000999727368517394 0.45155712282610805 0.0026332609397142666 0.4916799619128845 0.44451934986205605 0.75 0.2 0.2 0.3
78 936 35.2035783256549 1 0 0.000999727368517394 0.45155712282610805 0.0026332609397142666 0.4916799619128845 0.44451934986205605 0.75 0.2 0.2 0.3
79 948 38.958206770058624 1 0 0.000999727368517394 0.45155712282610805 0.0026332609397142666 0.4916799619128845 0.44451934986205605 0.75 0.2 0.2 0.3
80 960 43.286640618776325 1 0 0.000999727368517394 0.45155712282610805 0.0026332609397142666 0.4916799619128845 0.44451934986205605 0.75 0.2 0.2 0.3
81 972 43.660312944819104 1 0 0.000999727368517394 0.45155712282610805 0.0026332609397142666 0.4916799619128845 0.44451934986205605 0.75 0.2 0.2 0.3
82 984 46.18945051450325 1 0 0.000999727368517394 0.45155712282610805 0.0026332609397142666 0.4916799619128845 0.44451934986205605 0.75 0.2 0.2 0.3
83 996 45.02676504468098 1 0 0.000999727368517394 0.45155712282610805 0.0026332609397142666 0.4916799619128845 0.44451934986205605 0.75 0.2 0.2 0.3
84 1008 44.060829409552916 1 0 0.000999727368517394 0.45155712282610805 0.0026332609397142666 0.4916799619128845 0.44451934986205605 0.75 0.2 0.2 0.3
85 1020 46.37153399871422 1 0 0.000999727368517394 0.45155712282610805 0.0026332609397142666 0.4916799619128845 0.44451934986205605 0.75 0.2 0.2 0.3
86 1032 47.270150834708446 1 0 0.000999727368517394 0.45155712282610805 0.0026332609397142666 0.4916799619128845 0.44451934986205605 0.75 0.2 0.2 0.3
87 1044 47.38730958926038 1 0 0.000999727368517394 0.45155712282610805 0.0026332609397142666 0.4916799619128845 0.44451934986205605 0.75 0.2 0.2 0.3
88 1056 48.25341619296877 1 0 0.000999727368517394 0.45155712282610805 0.0026332609397142666 0.4916799619128845 0.44451934986205605 0.75 0.2 0.2 0.3
89 1068 47.668836027411025 1 0 0.000999727368517394 0.45155712282610805 0.0026332609397142666 0.4916799619128845 0.44451934986205605 0.75 0.2 0.2 0.3
90 1080 48.49198895187235 1 0 0.000999727368517394 0.45155712282610805 0.0026332609397142666 0.4916799619128845 0.44451934986205605 0.75 0.2 0.2 0.3
91 1092 43.822488378399136 1 0 0.000999727368517394 0.45155712282610805 0.0026332609397142666 0.4916799619128845 0.44451934986205605 0.75 0.2 0.2 0.3
92 1104 40.54217250846203 1 0 0.000999727368517394 0.45155712282610805 0.0026332609397142666 0.4916799619128845 0.44451934986205605 0.75 0.2 0.2 0.3
93 1116 40.06741879372076 1 0 0.000999727368517394 0.45155712282610805 0.0026332609397142666 0.4916799619128845 0.44451934986205605 0.75 0.2 0.2 0.3
94 1128 38.48031559127456 1 0 0.000999727368517394 0.45155712282610805 0.0026332609397142666 0.4916799619128845 0.44451934986205605 0.75 0.2 0.2 0.3
95 1140 38.77309018653438 1 0 0.000999727368517394 0.45155712282610805 0.0026332609397142666 0.4916799619128845 0.44451934986205605 0.75 0.2 0.2 0.3
96 1152 39.724783978662856 1 0 0.000999727368517394 0.45155712282610805 0.0026332609397142666 0.4916799619128845 0.44451934986205605 0.75 0.2 0.2 0.3
97 1164 40.82036179766716 1 0 0.000999727368517394 0.45155712282610805 0.0026332609397142666 0.4916799619128845 0.44451934986205605 0.75 0.2 0.2 0.3
98 1176 42.5979130980054 1 0 0.000999727368517394 0.45155712282610805 0.0026332609397142666 0.4916799619128845 0.44451934986205605 0.75 0.2 0.2 0.3
99 1188 39.91672665218273 1 0 0.000999727368517394 0.45155712282610805 0.0026332609397142666 0.4916799619128845 0.44451934986205605 0.75 0.2 0.2 0.3
100 1200 39.055995699011476 1 0 0.000999727368517394 0.45155712282610805 0.0026332609397142666 0.4916799619128845 0.44451934986205605 0.75 0.2 0.2 0.3
101 1212 38.6971677152063 1 0 0.000999727368517394 0.45155712282610805 0.0026332609397142666 0.4916799619128845 0.44451934986205605 0.75 0.2 0.2 0.3
102 1224 38.78025393994578 1 0 0.000999727368517394 0.45155712282610805 0.0026332609397142666 0.4916799619128845 0.44451934986205605 0.75 0.2 0.2 0.3
103 1236 36.40927647611433 1 0 0.000999727368517394 0.45155712282610805 0.0026332609397142666 0.4916799619128845 0.44451934986205605 0.75 0.2 0.2 0.3
104 1248 38.81486988957049 1 0 0.000999727368517394 0.45155712282610805 0.0026332609397142666 0.4916799619128845 0.44451934986205605 0.75 0.2 0.2 0.3
105 1260 37.29077456517894 1 0 0.000999727368517394 0.45155712282610805 0.0026332609397142666 0.4916799619128845 0.44451934986205605 0.75 0.2 0.2 0.3
106 1272 37.92287358988626 1 0 0.000999727368517394 0.45155712282610805 0.0026332609397142666 0.4916799619128845 0.44451934986205605 0.75 0.2 0.2 0.3
107 1284 39.53721780471665 1 0 0.000999727368517394 0.45155712282610805 0.0026332609397142666 0.4916799619128845 0.44451934986205605 0.75 0.2 0.2 0.3
108 1296 40.37724527672179 1 0 0.000999727368517394 0.45155712282610805 0.0026332609397142666 0.4916799619128845 0.44451934986205605 0.75 0.2 0.2 0.3
109 1308 43.04136598877839 1 0 0.000999727368517394 0.45155712282610805 0.0026332609397142666 0.4916799619128845 0.44451934986205605 0.75 0.2 0.2 0.3
