% # columns="iteration, evaluation, sigma, axis ratio, bestever, best, median, worst objective function value, interquartile range, 25%tile, current best feasible f-value, elapsed wallclock time [s], further/more values", seed=74070, Fri Apr 10 00:11:30 2026, <python>{}</python>
1 12 19.60021323908241 1.0000444454321133 0.7063509027148457 7.0635090271484569e-01 0.8427085696273119 1.1005554674457598 0.06630211450178125 0.7968671730700232 nan 74.2   
2 24 20.18567285536998 1.2317496291716643 0.6728371504925021 6.7283715049250215e-01 0.7984534731446413 1.1345504529479873 0.13009893578395393 0.7277946660293113 nan 143.8   
3 36 20.323020073256448 1.3776390267404746 0.6506926878994959 6.5069268789949586e-01 0.7678495335143045 0.9828925800354489 0.07353459181594979 0.7292156340053226 nan 214.5   
4 48 23.860318806164116 1.419813216523633 0.6506926878994959 6.7233809277336487e-01 0.712187476780769 0.8505823239963353 0.06993485524644016 0.6867481346588583 nan 284.0   
5 60 28.305675181912314 1.5044161492227872 0.6506926878994959 6.7278059469740947e-01 0.6931250470669131 0.7237604113912782 0.03149580608405744 0.6821378751421255 nan 353.1   
6 72 31.480086169416207 1.556514426300587 0.6506926878994959 6.7276173913662740e-01 0.7026478117285387 0.8209104025491273 0.06899002391470566 0.6915120407771258 nan 423.5   
7 84 35.00121089984867 1.6375589250028983 0.6506926878994959 6.8061617088830006e-01 0.7504556527433888 0.9121453439293183 0.09053616935608633 0.6896290054593271 nan 492.6   
8 96 37.40734428137342 1.6914081175854565 0.6506926878994959 6.8111619825176195e-01 0.6936780095062303 0.7516901739229988 0.04477340676863073 0.6853936752115175 nan 561.6   
9 108 38.07888115396642 1.9440443990243945 0.6506926878994959 6.8076992394242086e-01 0.684066455662409 0.7253860163849318 0.013755788987742101 0.6813948324671412 nan 631.3   
10 120 41.11229354406684 1.9876384452035594 0.6506926878994959 6.7235603456514093e-01 0.6806448965121306 0.7254752110668434 0.006781931970571198 0.6764282861151698 nan 700.6   
11 132 41.581468911961224 2.0368819979138975 0.6506926878994959 6.7431992888877135e-01 0.6856278291402311 0.7535130279073382 0.018535579677482317 0.6798599874871294 nan 770.0   
12 144 43.75154875209494 2.010697129532031 0.6506926878994959 6.7181223802807555e-01 0.676682725875219 0.7282251452474287 0.014088350197838606 0.6734085852208627 nan 839.3   
13 156 50.07123735112683 2.1838374508986487 0.6506926878994959 6.6470832936365321e-01 0.6724873095706857 0.7024663345405961 0.009738406140687439 0.6696340283433455 nan 908.6   
14 168 56.355633451182314 2.2703183664541506 0.6506926878994959 6.6116393180994049e-01 0.6753194191539873 0.7529057730142393 0.005347962404728568 0.6721314755920539 nan 978.7   
15 180 67.71762474722331 2.1297789258592954 0.6362371184315482 6.3623711843154818e-01 0.6632119451908821 0.6934444895877756 0.02401438684969881 0.6453034052071894 nan 1047.4   
16 192 80.1201412967603 2.2124287878611724 0.6353327007592974 6.3533270075929738e-01 0.6405358363335845 0.6906097084250333 0.025896697821111814 0.6373297116967825 nan 1116.2   
17 204 92.26485055619263 2.358333915510744 0.6353327007592974 6.3607508398954171e-01 0.6409294527965891 0.6875224099071634 0.025544484103162346 0.6374835901412412 nan 1185.2   
18 216 107.89018655694748 2.421873997993564 0.6353327007592974 6.3692356326725386e-01 0.6574888538765679 0.6735715988232702 0.02958092697291692 0.6378195557682607 nan 1253.9   
19 228 121.89838320149447 2.5600616037314325 0.6328203801357528 6.3282038013575281e-01 0.6540830438958487 0.6878513226922605 0.027087217236371863 0.6354072313882 nan 1322.6   
20 240 141.00738471450674 2.5696498945775397 0.6328203801357528 6.3347624874243946e-01 0.6541903681496237 0.689103368242433 0.029287331301512287 0.635745907384579 nan 1392.0   
21 252 163.10060325388505 2.7520717301407487 0.6298366601599672 6.2983666015996720e-01 0.6377171030318313 0.7099118766239848 0.025839910645548025 0.6328574316800675 nan 1460.8   
22 264 182.75896925912278 2.9257015613490993 0.6195110799050021 6.1951107990500209e-01 0.6655850189308377 0.7099119049605787 0.06255779048723431 0.6325059394922592 nan 1529.4   
23 276 208.19118834192895 3.003190479515017 0.6195110799050021 6.2889280995681462e-01 0.6400418767135975 0.7126466588133438 0.06654883123252664 0.6327692604505417 nan 1598.5   
24 288 238.93081139484903 3.27448811338964 0.6127778717657644 6.1277787176576437e-01 0.6617629627340584 0.712983975031994 0.05317507451234216 0.6322331920114515 nan 1667.5   
25 300 275.47828902363034 3.572933679063887 0.6127778717657644 6.1610539503136419e-01 0.6741413313155605 0.7123060662023861 0.047683835040377986 0.6465678004233 nan 1736.6   
26 312 304.773679479 3.6896633595169863 0.5873882999080187 5.8738829990801866e-01 0.6278665460477382 0.7811683983406713 0.028386605063415837 0.6209869781304995 nan 1805.8   
27 324 282.78331661803765 3.9286681727169204 0.5873882999080187 6.1091520206366512e-01 0.6456017873706783 0.7387782299721934 0.05792095059752245 0.6258254429617813 nan 1876.0   
28 336 277.11510746467894 3.9307713033735903 0.5873882999080187 6.2321200464974880e-01 0.7099119049605787 0.7149652948400629 0.08153834409142124 0.6283735608691574 nan 1944.8   
29 348 260.27363273672887 4.124577583755 0.5873882999080187 6.0276908295477893e-01 0.6328413952981062 0.7139415364520587 0.0557149574844551 0.6251282153290882 nan 2015.9   
30 360 265.2464727750916 4.224674804714577 0.5873882999080187 6.1213234537842298e-01 0.7099093641646108 0.7132318834209574 0.07997633869464704 0.6321963728367597 nan 2084.7   
31 372 265.03352659389344 4.324199515292174 0.5873882999080187 6.0975161863608218e-01 0.6507227510713807 0.7136984252935209 0.07578844005037133 0.6295433368268123 nan 2154.9   
32 384 269.0328215870052 4.271440164142153 0.5873882999080187 6.1537831641639018e-01 0.6294143251406956 0.7154110114254464 0.046710640890019084 0.6201258503953144 nan 2224.6   
33 396 253.7115522877808 4.142450386353522 0.5873882999080187 6.1765942800032614e-01 0.631073571547601 0.7142554376780897 0.08391173952818198 0.6260001561461431 nan 2294.7   
34 408 257.18946545147827 4.105046869313096 0.5873882999080187 6.0811680354946596e-01 0.6264830251544329 0.6407271635905261 0.01224648421655683 0.6189864993537038 nan 2365.4   
35 420 259.5276798266651 4.3473662500812855 0.5873882999080187 6.1337574516448901e-01 0.6214979179905076 0.7099119049605787 0.008912357054745579 0.6183808872456976 nan 2434.8   
36 432 246.95711216078132 4.348346129088113 0.5873882999080187 6.1881602830333771e-01 0.6339758026120691 0.7099119049605787 0.04488946410069761 0.6252308695883864 nan 2504.2   
37 444 207.53348775033604 4.393708572048093 0.5873882999080187 6.1556063632997249e-01 0.6257588521487873 0.7099119049605787 0.02183501302352253 0.6170067296763722 nan 2574.0   
38 456 184.05756026730927 4.4480937817545945 0.5873882999080187 6.1299500686043817e-01 0.6347771881116089 0.9101546131907978 0.09355335398139752 0.6163585509791811 nan 2643.9   
39 468 185.46814721791316 4.704845929173157 0.5873882999080187 6.0682947348044514e-01 0.6238453445412828 0.7143074153715888 0.013535728667110725 0.6182824520575465 nan 2714.1   
40 480 176.06991475571576 4.458756893990629 0.5873882999080187 6.1078313058229949e-01 0.6232968735283495 0.7119492836262314 0.011335277846335812 0.6185257602539113 nan 2783.5   
41 492 160.5051529545357 4.272413364609953 0.5873882999080187 6.1025710548817713e-01 0.6203838668994308 0.7112280459772201 0.047413279536285824 0.6172100317356894 nan 2853.7   
42 504 157.90409365358474 4.304125342234164 0.5873882999080187 6.1626602531440977e-01 0.6204112414281482 0.734238116262361 0.004847002615716245 0.6172570133268495 nan 2923.4   
43 516 162.2050136146492 4.291303164405289 0.5873882999080187 6.1030992301688913e-01 0.6208257478187075 0.7063078998850219 0.007040647156704605 0.6162830602334279 nan 2992.9   
44 528 153.564843480372 4.489498575886815 0.5873882999080187 6.1078757752712476e-01 0.6212778705154455 0.692052517447734 0.010551036027849792 0.6143165684089051 nan 3062.5   
45 540 161.34479048364943 4.454481854033614 0.5873882999080187 6.0414168320872008e-01 0.6185310271479463 0.7099119049605709 0.010299240242505614 0.6159482117740742 nan 3131.5   
46 552 151.9160333568532 4.5100830113102655 0.5873882999080187 6.0856265091111228e-01 0.7099061343239388 0.7115471519656598 0.09198551852745218 0.6180008872620162 nan 3201.7   
47 564 149.6465018482081 4.704550471052275 0.5873882999080187 6.0237995308027037e-01 0.6176477397304576 0.7124801179166373 0.04168237508166439 0.615945517392128 nan 3270.8   
48 576 154.85514591508692 4.743364592345479 0.5873882999080187 6.0666279869794015e-01 0.6158128795672211 0.6269444188767472 0.0078087293059083684 0.6121662981390719 nan 3340.6   
49 588 164.05476161230683 4.74959218089805 0.5873882999080187 6.1059894946451609e-01 0.6204399518250123 0.7099119049605787 0.0505933189729022 0.6138061435768798 nan 3409.3   
50 600 154.88699913815248 4.9197596102455705 0.5873882999080187 6.0736336081641107e-01 0.6166002913140455 0.7126835175095634 0.01016226942218057 0.6102992525540457 nan 3478.1   
51 612 148.67087568597253 5.070113628508107 0.5873882999080187 6.1002902659696989e-01 0.618752560389725 0.7103415092714738 0.09054750360620367 0.6144413085818795 nan 3547.5   
52 624 142.75884109521095 4.919173032050238 0.5873882999080187 6.0758324576183553e-01 0.6241364901941593 0.7128116578593631 0.09384963749703767 0.614968228732709 nan 3617.1   
53 636 137.6641868028333 4.900055634116756 0.5873882999080187 6.0418299976550471e-01 0.6158244801920725 0.7074608992302662 0.006299756961249292 0.6119033966415462 nan 3686.9   
54 648 127.06344526061558 4.74811415589222 0.5873882999080187 6.0466658394423622e-01 0.7099119043227391 0.7107621161675601 0.09452129901676753 0.6153906059436779 nan 3755.9   
55 660 118.60076905393188 4.79740104336617 0.5873882999080187 6.0536674956665992e-01 0.6940667177289153 0.7115179750164822 0.09452752198948966 0.6127361254225792 nan 3828.2   
56 672 113.82813102755706 4.951009114515668 0.5873882999080187 6.1039298478965653e-01 0.6199707328185926 0.7114105258784329 0.09914478445736186 0.6110113601021219 nan 3907.3   
57 684 107.83772028992415 5.0512917958794645 0.5873882999080187 6.1044129275279091e-01 0.6200683110648626 0.7111083077419442 0.0763752104615385 0.6130926011464717 nan 3976.1   
58 696 103.66081030063008 5.645077846321572 0.5873882999080187 6.0639738808676924e-01 0.6173635300730398 0.7107521631978485 0.08611234572555304 0.6102605057017221 nan 4044.6   
59 708 95.52052164425312 6.065301101385357 0.5873882999080187 6.0680564030707973e-01 0.708229709601652 0.710297207862234 0.09832536028046224 0.6115865446753176 nan 4114.9   
60 720 89.13798455960324 6.264864359675829 0.5873882999080187 6.0193480921241560e-01 0.6117887373577804 0.6184944087925001 0.005944580747138106 0.6086188910524637 nan 4184.1   
61 732 74.64841520485649 6.581298577148166 0.5625313747518441 5.6253137475184412e-01 0.6075269854871002 0.7099119049482183 0.05522362565495409 0.6034789663198177 nan 4253.1   
62 744 68.32044879060948 6.685928870525151 0.5625313747518441 6.0340170039401653e-01 0.6148151601171619 0.7104739734186647 0.10182369940067604 0.6083110825623894 nan 4322.3   
63 756 58.75062108604862 6.822499977675473 0.5625313747518441 6.0516857026348847e-01 0.608366933147813 0.6978214315622739 0.006718517914635624 0.606800381607097 nan 4390.9   
64 768 55.90168196713103 6.929816228495557 0.5625313747518441 6.0482799828903122e-01 0.609104640073676 0.7097250150905511 0.0046758046596977465 0.6067955579095279 nan 4459.9   
65 780 52.231632078775704 6.975550771581929 0.5625313747518441 6.0436676072688100e-01 0.6106129418142278 0.710221263113785 0.046192930732877 0.6083140564089817 nan 4528.8   
66 792 49.39698013833783 6.822526471146684 0.5625313747518441 6.0186892960649718e-01 0.6093001739552681 0.7094072730460758 0.009219655244940617 0.6046852253118304 nan 4597.2   
67 804 44.36678282336423 6.896182089996769 0.5625313747518441 6.0254522619050244e-01 0.6071095894546124 0.7106878417059118 0.08865166910497124 0.6041738018009317 nan 4666.2   
68 816 41.9672572812047 7.041009107732219 0.5625313747518441 6.0166463348723764e-01 0.6090869774476546 0.7100878825864266 0.0855047406490701 0.6035861580255082 nan 4735.2   
69 828 39.060882753711006 7.064759704952364 0.5625313747518441 6.0371713345214406e-01 0.6112175494945471 0.8730162759129239 0.06466171562241729 0.6050910703871535 nan 4803.9   
70 840 41.64426364544653 6.929805997862044 0.5421214535777122 5.4212145357771224e-01 0.6073766100046682 0.7098986963053965 0.008576513285334264 0.6054275781472356 nan 4872.4   
71 852 46.50991998334117 7.416308949043153 0.5421214535777122 6.0388100232567121e-01 0.6087475590154314 0.7068742785939355 0.07953981635295315 0.6052633948708249 nan 4941.3   
72 864 44.166443630165645 7.583586174549793 0.5421214535777122 6.0199636272361567e-01 0.6086916128636357 0.6887115382997238 0.03344003268257001 0.603887150572335 nan 5010.6   
73 876 39.82767896106581 7.315990275219686 0.5421214535777122 6.0282107383510297e-01 0.6083330121407765 0.7060651664608186 0.022716922024723973 0.604756056761951 nan 5078.7   
74 888 37.17920071577876 7.333762872572764 0.5421214535777122 6.0310380672771280e-01 0.6072677216828111 0.7051515956415774 0.006183396661245011 0.6045093989248498 nan 5147.2   
75 900 33.77444512985789 7.931583698063855 0.5421214535777122 5.4969074641092219e-01 0.6071991771541771 0.7408303226839992 0.0053449101642926156 0.6035325192416268 nan 5215.5   
76 912 33.54160269490852 8.039744092513907 0.5421214535777122 5.4859106997467944e-01 0.6687963549846205 0.7099116913373171 0.09721961828681203 0.6046012118657808 nan 5284.0   
77 924 34.58044753106213 8.790768306990982 0.5421214535777122 6.0184056733429825e-01 0.6077064583997149 0.7069655731606108 0.08847556482985475 0.6031623609289525 nan 5352.3   
78 936 35.2035783256549 9.582978040056107 0.5421214535777122 6.0248741594163291e-01 0.6038558152723441 0.6994081519129602 0.014924022156916128 0.60342424078526 nan 5423.1   
79 948 38.958206770058624 10.362638290683016 0.5421214535777122 5.9591124011505814e-01 0.6052702711832043 0.7400742568503865 0.053572763390242306 0.6035420726430072 nan 5491.3   
80 960 43.286640618776325 10.60547596816726 0.5421214535777122 5.4459754995078125e-01 0.6280200967875522 0.874092552054574 0.0941715907599796 0.6035143851494791 nan 5561.2   
81 972 43.660312944819104 11.024183818087327 0.5421214535777122 6.0255857930297185e-01 0.6046333340614444 0.6923930262875408 0.0029585038882913306 0.6036196720311588 nan 5631.0   
82 984 46.18945051450325 11.515413647297338 0.5421214535777122 5.9142394259265219e-01 0.6074200764674116 0.721990211895543 0.05933712578256234 0.603160440031325 nan 5699.6   
83 996 45.02676504468098 11.788653614789897 0.5421214535777122 6.0273564948544911e-01 0.6053911416903159 0.6966762473758361 0.02753916707975146 0.6039853853731086 nan 5767.6   
84 1008 44.060829409552916 11.746783617914762 0.5421214535777122 6.0182169905768612e-01 0.6060338567308532 0.7398358577433519 0.00291666223236553 0.6038243073243059 nan 5836.1   
85 1020 46.37153399871422 12.278050403905667 0.5421214535777122 6.0177269360313324e-01 0.6077722958667784 0.70946396636358 0.07750069620153055 0.6026452577947923 nan 5904.9   
86 1032 47.270150834708446 12.919091367740638 0.5421214535777122 6.0195017892985692e-01 0.6690308748631275 0.7094791394068161 0.09044567785641555 0.6037132106140317 nan 5973.3   
87 1044 47.38730958926038 14.318449855056855 0.5421214535777122 5.5185901340596388e-01 0.6058384948789959 0.7016053945224273 0.04075992439965126 0.6020634679031405 nan 6042.0   
88 1056 48.25341619296877 14.396123551804555 0.5421214535777122 6.0162275303122903e-01 0.604120422774683 0.7242790634749108 0.08796733896615117 0.6026074399061865 nan 6110.7   
89 1068 47.668836027411025 14.156498365378258 0.5421214535777122 5.8054411950217855e-01 0.6066048400891088 0.7233330119014825 0.07107555087322837 0.6027831467179812 nan 6179.2   
90 1080 48.49198895187235 14.32110523064369 0.5421214535777122 6.0248468625251839e-01 0.6052395641968193 0.70054095333805 0.014971890789021058 0.6036468950195574 nan 6248.2   
91 1092 43.822488378399136 15.507630636605638 0.5421214535777122 6.0184403027575495e-01 0.603715867837493 0.7373872816697364 0.0019107010536739688 0.6028135783686226 nan 6316.5   
92 1104 40.54217250846203 16.409254791462864 0.5421214535777122 5.4868254152022122e-01 0.6044989552968998 0.7038145458764824 0.0044782342284571675 0.6026400319826193 nan 6384.6   
93 1116 40.06741879372076 16.416143393391145 0.5421214535777122 5.8865069137461190e-01 0.6032004730289305 0.8728664402440163 0.08073109201385664 0.6021831010226928 nan 6452.7   
94 1128 38.48031559127456 16.422974045128857 0.5421214535777122 5.4636944733887449e-01 0.6063412918631718 0.8718994739807829 0.06603949685007193 0.5877528302571873 nan 6521.2   
95 1140 38.77309018653438 17.01754882166382 0.5421214535777122 5.4976220177234025e-01 0.6291250691211658 0.6941196514124615 0.0704212963455142 0.6023299786726706 nan 6589.8   
96 1152 39.724783978662856 17.217525050156944 0.5421214535777122 5.8991637365867011e-01 0.6037218033639837 0.7224409370856132 0.03724325881254753 0.6021278514647604 nan 6658.6   
97 1164 40.82036179766716 17.52434169540639 0.5421214535777122 5.9758673886927016e-01 0.6059165733832105 0.6911305008754663 0.05918150037701808 0.6030953005272964 nan 6726.8   
98 1176 42.5979130980054 17.934785962827817 0.5421214535777122 5.6796526984140661e-01 0.6043300978673531 0.705581192918411 0.002730315102189129 0.6025875128604814 nan 6796.0   
99 1188 39.91672665218273 19.914433160597323 0.5421214535777122 6.0214520503538438e-01 0.6687673600845141 0.7002655537828333 0.07988021905566378 0.6044076704654413 nan 6864.2   
100 1200 39.055995699011476 21.191907234578775 0.5421214535777122 5.6587358138128496e-01 0.604022220123626 0.6888511407555775 0.0031021216708787547 0.6022456761823588 nan 6932.5   
101 1212 38.6971677152063 22.038512480904377 0.5421214535777122 6.0189573931214957e-01 0.6030125274824496 0.8729474880725212 0.011197815858069782 0.6021665158002764 nan 7000.8   
102 1224 38.78025393994578 22.8899168996961 0.5421214535777122 5.7981723922727624e-01 0.6030965366055993 0.6763992038837374 0.004594521677294017 0.6021821238652167 nan 7069.6   
103 1236 36.40927647611433 22.587376492532346 0.5374270033703056 5.3742700337030558e-01 0.6045558951084136 0.7049812723711217 0.03549486912224531 0.6024863087655079 nan 7138.5   
104 1248 38.81486988957049 24.15741703627928 0.5374270033703056 6.0204837706553727e-01 0.6038541582264869 0.6992102517352272 0.03586015554777944 0.6021891950029626 nan 7207.5   
105 1260 37.29077456517894 25.143425618882475 0.5374270033703056 5.4300546842263508e-01 0.6024892465029141 0.6740319090928892 0.0016244123689853618 0.6021649600491992 nan 7276.3   
106 1272 37.92287358988626 25.483054221885464 0.5374270033703056 6.0218605715039408e-01 0.6034352453532417 0.7393168829470731 0.07149240704416704 0.6026073043028322 nan 7345.3   
107 1284 39.53721780471665 25.859533538437823 0.5374270033703056 5.9085275823254124e-01 0.603507561894564 0.8729537398042678 0.03447057954613808 0.6030831736270703 nan 7415.3   
108 1296 40.37724527672179 25.647649198074085 0.5374270033703056 5.7638177538182944e-01 0.6031032528480244 0.7231202974697581 0.01905756511280976 0.6025121819270982 nan 7485.4   
109 1308 43.04136598877839 24.956110424034414 0.5374270033703056 6.0171507778832556e-01 0.6027939156320685 0.6054150754733335 0.0017397711431148544 0.6020379458697444 nan 7553.8   
