% # columns="iteration, evaluation, min 25%tile 75%tile max correlation, correlation matrix principal axes lengths  (sorted square roots of eigenvalues of correlation matrix)", seed=98760, Fri Apr 10 04:23:26 2026
1 12 -0.08824818509999294 -0.02022440396714464 0.014760874368120113 0.0579669909716418 0.9340638064216487 0.9698234860597216 0.9784940702153483 0.987120548275432 0.9889806196878238 1.0036220291996365 1.0118203818101261 1.0288020402351663 1.0897502569371316
2 24 -0.08824818509999294 -0.02022440396714464 0.014760874368120113 0.0579669909716418 0.9340638064216487 0.9698234860597216 0.9784940702153483 0.987120548275432 0.9889806196878238 1.0036220291996365 1.0118203818101261 1.0288020402351663 1.0897502569371316
3 36 -0.08824818509999294 -0.02022440396714464 0.014760874368120113 0.0579669909716418 0.9340638064216487 0.9698234860597216 0.9784940702153483 0.987120548275432 0.9889806196878238 1.0036220291996365 1.0118203818101261 1.0288020402351663 1.0897502569371316
4 48 -0.08824818509999294 -0.02022440396714464 0.014760874368120113 0.0579669909716418 0.9340638064216487 0.9698234860597216 0.9784940702153483 0.987120548275432 0.9889806196878238 1.0036220291996365 1.0118203818101261 1.0288020402351663 1.0897502569371316
5 60 -0.08824818509999294 -0.02022440396714464 0.014760874368120113 0.0579669909716418 0.9340638064216487 0.9698234860597216 0.9784940702153483 0.987120548275432 0.9889806196878238 1.0036220291996365 1.0118203818101261 1.0288020402351663 1.0897502569371316
6 72 -0.08824818509999294 -0.02022440396714464 0.014760874368120113 0.0579669909716418 0.9340638064216487 0.9698234860597216 0.9784940702153483 0.987120548275432 0.9889806196878238 1.0036220291996365 1.0118203818101261 1.0288020402351663 1.0897502569371316
7 84 -0.08824818509999294 -0.02022440396714464 0.014760874368120113 0.0579669909716418 0.9340638064216487 0.9698234860597216 0.9784940702153483 0.987120548275432 0.9889806196878238 1.0036220291996365 1.0118203818101261 1.0288020402351663 1.0897502569371316
8 96 -0.08824818509999294 -0.02022440396714464 0.014760874368120113 0.0579669909716418 0.9340638064216487 0.9698234860597216 0.9784940702153483 0.987120548275432 0.9889806196878238 1.0036220291996365 1.0118203818101261 1.0288020402351663 1.0897502569371316
9 108 -0.08824818509999294 -0.02022440396714464 0.014760874368120113 0.0579669909716418 0.9340638064216487 0.9698234860597216 0.9784940702153483 0.987120548275432 0.9889806196878238 1.0036220291996365 1.0118203818101261 1.0288020402351663 1.0897502569371316
10 120 -0.19054304283993798 -0.06468897189847544 0.06197181840724766 0.2193193076818148 0.8035070309899011 0.8184768613237786 0.8736208172641516 0.9645535620976823 1.0091157818947893 1.02168833958649 1.075752353108479 1.145605431547127 1.2079232250395389
11 132 -0.19054304283993798 -0.06468897189847544 0.06197181840724766 0.2193193076818148 0.8035070309899011 0.8184768613237786 0.8736208172641516 0.9645535620976823 1.0091157818947893 1.02168833958649 1.075752353108479 1.145605431547127 1.2079232250395389
12 144 -0.19054304283993798 -0.06468897189847544 0.06197181840724766 0.2193193076818148 0.8035070309899011 0.8184768613237786 0.8736208172641516 0.9645535620976823 1.0091157818947893 1.02168833958649 1.075752353108479 1.145605431547127 1.2079232250395389
13 156 -0.19054304283993798 -0.06468897189847544 0.06197181840724766 0.2193193076818148 0.8035070309899011 0.8184768613237786 0.8736208172641516 0.9645535620976823 1.0091157818947893 1.02168833958649 1.075752353108479 1.145605431547127 1.2079232250395389
14 168 -0.19054304283993798 -0.06468897189847544 0.06197181840724766 0.2193193076818148 0.8035070309899011 0.8184768613237786 0.8736208172641516 0.9645535620976823 1.0091157818947893 1.02168833958649 1.075752353108479 1.145605431547127 1.2079232250395389
15 180 -0.19054304283993798 -0.06468897189847544 0.06197181840724766 0.2193193076818148 0.8035070309899011 0.8184768613237786 0.8736208172641516 0.9645535620976823 1.0091157818947893 1.02168833958649 1.075752353108479 1.145605431547127 1.2079232250395389
16 192 -0.19054304283993798 -0.06468897189847544 0.06197181840724766 0.2193193076818148 0.8035070309899011 0.8184768613237786 0.8736208172641516 0.9645535620976823 1.0091157818947893 1.02168833958649 1.075752353108479 1.145605431547127 1.2079232250395389
17 204 -0.19054304283993798 -0.06468897189847544 0.06197181840724766 0.2193193076818148 0.8035070309899011 0.8184768613237786 0.8736208172641516 0.9645535620976823 1.0091157818947893 1.02168833958649 1.075752353108479 1.145605431547127 1.2079232250395389
18 216 -0.19054304283993798 -0.06468897189847544 0.06197181840724766 0.2193193076818148 0.8035070309899011 0.8184768613237786 0.8736208172641516 0.9645535620976823 1.0091157818947893 1.02168833958649 1.075752353108479 1.145605431547127 1.2079232250395389
19 228 -0.39148935600060336 -0.16325465655714144 0.0912547385008043 0.31379985569340896 0.7250247172281407 0.7658898334864553 0.8082030025255234 0.8441374265084485 0.8702252579230217 1.0175452713246846 1.1158080618721966 1.1428173667273542 1.4758869505797936
20 240 -0.39148935600060336 -0.16325465655714144 0.0912547385008043 0.31379985569340896 0.7250247172281407 0.7658898334864553 0.8082030025255234 0.8441374265084485 0.8702252579230217 1.0175452713246846 1.1158080618721966 1.1428173667273542 1.4758869505797936
21 252 -0.39148935600060336 -0.16325465655714144 0.0912547385008043 0.31379985569340896 0.7250247172281407 0.7658898334864553 0.8082030025255234 0.8441374265084485 0.8702252579230217 1.0175452713246846 1.1158080618721966 1.1428173667273542 1.4758869505797936
22 264 -0.39148935600060336 -0.16325465655714144 0.0912547385008043 0.31379985569340896 0.7250247172281407 0.7658898334864553 0.8082030025255234 0.8441374265084485 0.8702252579230217 1.0175452713246846 1.1158080618721966 1.1428173667273542 1.4758869505797936
23 276 -0.39148935600060336 -0.16325465655714144 0.0912547385008043 0.31379985569340896 0.7250247172281407 0.7658898334864553 0.8082030025255234 0.8441374265084485 0.8702252579230217 1.0175452713246846 1.1158080618721966 1.1428173667273542 1.4758869505797936
24 288 -0.39148935600060336 -0.16325465655714144 0.0912547385008043 0.31379985569340896 0.7250247172281407 0.7658898334864553 0.8082030025255234 0.8441374265084485 0.8702252579230217 1.0175452713246846 1.1158080618721966 1.1428173667273542 1.4758869505797936
25 300 -0.39148935600060336 -0.16325465655714144 0.0912547385008043 0.31379985569340896 0.7250247172281407 0.7658898334864553 0.8082030025255234 0.8441374265084485 0.8702252579230217 1.0175452713246846 1.1158080618721966 1.1428173667273542 1.4758869505797936
26 312 -0.39148935600060336 -0.16325465655714144 0.0912547385008043 0.31379985569340896 0.7250247172281407 0.7658898334864553 0.8082030025255234 0.8441374265084485 0.8702252579230217 1.0175452713246846 1.1158080618721966 1.1428173667273542 1.4758869505797936
27 324 -0.39148935600060336 -0.16325465655714144 0.0912547385008043 0.31379985569340896 0.7250247172281407 0.7658898334864553 0.8082030025255234 0.8441374265084485 0.8702252579230217 1.0175452713246846 1.1158080618721966 1.1428173667273542 1.4758869505797936
28 336 -0.41140453450335374 -0.16186579143544128 0.13804262956786578 0.40783200586367585 0.609506523831243 0.7300759592668283 0.7645167269672112 0.8029064459911999 0.8724364813096916 0.9943379984882016 1.1054819880409903 1.25965680160753 1.519100770654853
29 348 -0.41140453450335374 -0.16186579143544128 0.13804262956786578 0.40783200586367585 0.609506523831243 0.7300759592668283 0.7645167269672112 0.8029064459911999 0.8724364813096916 0.9943379984882016 1.1054819880409903 1.25965680160753 1.519100770654853
30 360 -0.41140453450335374 -0.16186579143544128 0.13804262956786578 0.40783200586367585 0.609506523831243 0.7300759592668283 0.7645167269672112 0.8029064459911999 0.8724364813096916 0.9943379984882016 1.1054819880409903 1.25965680160753 1.519100770654853
31 372 -0.41140453450335374 -0.16186579143544128 0.13804262956786578 0.40783200586367585 0.609506523831243 0.7300759592668283 0.7645167269672112 0.8029064459911999 0.8724364813096916 0.9943379984882016 1.1054819880409903 1.25965680160753 1.519100770654853
32 384 -0.41140453450335374 -0.16186579143544128 0.13804262956786578 0.40783200586367585 0.609506523831243 0.7300759592668283 0.7645167269672112 0.8029064459911999 0.8724364813096916 0.9943379984882016 1.1054819880409903 1.25965680160753 1.519100770654853
33 396 -0.41140453450335374 -0.16186579143544128 0.13804262956786578 0.40783200586367585 0.609506523831243 0.7300759592668283 0.7645167269672112 0.8029064459911999 0.8724364813096916 0.9943379984882016 1.1054819880409903 1.25965680160753 1.519100770654853
34 408 -0.41140453450335374 -0.16186579143544128 0.13804262956786578 0.40783200586367585 0.609506523831243 0.7300759592668283 0.7645167269672112 0.8029064459911999 0.8724364813096916 0.9943379984882016 1.1054819880409903 1.25965680160753 1.519100770654853
35 420 -0.41140453450335374 -0.16186579143544128 0.13804262956786578 0.40783200586367585 0.609506523831243 0.7300759592668283 0.7645167269672112 0.8029064459911999 0.8724364813096916 0.9943379984882016 1.1054819880409903 1.25965680160753 1.519100770654853
36 432 -0.41140453450335374 -0.16186579143544128 0.13804262956786578 0.40783200586367585 0.609506523831243 0.7300759592668283 0.7645167269672112 0.8029064459911999 0.8724364813096916 0.9943379984882016 1.1054819880409903 1.25965680160753 1.519100770654853
37 444 -0.47554027192192583 -0.22426099395225788 0.22600010690070865 0.5635017996810959 0.5194215889430307 0.623728961734486 0.6577832125969065 0.7651464306605551 0.8213235907753216 0.8673196074713422 1.1685682577904384 1.3156276198346761 1.6732579091852746
38 456 -0.47554027192192583 -0.22426099395225788 0.22600010690070865 0.5635017996810959 0.5194215889430307 0.623728961734486 0.6577832125969065 0.7651464306605551 0.8213235907753216 0.8673196074713422 1.1685682577904384 1.3156276198346761 1.6732579091852746
39 468 -0.47554027192192583 -0.22426099395225788 0.22600010690070865 0.5635017996810959 0.5194215889430307 0.623728961734486 0.6577832125969065 0.7651464306605551 0.8213235907753216 0.8673196074713422 1.1685682577904384 1.3156276198346761 1.6732579091852746
40 480 -0.47554027192192583 -0.22426099395225788 0.22600010690070865 0.5635017996810959 0.5194215889430307 0.623728961734486 0.6577832125969065 0.7651464306605551 0.8213235907753216 0.8673196074713422 1.1685682577904384 1.3156276198346761 1.6732579091852746
41 492 -0.47554027192192583 -0.22426099395225788 0.22600010690070865 0.5635017996810959 0.5194215889430307 0.623728961734486 0.6577832125969065 0.7651464306605551 0.8213235907753216 0.8673196074713422 1.1685682577904384 1.3156276198346761 1.6732579091852746
42 504 -0.47554027192192583 -0.22426099395225788 0.22600010690070865 0.5635017996810959 0.5194215889430307 0.623728961734486 0.6577832125969065 0.7651464306605551 0.8213235907753216 0.8673196074713422 1.1685682577904384 1.3156276198346761 1.6732579091852746
43 516 -0.47554027192192583 -0.22426099395225788 0.22600010690070865 0.5635017996810959 0.5194215889430307 0.623728961734486 0.6577832125969065 0.7651464306605551 0.8213235907753216 0.8673196074713422 1.1685682577904384 1.3156276198346761 1.6732579091852746
44 528 -0.47554027192192583 -0.22426099395225788 0.22600010690070865 0.5635017996810959 0.5194215889430307 0.623728961734486 0.6577832125969065 0.7651464306605551 0.8213235907753216 0.8673196074713422 1.1685682577904384 1.3156276198346761 1.6732579091852746
45 540 -0.47554027192192583 -0.22426099395225788 0.22600010690070865 0.5635017996810959 0.5194215889430307 0.623728961734486 0.6577832125969065 0.7651464306605551 0.8213235907753216 0.8673196074713422 1.1685682577904384 1.3156276198346761 1.6732579091852746
46 552 -0.5047933264896385 -0.3143524480164787 0.20481778286067032 0.7426363909844832 0.39868233585256696 0.4964281566654827 0.5967517445726831 0.7232428274578715 0.8260986855984185 0.9326051760133314 1.189229113077126 1.2836708755654298 1.761008346201017
47 564 -0.5047933264896385 -0.3143524480164787 0.20481778286067032 0.7426363909844832 0.39868233585256696 0.4964281566654827 0.5967517445726831 0.7232428274578715 0.8260986855984185 0.9326051760133314 1.189229113077126 1.2836708755654298 1.761008346201017
48 576 -0.5047933264896385 -0.3143524480164787 0.20481778286067032 0.7426363909844832 0.39868233585256696 0.4964281566654827 0.5967517445726831 0.7232428274578715 0.8260986855984185 0.9326051760133314 1.189229113077126 1.2836708755654298 1.761008346201017
49 588 -0.5047933264896385 -0.3143524480164787 0.20481778286067032 0.7426363909844832 0.39868233585256696 0.4964281566654827 0.5967517445726831 0.7232428274578715 0.8260986855984185 0.9326051760133314 1.189229113077126 1.2836708755654298 1.761008346201017
50 600 -0.5047933264896385 -0.3143524480164787 0.20481778286067032 0.7426363909844832 0.39868233585256696 0.4964281566654827 0.5967517445726831 0.7232428274578715 0.8260986855984185 0.9326051760133314 1.189229113077126 1.2836708755654298 1.761008346201017
51 612 -0.5047933264896385 -0.3143524480164787 0.20481778286067032 0.7426363909844832 0.39868233585256696 0.4964281566654827 0.5967517445726831 0.7232428274578715 0.8260986855984185 0.9326051760133314 1.189229113077126 1.2836708755654298 1.761008346201017
52 624 -0.5047933264896385 -0.3143524480164787 0.20481778286067032 0.7426363909844832 0.39868233585256696 0.4964281566654827 0.5967517445726831 0.7232428274578715 0.8260986855984185 0.9326051760133314 1.189229113077126 1.2836708755654298 1.761008346201017
53 636 -0.5047933264896385 -0.3143524480164787 0.20481778286067032 0.7426363909844832 0.39868233585256696 0.4964281566654827 0.5967517445726831 0.7232428274578715 0.8260986855984185 0.9326051760133314 1.189229113077126 1.2836708755654298 1.761008346201017
54 648 -0.5047933264896385 -0.3143524480164787 0.20481778286067032 0.7426363909844832 0.39868233585256696 0.4964281566654827 0.5967517445726831 0.7232428274578715 0.8260986855984185 0.9326051760133314 1.189229113077126 1.2836708755654298 1.761008346201017
55 660 -0.46144123393977177 -0.242102469966048 0.11725672432906849 0.902046532427519 0.27612852477216854 0.4675968506984224 0.6484594501620086 0.7521701947674742 0.8557515545238867 0.9814488146637765 1.1681801266840186 1.4233463641016233 1.6225703014560968
56 672 -0.46144123393977177 -0.242102469966048 0.11725672432906849 0.902046532427519 0.27612852477216854 0.4675968506984224 0.6484594501620086 0.7521701947674742 0.8557515545238867 0.9814488146637765 1.1681801266840186 1.4233463641016233 1.6225703014560968
57 684 -0.46144123393977177 -0.242102469966048 0.11725672432906849 0.902046532427519 0.27612852477216854 0.4675968506984224 0.6484594501620086 0.7521701947674742 0.8557515545238867 0.9814488146637765 1.1681801266840186 1.4233463641016233 1.6225703014560968
58 696 -0.46144123393977177 -0.242102469966048 0.11725672432906849 0.902046532427519 0.27612852477216854 0.4675968506984224 0.6484594501620086 0.7521701947674742 0.8557515545238867 0.9814488146637765 1.1681801266840186 1.4233463641016233 1.6225703014560968
59 708 -0.46144123393977177 -0.242102469966048 0.11725672432906849 0.902046532427519 0.27612852477216854 0.4675968506984224 0.6484594501620086 0.7521701947674742 0.8557515545238867 0.9814488146637765 1.1681801266840186 1.4233463641016233 1.6225703014560968
60 720 -0.46144123393977177 -0.242102469966048 0.11725672432906849 0.902046532427519 0.27612852477216854 0.4675968506984224 0.6484594501620086 0.7521701947674742 0.8557515545238867 0.9814488146637765 1.1681801266840186 1.4233463641016233 1.6225703014560968
61 732 -0.46144123393977177 -0.242102469966048 0.11725672432906849 0.902046532427519 0.27612852477216854 0.4675968506984224 0.6484594501620086 0.7521701947674742 0.8557515545238867 0.9814488146637765 1.1681801266840186 1.4233463641016233 1.6225703014560968
62 744 -0.46144123393977177 -0.242102469966048 0.11725672432906849 0.902046532427519 0.27612852477216854 0.4675968506984224 0.6484594501620086 0.7521701947674742 0.8557515545238867 0.9814488146637765 1.1681801266840186 1.4233463641016233 1.6225703014560968
63 756 -0.46144123393977177 -0.242102469966048 0.11725672432906849 0.902046532427519 0.27612852477216854 0.4675968506984224 0.6484594501620086 0.7521701947674742 0.8557515545238867 0.9814488146637765 1.1681801266840186 1.4233463641016233 1.6225703014560968
64 768 -0.640459096251669 -0.17859476981517763 0.11941964978109301 0.9544065459216684 0.1842183631530623 0.41091583856447905 0.6005370854513539 0.6429010721146581 0.8097970052788341 1.0823715589659793 1.2851471201558773 1.410090977266607 1.5987451712936693
65 780 -0.640459096251669 -0.17859476981517763 0.11941964978109301 0.9544065459216684 0.1842183631530623 0.41091583856447905 0.6005370854513539 0.6429010721146581 0.8097970052788341 1.0823715589659793 1.2851471201558773 1.410090977266607 1.5987451712936693
66 792 -0.640459096251669 -0.17859476981517763 0.11941964978109301 0.9544065459216684 0.1842183631530623 0.41091583856447905 0.6005370854513539 0.6429010721146581 0.8097970052788341 1.0823715589659793 1.2851471201558773 1.410090977266607 1.5987451712936693
67 804 -0.640459096251669 -0.17859476981517763 0.11941964978109301 0.9544065459216684 0.1842183631530623 0.41091583856447905 0.6005370854513539 0.6429010721146581 0.8097970052788341 1.0823715589659793 1.2851471201558773 1.410090977266607 1.5987451712936693
68 816 -0.640459096251669 -0.17859476981517763 0.11941964978109301 0.9544065459216684 0.1842183631530623 0.41091583856447905 0.6005370854513539 0.6429010721146581 0.8097970052788341 1.0823715589659793 1.2851471201558773 1.410090977266607 1.5987451712936693
69 828 -0.640459096251669 -0.17859476981517763 0.11941964978109301 0.9544065459216684 0.1842183631530623 0.41091583856447905 0.6005370854513539 0.6429010721146581 0.8097970052788341 1.0823715589659793 1.2851471201558773 1.410090977266607 1.5987451712936693
70 840 -0.640459096251669 -0.17859476981517763 0.11941964978109301 0.9544065459216684 0.1842183631530623 0.41091583856447905 0.6005370854513539 0.6429010721146581 0.8097970052788341 1.0823715589659793 1.2851471201558773 1.410090977266607 1.5987451712936693
71 852 -0.640459096251669 -0.17859476981517763 0.11941964978109301 0.9544065459216684 0.1842183631530623 0.41091583856447905 0.6005370854513539 0.6429010721146581 0.8097970052788341 1.0823715589659793 1.2851471201558773 1.410090977266607 1.5987451712936693
72 864 -0.640459096251669 -0.17859476981517763 0.11941964978109301 0.9544065459216684 0.1842183631530623 0.41091583856447905 0.6005370854513539 0.6429010721146581 0.8097970052788341 1.0823715589659793 1.2851471201558773 1.410090977266607 1.5987451712936693
73 876 -0.7492737996193637 -0.3207519476061369 0.13430094423055103 0.9814726015374811 0.11702432753936538 0.29881276909477666 0.5168730400003371 0.5703753052778143 0.7610752556883128 0.970956792002275 1.2140045399896058 1.4508378135912634 1.789916334978228
74 888 -0.7492737996193637 -0.3207519476061369 0.13430094423055103 0.9814726015374811 0.11702432753936538 0.29881276909477666 0.5168730400003371 0.5703753052778143 0.7610752556883128 0.970956792002275 1.2140045399896058 1.4508378135912634 1.789916334978228
75 900 -0.7492737996193637 -0.3207519476061369 0.13430094423055103 0.9814726015374811 0.11702432753936538 0.29881276909477666 0.5168730400003371 0.5703753052778143 0.7610752556883128 0.970956792002275 1.2140045399896058 1.4508378135912634 1.789916334978228
76 912 -0.7492737996193637 -0.3207519476061369 0.13430094423055103 0.9814726015374811 0.11702432753936538 0.29881276909477666 0.5168730400003371 0.5703753052778143 0.7610752556883128 0.970956792002275 1.2140045399896058 1.4508378135912634 1.789916334978228
77 924 -0.7492737996193637 -0.3207519476061369 0.13430094423055103 0.9814726015374811 0.11702432753936538 0.29881276909477666 0.5168730400003371 0.5703753052778143 0.7610752556883128 0.970956792002275 1.2140045399896058 1.4508378135912634 1.789916334978228
78 936 -0.7492737996193637 -0.3207519476061369 0.13430094423055103 0.9814726015374811 0.11702432753936538 0.29881276909477666 0.5168730400003371 0.5703753052778143 0.7610752556883128 0.970956792002275 1.2140045399896058 1.4508378135912634 1.789916334978228
79 948 -0.7492737996193637 -0.3207519476061369 0.13430094423055103 0.9814726015374811 0.11702432753936538 0.29881276909477666 0.5168730400003371 0.5703753052778143 0.7610752556883128 0.970956792002275 1.2140045399896058 1.4508378135912634 1.789916334978228
80 960 -0.7492737996193637 -0.3207519476061369 0.13430094423055103 0.9814726015374811 0.11702432753936538 0.29881276909477666 0.5168730400003371 0.5703753052778143 0.7610752556883128 0.970956792002275 1.2140045399896058 1.4508378135912634 1.789916334978228
81 972 -0.7492737996193637 -0.3207519476061369 0.13430094423055103 0.9814726015374811 0.11702432753936538 0.29881276909477666 0.5168730400003371 0.5703753052778143 0.7610752556883128 0.970956792002275 1.2140045399896058 1.4508378135912634 1.789916334978228
82 984 -0.8503777232058338 -0.3215568017768309 0.18679637887786488 0.9915161426945787 0.07509525066413751 0.25250026045553825 0.38878462080836695 0.5036217507031497 0.6046763647821829 0.9252260001741818 1.2813750343627155 1.4638987311163631 1.8759578463980755
83 996 -0.8503777232058338 -0.3215568017768309 0.18679637887786488 0.9915161426945787 0.07509525066413751 0.25250026045553825 0.38878462080836695 0.5036217507031497 0.6046763647821829 0.9252260001741818 1.2813750343627155 1.4638987311163631 1.8759578463980755
84 1008 -0.8503777232058338 -0.3215568017768309 0.18679637887786488 0.9915161426945787 0.07509525066413751 0.25250026045553825 0.38878462080836695 0.5036217507031497 0.6046763647821829 0.9252260001741818 1.2813750343627155 1.4638987311163631 1.8759578463980755
85 1020 -0.8503777232058338 -0.3215568017768309 0.18679637887786488 0.9915161426945787 0.07509525066413751 0.25250026045553825 0.38878462080836695 0.5036217507031497 0.6046763647821829 0.9252260001741818 1.2813750343627155 1.4638987311163631 1.8759578463980755
86 1032 -0.8503777232058338 -0.3215568017768309 0.18679637887786488 0.9915161426945787 0.07509525066413751 0.25250026045553825 0.38878462080836695 0.5036217507031497 0.6046763647821829 0.9252260001741818 1.2813750343627155 1.4638987311163631 1.8759578463980755
87 1044 -0.8503777232058338 -0.3215568017768309 0.18679637887786488 0.9915161426945787 0.07509525066413751 0.25250026045553825 0.38878462080836695 0.5036217507031497 0.6046763647821829 0.9252260001741818 1.2813750343627155 1.4638987311163631 1.8759578463980755
88 1056 -0.8503777232058338 -0.3215568017768309 0.18679637887786488 0.9915161426945787 0.07509525066413751 0.25250026045553825 0.38878462080836695 0.5036217507031497 0.6046763647821829 0.9252260001741818 1.2813750343627155 1.4638987311163631 1.8759578463980755
89 1068 -0.8503777232058338 -0.3215568017768309 0.18679637887786488 0.9915161426945787 0.07509525066413751 0.25250026045553825 0.38878462080836695 0.5036217507031497 0.6046763647821829 0.9252260001741818 1.2813750343627155 1.4638987311163631 1.8759578463980755
90 1080 -0.8503777232058338 -0.3215568017768309 0.18679637887786488 0.9915161426945787 0.07509525066413751 0.25250026045553825 0.38878462080836695 0.5036217507031497 0.6046763647821829 0.9252260001741818 1.2813750343627155 1.4638987311163631 1.8759578463980755
91 1092 -0.9189744350325924 -0.30470295454429297 0.27095810437213513 0.9948779232878846 0.05447818337915229 0.1778128523949168 0.2990067129776128 0.5001948115238511 0.5698167906226838 0.8955486142161954 1.229872404991959 1.4082010169984147 2.0008748389246334
92 1104 -0.9189744350325924 -0.30470295454429297 0.27095810437213513 0.9948779232878846 0.05447818337915229 0.1778128523949168 0.2990067129776128 0.5001948115238511 0.5698167906226838 0.8955486142161954 1.229872404991959 1.4082010169984147 2.0008748389246334
93 1116 -0.9189744350325924 -0.30470295454429297 0.27095810437213513 0.9948779232878846 0.05447818337915229 0.1778128523949168 0.2990067129776128 0.5001948115238511 0.5698167906226838 0.8955486142161954 1.229872404991959 1.4082010169984147 2.0008748389246334
94 1128 -0.9189744350325924 -0.30470295454429297 0.27095810437213513 0.9948779232878846 0.05447818337915229 0.1778128523949168 0.2990067129776128 0.5001948115238511 0.5698167906226838 0.8955486142161954 1.229872404991959 1.4082010169984147 2.0008748389246334
95 1140 -0.9189744350325924 -0.30470295454429297 0.27095810437213513 0.9948779232878846 0.05447818337915229 0.1778128523949168 0.2990067129776128 0.5001948115238511 0.5698167906226838 0.8955486142161954 1.229872404991959 1.4082010169984147 2.0008748389246334
96 1152 -0.9189744350325924 -0.30470295454429297 0.27095810437213513 0.9948779232878846 0.05447818337915229 0.1778128523949168 0.2990067129776128 0.5001948115238511 0.5698167906226838 0.8955486142161954 1.229872404991959 1.4082010169984147 2.0008748389246334
97 1164 -0.9189744350325924 -0.30470295454429297 0.27095810437213513 0.9948779232878846 0.05447818337915229 0.1778128523949168 0.2990067129776128 0.5001948115238511 0.5698167906226838 0.8955486142161954 1.229872404991959 1.4082010169984147 2.0008748389246334
98 1176 -0.9189744350325924 -0.30470295454429297 0.27095810437213513 0.9948779232878846 0.05447818337915229 0.1778128523949168 0.2990067129776128 0.5001948115238511 0.5698167906226838 0.8955486142161954 1.229872404991959 1.4082010169984147 2.0008748389246334
99 1188 -0.9189744350325924 -0.30470295454429297 0.27095810437213513 0.9948779232878846 0.05447818337915229 0.1778128523949168 0.2990067129776128 0.5001948115238511 0.5698167906226838 0.8955486142161954 1.229872404991959 1.4082010169984147 2.0008748389246334
100 1200 -0.9638418900626537 -0.4271717204349365 0.37247153336888217 0.9968350637905435 0.04278230968872881 0.14228585947703914 0.232416920663059 0.36457341542513955 0.5455579687142343 0.8328003452097192 1.0390361558989023 1.3727166275066554 2.1990579853696186
101 1212 -0.9638418900626537 -0.4271717204349365 0.37247153336888217 0.9968350637905435 0.04278230968872881 0.14228585947703914 0.232416920663059 0.36457341542513955 0.5455579687142343 0.8328003452097192 1.0390361558989023 1.3727166275066554 2.1990579853696186
102 1224 -0.9638418900626537 -0.4271717204349365 0.37247153336888217 0.9968350637905435 0.04278230968872881 0.14228585947703914 0.232416920663059 0.36457341542513955 0.5455579687142343 0.8328003452097192 1.0390361558989023 1.3727166275066554 2.1990579853696186
103 1236 -0.9638418900626537 -0.4271717204349365 0.37247153336888217 0.9968350637905435 0.04278230968872881 0.14228585947703914 0.232416920663059 0.36457341542513955 0.5455579687142343 0.8328003452097192 1.0390361558989023 1.3727166275066554 2.1990579853696186
104 1248 -0.9638418900626537 -0.4271717204349365 0.37247153336888217 0.9968350637905435 0.04278230968872881 0.14228585947703914 0.232416920663059 0.36457341542513955 0.5455579687142343 0.8328003452097192 1.0390361558989023 1.3727166275066554 2.1990579853696186
105 1260 -0.9638418900626537 -0.4271717204349365 0.37247153336888217 0.9968350637905435 0.04278230968872881 0.14228585947703914 0.232416920663059 0.36457341542513955 0.5455579687142343 0.8328003452097192 1.0390361558989023 1.3727166275066554 2.1990579853696186
106 1272 -0.9638418900626537 -0.4271717204349365 0.37247153336888217 0.9968350637905435 0.04278230968872881 0.14228585947703914 0.232416920663059 0.36457341542513955 0.5455579687142343 0.8328003452097192 1.0390361558989023 1.3727166275066554 2.1990579853696186
107 1284 -0.9638418900626537 -0.4271717204349365 0.37247153336888217 0.9968350637905435 0.04278230968872881 0.14228585947703914 0.232416920663059 0.36457341542513955 0.5455579687142343 0.8328003452097192 1.0390361558989023 1.3727166275066554 2.1990579853696186
108 1296 -0.9638418900626537 -0.4271717204349365 0.37247153336888217 0.9968350637905435 0.04278230968872881 0.14228585947703914 0.232416920663059 0.36457341542513955 0.5455579687142343 0.8328003452097192 1.0390361558989023 1.3727166275066554 2.1990579853696186
109 1308 -0.9726624795115352 -0.37642286157082017 0.33525680506263056 0.9977297000694236 0.03112446043863036 0.12050832717926117 0.1923296881801589 0.3071276695165494 0.5076933160986784 0.7901293125147758 1.030637926807022 1.4604445260864791 2.185411016959816
