% # columns="iteration, evaluation, sigma, max axis length,  min axis length, all principal axes lengths  (sorted square roots of eigenvalues of C)", seed=86415, Tue Apr  7 19:07:25 2026
1 12 17.74597495877731 1.0000444454321133 1.0 1.0 1.0000055555709877 1.0000111111728396 1.0000166668055563 1.0000222224691375 1.0000277781635838 1.0000333338888951 1.0000388896450716 1.0000444454321133
2 24 18.016526630668892 1.0626878668253368 0.8897299499002073 0.8897299499002073 0.9319235751764582 0.9864573033607399 0.9917005533084894 0.9964079963824567 1.0021240052637594 1.0134807343419265 1.0278486255674932 1.0626878668253368
3 36 17.821482710534116 1.0985324141815467 0.8356064413621898 0.8356064413621898 0.9130255208005673 0.9520438881056557 0.9724613733416079 0.9827600119112289 1.0020566296319182 1.0098780262371112 1.0646672326665165 1.0985324141815467
4 48 16.70153986770873 1.1157336205571784 0.7945751881676291 0.7945751881676291 0.891288346732849 0.9373153348509436 0.9596775720111268 0.9976327880162275 1.0013111912478248 1.0332331623936104 1.0629081403560043 1.1157336205571784
5 60 17.144267358621722 1.1066211403406832 0.7331879894466206 0.7331879894466206 0.885931398305737 0.9442055097658612 0.9723986119883937 0.9772671209032061 1.0060655524073878 1.0338656301958022 1.0446339805918445 1.1066211403406832
6 72 19.867849214849358 1.2087752074633693 0.6834176227414279 0.6834176227414279 0.8655471268588756 0.9237814158602791 0.9474294639443298 0.9768172738625557 1.0063453642933835 1.0355825690367784 1.048948326077242 1.2087752074633693
7 84 21.935126294373962 1.3869523058628712 0.6582565373574409 0.6582565373574409 0.8152055666587086 0.9095385584859059 0.956916833872252 0.9758126676597163 1.0164049620903175 1.0321484998829953 1.0556598315356258 1.3869523058628712
8 96 23.140593243174866 1.4886554018135982 0.6074751385233446 0.6074751385233446 0.7746266062833775 0.900396715339474 0.9586583236961457 0.971277114386447 1.0207853328856251 1.0341972438123614 1.0637551274860326 1.4886554018135982
9 108 23.63724878260562 1.5533096489881657 0.5699543965468453 0.5699543965468453 0.7557394435175662 0.9072901617760295 0.9322449985337944 0.9551618199718559 1.0189603249860737 1.0340685821282596 1.0684390401998554 1.5533096489881657
10 120 23.446401351834854 1.5630832217812198 0.5413115156347057 0.5413115156347057 0.7532267126596092 0.8812513406334942 0.9361772759143483 0.9913218228293129 1.0004227389895315 1.0383159599403273 1.106528002239122 1.5630832217812198
11 132 23.336708385875387 1.6172576765779958 0.5302409687238193 0.5302409687238193 0.7425515317096033 0.8483243519180224 0.9447300893183902 0.9829860863724348 0.9924815720363147 1.054328571773908 1.0801008620860006 1.6172576765779958
12 144 23.876968969767482 1.7078029280275404 0.4935575610289525 0.4935575610289525 0.7333411680160986 0.8629657546003859 0.9086328836057562 0.9534482247693902 0.9832662594429427 1.0496814363170286 1.1112809108900723 1.7078029280275404
13 156 24.138936210298834 1.8237784033238775 0.4500484865734367 0.4500484865734367 0.7534024075254392 0.8326739870990904 0.9177135462334322 0.9492199902413695 0.9665759021157446 1.045659894312068 1.1333616278713945 1.8237784033238775
14 168 24.53831573471686 1.9026108281694438 0.4392155336591486 0.4392155336591486 0.7569485071440696 0.801758604634918 0.8730315866271734 0.9189126413247679 0.9789327608301771 1.0861138512515536 1.142836975778867 1.9026108281694438
15 180 23.591590901036852 1.968495946557127 0.42235673071503516 0.42235673071503516 0.7426388820887135 0.7845245939204402 0.8699853630059761 0.9095035794080513 0.9810250661953471 1.0859738445634284 1.1203478764157184 1.968495946557127
16 192 22.743778545065314 1.968580520829648 0.39370170107840635 0.39370170107840635 0.7494885558643236 0.7688613942488096 0.8364628208402586 0.8910538656544773 1.0133269554053985 1.0766092569799965 1.1337283424192117 1.968580520829648
17 204 21.313007375223098 1.9713789818993617 0.3690825029370035 0.3690825029370035 0.7380060596324941 0.7740274199055445 0.8422003264505976 0.8767083368310663 1.0016408090613398 1.0926220958177557 1.1069595395107614 1.9713789818993617
18 216 23.230791540491 1.9720551448610963 0.3615095708642216 0.3615095708642216 0.7134399110143 0.759619521108083 0.832406600280717 0.8650464033970937 0.9763754835305456 1.0726527003663466 1.1186102392585668 1.9720551448610963
19 228 23.119186548458593 2.0105880446259663 0.3561095734524277 0.3561095734524277 0.6545444144018999 0.7368259307045031 0.8474661516961318 0.9375915922315893 0.9863869949443136 1.0767927135278696 1.1262694865276457 2.0105880446259663
20 240 20.363362255876755 2.016239289678188 0.3359479815058387 0.3359479815058387 0.6572811831877523 0.7348536315675868 0.8165767290130371 0.9368398632331283 1.0035860891843598 1.0400920916990917 1.1562618950341839 2.016239289678188
21 252 21.07329350893257 1.9927181564662737 0.3166567343830662 0.3166567343830662 0.6362663616699865 0.7193579376598797 0.7924336655971868 0.9252361581785655 0.9984263652011441 1.0276903844772545 1.161687147874754 1.9927181564662737
22 264 20.02419905389474 1.9875452480305824 0.2988963676584341 0.2988963676584341 0.6342231084217198 0.7104848710853336 0.7997914349992863 0.9348657824336553 0.9797631559092471 1.0689152594394773 1.193508542513829 1.9875452480305824
23 276 18.426344601859878 1.9166891050532382 0.29408561419663093 0.29408561419663093 0.621045482327926 0.6833681765330688 0.8068929262804249 0.9053908813660337 0.9895773693325687 1.0681583136059296 1.2114014465454086 1.9166891050532382
24 288 18.467302197967527 1.8768893293797588 0.2875983720049397 0.2875983720049397 0.6121646866556976 0.6522241041172473 0.7794332755614694 0.899873646180151 0.9671471548531634 1.0920894160002552 1.1917789192841417 1.8768893293797588
25 300 17.78993654345466 1.8092734720213854 0.28055935518984465 0.28055935518984465 0.6026562268499029 0.6408948541997329 0.7862992581450899 0.9088047323915915 0.9663641022908519 1.1060249606184898 1.1927505241207295 1.8092734720213854
26 312 18.904622431157147 1.8264043995717056 0.27601461243865416 0.27601461243865416 0.584540171908302 0.6320346013491007 0.7968664135983559 0.9012219030567716 0.9427893655888888 1.108555115955701 1.125884222372687 1.8264043995717056
27 324 18.761211023005206 1.7811433435772963 0.2845685637852076 0.2845685637852076 0.5850865037463165 0.6088618766358975 0.7866484927551213 0.8995711847994555 0.9737109463849667 1.0866571406356191 1.1326549649072395 1.7811433435772963
28 336 18.05415189398103 1.8077572632406937 0.2659388667085642 0.2659388667085642 0.5989909501317089 0.6141158495365244 0.7878019031758658 0.877678744986857 0.9806529365581718 1.0839236477427787 1.1282625230758334 1.8077572632406937
29 348 17.72261509336338 1.7495500491186644 0.2664780217848165 0.2664780217848165 0.5805154439092802 0.6140496549903119 0.7584655897628867 0.8768555863071347 0.9897495563151417 1.0511424695722027 1.1602613502209962 1.7495500491186644
30 360 17.28058598459295 1.7477736167333209 0.2638530257713124 0.2638530257713124 0.5714340640180104 0.5880974509758311 0.7676886319526632 0.8652370403857841 0.9688116770560364 1.0625733246709936 1.2106607399810958 1.7477736167333209
31 372 16.463373931512695 1.7472371481288833 0.26824217267955913 0.26824217267955913 0.5522804316906127 0.5930775788806385 0.7510029404819689 0.8551981748358009 0.9651066366538639 1.0928432931993035 1.2207561608766997 1.7472371481288833
32 384 17.577749748451417 1.6983947492008848 0.268878572068406 0.268878572068406 0.5496257926601695 0.5653582705613074 0.7571980000596104 0.8472814199133453 1.0015276649297236 1.1239984786253383 1.1688517337630229 1.6983947492008848
33 396 19.82248719271994 1.628005254448284 0.2660428540557141 0.2660428540557141 0.5469859769961617 0.5958883443017121 0.7582762417667955 0.8353376820523015 1.0493786291548926 1.1316446960918265 1.1865674526821448 1.628005254448284
34 408 21.50643349915181 1.6120855908195657 0.2611972548067314 0.2611972548067314 0.5618941032307782 0.6074194819872346 0.751392963889377 0.8608771164029394 1.054958208791814 1.0811985317175554 1.176364897961594 1.6120855908195657
