% # columns="iteration, evaluation, min 25%tile 75%tile max correlation, correlation matrix principal axes lengths  (sorted square roots of eigenvalues of correlation matrix)", seed=61725, Wed Apr  8 03:09:40 2026
1 12 -0.12321983226180148 -0.02038289662153691 0.01972993183920995 0.0692847206443602 0.8970276881888047 0.9337578645164102 0.980605649313256 0.9842225518435754 1.0034405491246066 1.0095209889679497 1.0317303070017172 1.0680815313047172 1.0778983993676958
2 24 -0.12321983226180148 -0.02038289662153691 0.01972993183920995 0.0692847206443602 0.8970276881888047 0.9337578645164102 0.980605649313256 0.9842225518435754 1.0034405491246066 1.0095209889679497 1.0317303070017172 1.0680815313047172 1.0778983993676958
3 36 -0.12321983226180148 -0.02038289662153691 0.01972993183920995 0.0692847206443602 0.8970276881888047 0.9337578645164102 0.980605649313256 0.9842225518435754 1.0034405491246066 1.0095209889679497 1.0317303070017172 1.0680815313047172 1.0778983993676958
4 48 -0.12321983226180148 -0.02038289662153691 0.01972993183920995 0.0692847206443602 0.8970276881888047 0.9337578645164102 0.980605649313256 0.9842225518435754 1.0034405491246066 1.0095209889679497 1.0317303070017172 1.0680815313047172 1.0778983993676958
5 60 -0.12321983226180148 -0.02038289662153691 0.01972993183920995 0.0692847206443602 0.8970276881888047 0.9337578645164102 0.980605649313256 0.9842225518435754 1.0034405491246066 1.0095209889679497 1.0317303070017172 1.0680815313047172 1.0778983993676958
6 72 -0.12321983226180148 -0.02038289662153691 0.01972993183920995 0.0692847206443602 0.8970276881888047 0.9337578645164102 0.980605649313256 0.9842225518435754 1.0034405491246066 1.0095209889679497 1.0317303070017172 1.0680815313047172 1.0778983993676958
7 84 -0.12321983226180148 -0.02038289662153691 0.01972993183920995 0.0692847206443602 0.8970276881888047 0.9337578645164102 0.980605649313256 0.9842225518435754 1.0034405491246066 1.0095209889679497 1.0317303070017172 1.0680815313047172 1.0778983993676958
8 96 -0.12321983226180148 -0.02038289662153691 0.01972993183920995 0.0692847206443602 0.8970276881888047 0.9337578645164102 0.980605649313256 0.9842225518435754 1.0034405491246066 1.0095209889679497 1.0317303070017172 1.0680815313047172 1.0778983993676958
9 108 -0.12321983226180148 -0.02038289662153691 0.01972993183920995 0.0692847206443602 0.8970276881888047 0.9337578645164102 0.980605649313256 0.9842225518435754 1.0034405491246066 1.0095209889679497 1.0317303070017172 1.0680815313047172 1.0778983993676958
10 120 -0.28285220446507797 -0.04445948211231955 0.0692192117910024 0.17482757372666113 0.7322637041065319 0.8519826036033237 0.8807259015444869 0.9440728914687019 1.0069354851198005 1.0530685966044608 1.0873339193058196 1.1621005651511602 1.1896715751847322
11 132 -0.28285220446507797 -0.04445948211231955 0.0692192117910024 0.17482757372666113 0.7322637041065319 0.8519826036033237 0.8807259015444869 0.9440728914687019 1.0069354851198005 1.0530685966044608 1.0873339193058196 1.1621005651511602 1.1896715751847322
12 144 -0.28285220446507797 -0.04445948211231955 0.0692192117910024 0.17482757372666113 0.7322637041065319 0.8519826036033237 0.8807259015444869 0.9440728914687019 1.0069354851198005 1.0530685966044608 1.0873339193058196 1.1621005651511602 1.1896715751847322
13 156 -0.28285220446507797 -0.04445948211231955 0.0692192117910024 0.17482757372666113 0.7322637041065319 0.8519826036033237 0.8807259015444869 0.9440728914687019 1.0069354851198005 1.0530685966044608 1.0873339193058196 1.1621005651511602 1.1896715751847322
14 168 -0.28285220446507797 -0.04445948211231955 0.0692192117910024 0.17482757372666113 0.7322637041065319 0.8519826036033237 0.8807259015444869 0.9440728914687019 1.0069354851198005 1.0530685966044608 1.0873339193058196 1.1621005651511602 1.1896715751847322
15 180 -0.28285220446507797 -0.04445948211231955 0.0692192117910024 0.17482757372666113 0.7322637041065319 0.8519826036033237 0.8807259015444869 0.9440728914687019 1.0069354851198005 1.0530685966044608 1.0873339193058196 1.1621005651511602 1.1896715751847322
16 192 -0.28285220446507797 -0.04445948211231955 0.0692192117910024 0.17482757372666113 0.7322637041065319 0.8519826036033237 0.8807259015444869 0.9440728914687019 1.0069354851198005 1.0530685966044608 1.0873339193058196 1.1621005651511602 1.1896715751847322
17 204 -0.28285220446507797 -0.04445948211231955 0.0692192117910024 0.17482757372666113 0.7322637041065319 0.8519826036033237 0.8807259015444869 0.9440728914687019 1.0069354851198005 1.0530685966044608 1.0873339193058196 1.1621005651511602 1.1896715751847322
18 216 -0.28285220446507797 -0.04445948211231955 0.0692192117910024 0.17482757372666113 0.7322637041065319 0.8519826036033237 0.8807259015444869 0.9440728914687019 1.0069354851198005 1.0530685966044608 1.0873339193058196 1.1621005651511602 1.1896715751847322
19 228 -0.3407527246733947 -0.09085052850654352 0.07589737521421566 0.14545406030846944 0.6922644876223606 0.76064992338848 0.8192413184919403 0.9409287797932433 1.0184533309065766 1.0757875192986592 1.1104781303237021 1.1393781878586022 1.2883198204831738
20 240 -0.3407527246733947 -0.09085052850654352 0.07589737521421566 0.14545406030846944 0.6922644876223606 0.76064992338848 0.8192413184919403 0.9409287797932433 1.0184533309065766 1.0757875192986592 1.1104781303237021 1.1393781878586022 1.2883198204831738
21 252 -0.3407527246733947 -0.09085052850654352 0.07589737521421566 0.14545406030846944 0.6922644876223606 0.76064992338848 0.8192413184919403 0.9409287797932433 1.0184533309065766 1.0757875192986592 1.1104781303237021 1.1393781878586022 1.2883198204831738
22 264 -0.3407527246733947 -0.09085052850654352 0.07589737521421566 0.14545406030846944 0.6922644876223606 0.76064992338848 0.8192413184919403 0.9409287797932433 1.0184533309065766 1.0757875192986592 1.1104781303237021 1.1393781878586022 1.2883198204831738
23 276 -0.3407527246733947 -0.09085052850654352 0.07589737521421566 0.14545406030846944 0.6922644876223606 0.76064992338848 0.8192413184919403 0.9409287797932433 1.0184533309065766 1.0757875192986592 1.1104781303237021 1.1393781878586022 1.2883198204831738
24 288 -0.3407527246733947 -0.09085052850654352 0.07589737521421566 0.14545406030846944 0.6922644876223606 0.76064992338848 0.8192413184919403 0.9409287797932433 1.0184533309065766 1.0757875192986592 1.1104781303237021 1.1393781878586022 1.2883198204831738
25 300 -0.3407527246733947 -0.09085052850654352 0.07589737521421566 0.14545406030846944 0.6922644876223606 0.76064992338848 0.8192413184919403 0.9409287797932433 1.0184533309065766 1.0757875192986592 1.1104781303237021 1.1393781878586022 1.2883198204831738
26 312 -0.3407527246733947 -0.09085052850654352 0.07589737521421566 0.14545406030846944 0.6922644876223606 0.76064992338848 0.8192413184919403 0.9409287797932433 1.0184533309065766 1.0757875192986592 1.1104781303237021 1.1393781878586022 1.2883198204831738
27 324 -0.3407527246733947 -0.09085052850654352 0.07589737521421566 0.14545406030846944 0.6922644876223606 0.76064992338848 0.8192413184919403 0.9409287797932433 1.0184533309065766 1.0757875192986592 1.1104781303237021 1.1393781878586022 1.2883198204831738
28 336 -0.35376945319399944 -0.11984315888609531 0.09269292226112075 0.27545572751734126 0.622341852974028 0.7093049282251623 0.7831356806512063 0.8903553098460961 1.047989834809238 1.1170897018960322 1.1471972214412909 1.150519691855429 1.3105777132916605
29 348 -0.35376945319399944 -0.11984315888609531 0.09269292226112075 0.27545572751734126 0.622341852974028 0.7093049282251623 0.7831356806512063 0.8903553098460961 1.047989834809238 1.1170897018960322 1.1471972214412909 1.150519691855429 1.3105777132916605
30 360 -0.35376945319399944 -0.11984315888609531 0.09269292226112075 0.27545572751734126 0.622341852974028 0.7093049282251623 0.7831356806512063 0.8903553098460961 1.047989834809238 1.1170897018960322 1.1471972214412909 1.150519691855429 1.3105777132916605
31 372 -0.35376945319399944 -0.11984315888609531 0.09269292226112075 0.27545572751734126 0.622341852974028 0.7093049282251623 0.7831356806512063 0.8903553098460961 1.047989834809238 1.1170897018960322 1.1471972214412909 1.150519691855429 1.3105777132916605
32 384 -0.35376945319399944 -0.11984315888609531 0.09269292226112075 0.27545572751734126 0.622341852974028 0.7093049282251623 0.7831356806512063 0.8903553098460961 1.047989834809238 1.1170897018960322 1.1471972214412909 1.150519691855429 1.3105777132916605
33 396 -0.35376945319399944 -0.11984315888609531 0.09269292226112075 0.27545572751734126 0.622341852974028 0.7093049282251623 0.7831356806512063 0.8903553098460961 1.047989834809238 1.1170897018960322 1.1471972214412909 1.150519691855429 1.3105777132916605
34 408 -0.35376945319399944 -0.11984315888609531 0.09269292226112075 0.27545572751734126 0.622341852974028 0.7093049282251623 0.7831356806512063 0.8903553098460961 1.047989834809238 1.1170897018960322 1.1471972214412909 1.150519691855429 1.3105777132916605
35 420 -0.35376945319399944 -0.11984315888609531 0.09269292226112075 0.27545572751734126 0.622341852974028 0.7093049282251623 0.7831356806512063 0.8903553098460961 1.047989834809238 1.1170897018960322 1.1471972214412909 1.150519691855429 1.3105777132916605
36 432 -0.35376945319399944 -0.11984315888609531 0.09269292226112075 0.27545572751734126 0.622341852974028 0.7093049282251623 0.7831356806512063 0.8903553098460961 1.047989834809238 1.1170897018960322 1.1471972214412909 1.150519691855429 1.3105777132916605
37 444 -0.37691760084469045 -0.11784482858175123 0.09698324682212302 0.2937762537170958 0.6285502225361357 0.6609306745935267 0.848808198217037 0.9179955738043777 0.9960476277449865 1.0133161730007756 1.1027712994810097 1.171764033178927 1.4130987221826032
38 456 -0.37691760084469045 -0.11784482858175123 0.09698324682212302 0.2937762537170958 0.6285502225361357 0.6609306745935267 0.848808198217037 0.9179955738043777 0.9960476277449865 1.0133161730007756 1.1027712994810097 1.171764033178927 1.4130987221826032
39 468 -0.37691760084469045 -0.11784482858175123 0.09698324682212302 0.2937762537170958 0.6285502225361357 0.6609306745935267 0.848808198217037 0.9179955738043777 0.9960476277449865 1.0133161730007756 1.1027712994810097 1.171764033178927 1.4130987221826032
40 480 -0.37691760084469045 -0.11784482858175123 0.09698324682212302 0.2937762537170958 0.6285502225361357 0.6609306745935267 0.848808198217037 0.9179955738043777 0.9960476277449865 1.0133161730007756 1.1027712994810097 1.171764033178927 1.4130987221826032
41 492 -0.37691760084469045 -0.11784482858175123 0.09698324682212302 0.2937762537170958 0.6285502225361357 0.6609306745935267 0.848808198217037 0.9179955738043777 0.9960476277449865 1.0133161730007756 1.1027712994810097 1.171764033178927 1.4130987221826032
42 504 -0.37691760084469045 -0.11784482858175123 0.09698324682212302 0.2937762537170958 0.6285502225361357 0.6609306745935267 0.848808198217037 0.9179955738043777 0.9960476277449865 1.0133161730007756 1.1027712994810097 1.171764033178927 1.4130987221826032
43 516 -0.37691760084469045 -0.11784482858175123 0.09698324682212302 0.2937762537170958 0.6285502225361357 0.6609306745935267 0.848808198217037 0.9179955738043777 0.9960476277449865 1.0133161730007756 1.1027712994810097 1.171764033178927 1.4130987221826032
44 528 -0.37691760084469045 -0.11784482858175123 0.09698324682212302 0.2937762537170958 0.6285502225361357 0.6609306745935267 0.848808198217037 0.9179955738043777 0.9960476277449865 1.0133161730007756 1.1027712994810097 1.171764033178927 1.4130987221826032
45 540 -0.37691760084469045 -0.11784482858175123 0.09698324682212302 0.2937762537170958 0.6285502225361357 0.6609306745935267 0.848808198217037 0.9179955738043777 0.9960476277449865 1.0133161730007756 1.1027712994810097 1.171764033178927 1.4130987221826032
46 552 -0.4133403279489092 -0.12994644175067868 0.10869012053899423 0.3822907564729872 0.5820531821478209 0.6998408158518181 0.7242469133607361 0.8058619774687636 0.9541457575591903 1.0160242413665281 1.1574826121872641 1.2024690196469268 1.5063507828317788
47 564 -0.4133403279489092 -0.12994644175067868 0.10869012053899423 0.3822907564729872 0.5820531821478209 0.6998408158518181 0.7242469133607361 0.8058619774687636 0.9541457575591903 1.0160242413665281 1.1574826121872641 1.2024690196469268 1.5063507828317788
48 576 -0.4133403279489092 -0.12994644175067868 0.10869012053899423 0.3822907564729872 0.5820531821478209 0.6998408158518181 0.7242469133607361 0.8058619774687636 0.9541457575591903 1.0160242413665281 1.1574826121872641 1.2024690196469268 1.5063507828317788
49 588 -0.4133403279489092 -0.12994644175067868 0.10869012053899423 0.3822907564729872 0.5820531821478209 0.6998408158518181 0.7242469133607361 0.8058619774687636 0.9541457575591903 1.0160242413665281 1.1574826121872641 1.2024690196469268 1.5063507828317788
50 600 -0.4133403279489092 -0.12994644175067868 0.10869012053899423 0.3822907564729872 0.5820531821478209 0.6998408158518181 0.7242469133607361 0.8058619774687636 0.9541457575591903 1.0160242413665281 1.1574826121872641 1.2024690196469268 1.5063507828317788
51 612 -0.4133403279489092 -0.12994644175067868 0.10869012053899423 0.3822907564729872 0.5820531821478209 0.6998408158518181 0.7242469133607361 0.8058619774687636 0.9541457575591903 1.0160242413665281 1.1574826121872641 1.2024690196469268 1.5063507828317788
