% # columns="iteration, evaluation, min 25%tile 75%tile max correlation, correlation matrix principal axes lengths  (sorted square roots of eigenvalues of correlation matrix)", seed=123450, Tue Apr  7 20:21:34 2026
1 12 -0.1283422950243637 -0.02120468584603835 0.029114489392784937 0.08200723357003972 0.9109523108401156 0.9458153804144781 0.9646204302583128 0.9731847384569461 0.9840764867203122 0.9942479508651829 1.0258496170474352 1.0375107558867551 1.1455507492105013
2 24 -0.15234043230026606 -0.039380184397449475 0.04829272216114284 0.10136673992729117 0.9109523108401156 0.9458153804144781 0.9646204302583128 0.9731847384569461 0.9840764867203122 0.9942479508651829 1.0258496170474352 1.0375107558867551 1.1455507492105013
3 36 -0.1221472177390785 -0.06297715033215942 0.03628519867888201 0.11888314213090914 0.9109523108401156 0.9458153804144781 0.9646204302583128 0.9731847384569461 0.9840764867203122 0.9942479508651829 1.0258496170474352 1.0375107558867551 1.1455507492105013
4 48 -0.14814177514159438 -0.06679393455357313 0.0656308728011849 0.1543570705127041 0.9109523108401156 0.9458153804144781 0.9646204302583128 0.9731847384569461 0.9840764867203122 0.9942479508651829 1.0258496170474352 1.0375107558867551 1.1455507492105013
5 60 -0.18173979420263334 -0.07739643424617237 0.07067784883398232 0.15692304056291057 0.9109523108401156 0.9458153804144781 0.9646204302583128 0.9731847384569461 0.9840764867203122 0.9942479508651829 1.0258496170474352 1.0375107558867551 1.1455507492105013
6 72 -0.19675746273686456 -0.0643761093512476 0.06447283286555586 0.1258344244257366 0.9109523108401156 0.9458153804144781 0.9646204302583128 0.9731847384569461 0.9840764867203122 0.9942479508651829 1.0258496170474352 1.0375107558867551 1.1455507492105013
7 84 -0.1918544768526688 -0.05817898018499623 0.062223531923188094 0.1629179291054498 0.9109523108401156 0.9458153804144781 0.9646204302583128 0.9731847384569461 0.9840764867203122 0.9942479508651829 1.0258496170474352 1.0375107558867551 1.1455507492105013
8 96 -0.20854439958037158 -0.07649318697704566 0.06980198737021726 0.19108557288306932 0.9109523108401156 0.9458153804144781 0.9646204302583128 0.9731847384569461 0.9840764867203122 0.9942479508651829 1.0258496170474352 1.0375107558867551 1.1455507492105013
9 108 -0.23404293673932433 -0.07152773101830312 0.07187432779524383 0.2105912656049946 0.9109523108401156 0.9458153804144781 0.9646204302583128 0.9731847384569461 0.9840764867203122 0.9942479508651829 1.0258496170474352 1.0375107558867551 1.1455507492105013
10 120 -0.2652454988963885 -0.0641065882098451 0.09877750999785714 0.24352746339526224 0.7373463650601922 0.8024551957997434 0.8670734923688409 0.9053436197073818 0.9635390681777963 1.0251339690789902 1.1412401049136611 1.1656127041675857 1.265121868480725
11 132 -0.23919915846023704 -0.05659591415987507 0.11581782814932512 0.31202910440960946 0.7373463650601922 0.8024551957997434 0.8670734923688409 0.9053436197073818 0.9635390681777963 1.0251339690789902 1.1412401049136611 1.1656127041675857 1.265121868480725
12 144 -0.23287034462035092 -0.07257854275351967 0.1393136377707609 0.42816627123928724 0.7373463650601922 0.8024551957997434 0.8670734923688409 0.9053436197073818 0.9635390681777963 1.0251339690789902 1.1412401049136611 1.1656127041675857 1.265121868480725
13 156 -0.23092843540964705 -0.0765217586545373 0.13657763321786162 0.437828107989042 0.7373463650601922 0.8024551957997434 0.8670734923688409 0.9053436197073818 0.9635390681777963 1.0251339690789902 1.1412401049136611 1.1656127041675857 1.265121868480725
14 168 -0.24916309005054768 -0.09431105552998933 0.1342928515257396 0.419814987424458 0.7373463650601922 0.8024551957997434 0.8670734923688409 0.9053436197073818 0.9635390681777963 1.0251339690789902 1.1412401049136611 1.1656127041675857 1.265121868480725
15 180 -0.31444320431442374 -0.07750999767561702 0.1599067594351277 0.44166626106693946 0.7373463650601922 0.8024551957997434 0.8670734923688409 0.9053436197073818 0.9635390681777963 1.0251339690789902 1.1412401049136611 1.1656127041675857 1.265121868480725
16 192 -0.3522820949734966 -0.11188701135479925 0.14535007494421878 0.45757282820197875 0.7373463650601922 0.8024551957997434 0.8670734923688409 0.9053436197073818 0.9635390681777963 1.0251339690789902 1.1412401049136611 1.1656127041675857 1.265121868480725
17 204 -0.3510092651005878 -0.1292936577358816 0.144021916627749 0.4598176910920294 0.7373463650601922 0.8024551957997434 0.8670734923688409 0.9053436197073818 0.9635390681777963 1.0251339690789902 1.1412401049136611 1.1656127041675857 1.265121868480725
18 216 -0.35928302242508714 -0.13217857943450428 0.14968733630566433 0.46650949814014003 0.7373463650601922 0.8024551957997434 0.8670734923688409 0.9053436197073818 0.9635390681777963 1.0251339690789902 1.1412401049136611 1.1656127041675857 1.265121868480725
19 228 -0.34468441806702155 -0.1294255739177 0.13580167417429456 0.5006366970171635 0.6376171652351355 0.70767161335893 0.8186496813928122 0.8470733487121163 0.8678816076149656 1.009047671034359 1.097479369862501 1.167615871761188 1.5380966162052159
20 240 -0.30973398848086997 -0.14312358199890035 0.11056910274543423 0.5524702594221607 0.6376171652351355 0.70767161335893 0.8186496813928122 0.8470733487121163 0.8678816076149656 1.009047671034359 1.097479369862501 1.167615871761188 1.5380966162052159
21 252 -0.30887690952605373 -0.16976888682415114 0.0930040356941077 0.5789167386611509 0.6376171652351355 0.70767161335893 0.8186496813928122 0.8470733487121163 0.8678816076149656 1.009047671034359 1.097479369862501 1.167615871761188 1.5380966162052159
22 264 -0.36421995915306926 -0.17017046648129874 0.1086192194526246 0.5672914209633212 0.6376171652351355 0.70767161335893 0.8186496813928122 0.8470733487121163 0.8678816076149656 1.009047671034359 1.097479369862501 1.167615871761188 1.5380966162052159
23 276 -0.4128524783691931 -0.137863463918911 0.09982532130318815 0.5136868585116559 0.6376171652351355 0.70767161335893 0.8186496813928122 0.8470733487121163 0.8678816076149656 1.009047671034359 1.097479369862501 1.167615871761188 1.5380966162052159
24 288 -0.4215073833676557 -0.1516129273214677 0.13162292581322116 0.4241597535532157 0.6376171652351355 0.70767161335893 0.8186496813928122 0.8470733487121163 0.8678816076149656 1.009047671034359 1.097479369862501 1.167615871761188 1.5380966162052159
25 300 -0.4638194804698819 -0.16599075602073263 0.12857548253717288 0.37237835997855195 0.6376171652351355 0.70767161335893 0.8186496813928122 0.8470733487121163 0.8678816076149656 1.009047671034359 1.097479369862501 1.167615871761188 1.5380966162052159
26 312 -0.47767383209798675 -0.11138398563347268 0.11244325164248631 0.3519601991232943 0.6376171652351355 0.70767161335893 0.8186496813928122 0.8470733487121163 0.8678816076149656 1.009047671034359 1.097479369862501 1.167615871761188 1.5380966162052159
27 324 -0.4606967986656702 -0.1349917789158251 0.13118694958369564 0.3506366287096245 0.6376171652351355 0.70767161335893 0.8186496813928122 0.8470733487121163 0.8678816076149656 1.009047671034359 1.097479369862501 1.167615871761188 1.5380966162052159
28 336 -0.4742766656606379 -0.1456982322995935 0.10750735852194895 0.3526573642160324 0.6094105253289134 0.7192054763394751 0.7337607284827062 0.8082058264084506 0.8803359339352508 0.9544376550501028 1.130083238417651 1.2938337898174233 1.510868701951489
29 348 -0.48269371978488135 -0.13702487609404185 0.1248623927922496 0.34705011825306015 0.6094105253289134 0.7192054763394751 0.7337607284827062 0.8082058264084506 0.8803359339352508 0.9544376550501028 1.130083238417651 1.2938337898174233 1.510868701951489
30 360 -0.4955837820784295 -0.13311064971915557 0.125135706796333 0.3680179698613922 0.6094105253289134 0.7192054763394751 0.7337607284827062 0.8082058264084506 0.8803359339352508 0.9544376550501028 1.130083238417651 1.2938337898174233 1.510868701951489
31 372 -0.4622136407113408 -0.15137025338191634 0.1153876699780989 0.3374699072819848 0.6094105253289134 0.7192054763394751 0.7337607284827062 0.8082058264084506 0.8803359339352508 0.9544376550501028 1.130083238417651 1.2938337898174233 1.510868701951489
32 384 -0.4408434238705111 -0.16611340077199008 0.1325802149729432 0.34139481385266846 0.6094105253289134 0.7192054763394751 0.7337607284827062 0.8082058264084506 0.8803359339352508 0.9544376550501028 1.130083238417651 1.2938337898174233 1.510868701951489
33 396 -0.4388940197288076 -0.15903327446232124 0.14564053709091446 0.3425442054688503 0.6094105253289134 0.7192054763394751 0.7337607284827062 0.8082058264084506 0.8803359339352508 0.9544376550501028 1.130083238417651 1.2938337898174233 1.510868701951489
34 408 -0.4201737316291014 -0.14197187724297036 0.14514189294069813 0.3348688601070548 0.6094105253289134 0.7192054763394751 0.7337607284827062 0.8082058264084506 0.8803359339352508 0.9544376550501028 1.130083238417651 1.2938337898174233 1.510868701951489
