% # columns="iteration, evaluation, sigma, max axis length,  min axis length, all principal axes lengths  (sorted square roots of eigenvalues of C)", seed=123450, Mon Apr 13 17:33:00 2026
1 12 18.635719768039273 1.0000444454321133 1.0 1.0 1.0000055555709877 1.0000111111728396 1.0000166668055563 1.0000222224691375 1.0000277781635838 1.0000333338888951 1.0000388896450716 1.0000444454321133
2 24 18.956604449744862 1.0796501004923258 0.9122749876246637 0.9122749876246637 0.9377412305195536 0.9702360966954652 0.9953498858411249 1.0013409845879635 1.003693928018569 1.0044016974784733 1.024622994803925 1.0796501004923258
3 36 19.019220951340003 1.2041950828141514 0.888125633286453 0.888125633286453 0.909006236111739 0.9341329826337228 0.9685627821500783 0.9825271994920679 1.0134051045600094 1.0611057148413523 1.0866984549119665 1.2041950828141514
4 48 20.379682610928118 1.2328721967267706 0.8733338941815499 0.8733338941815499 0.8947920347034062 0.9192032759601437 0.9675823181609361 0.9736405310100281 0.9992740634471974 1.0662216616141373 1.0864976154775576 1.2328721967267706
5 60 22.324040467485116 1.3395906221866607 0.8440359799451324 0.8440359799451324 0.8569765391823105 0.9202540339877187 0.9498658320010027 0.9715862789075037 0.9823265945496217 1.040996447052658 1.0719148840637773 1.3395906221866607
6 72 22.537234564363327 1.3287106507943605 0.8343893048400691 0.8343893048400691 0.8494811846559626 0.9082928927526387 0.9422226644785522 0.9566091020301695 1.0093106263690603 1.024542276575468 1.1393887351636744 1.3287106507943605
7 84 22.157622586608685 1.3410881373514127 0.8251701784366585 0.8251701784366585 0.8590334106004204 0.873392999991968 0.9079022663800247 0.9448347487660959 0.9931140016401999 1.0278462122076375 1.1676266436472893 1.3410881373514127
8 96 19.840299143261277 1.3163472780064345 0.8026344847075668 0.8026344847075668 0.831854559386243 0.8495727839698347 0.8825075315259848 0.9369800987432552 1.001759504248875 1.05998869448549 1.2160442352501117 1.3163472780064345
9 108 19.96921978005366 1.3159587458460051 0.7602898747684054 0.7602898747684054 0.8090880226701922 0.8349219424136937 0.8986890222219479 0.9051219158496968 0.9861678036528018 1.0527812572080144 1.2201595614751832 1.3159587458460051
10 120 18.403361129431605 1.27817233907338 0.7438004338591641 0.7438004338591641 0.8040530463752372 0.855547639205152 0.8751335819662086 0.9670203160330311 0.9723978914172626 1.0565722382807738 1.2207717348226748 1.27817233907338
11 132 16.647314120202868 1.2582495502176096 0.7257574448612062 0.7257574448612062 0.7889980404033544 0.8112460126869325 0.8530790812088229 0.9722360178466728 0.9873016222488099 1.056108733742683 1.2035044674710123 1.2582495502176096
12 144 16.72232244396487 1.2688146566172007 0.663309213882289 0.663309213882289 0.7887784528206214 0.7996343417437062 0.8346520319678359 0.9337356403109365 0.9987650498888374 1.070061491537874 1.1694614985614196 1.2688146566172007
13 156 17.040595642980808 1.2216559224150505 0.6530961614004213 0.6530961614004213 0.7653950163921093 0.7956143902855964 0.8427521299555331 0.9574043102001666 1.0084569364678369 1.0546007730443419 1.1666334368770268 1.2216559224150505
14 168 14.87983413128499 1.275887486699579 0.6378118373029064 0.6378118373029064 0.737936249423256 0.794881105755398 0.8293440533788787 0.9726465925976858 0.9785611478130116 1.107419514332665 1.1413224531859512 1.275887486699579
15 180 15.654782596052073 1.2588284427086016 0.6240719666181308 0.6240719666181308 0.701031977851344 0.7858335358106849 0.8368391056435728 0.9744182787378981 0.9968719108098801 1.070351195404038 1.1413085871093605 1.2588284427086016
16 192 17.195890800262 1.3036051959220993 0.6163398244702246 0.6163398244702246 0.6644574017360393 0.7801395579266582 0.8287418632790445 0.9792373347567014 1.0460857194342381 1.0752712438722705 1.1523475176871028 1.3036051959220993
17 204 17.700441496373475 1.4046903028183682 0.6012908710063082 0.6012908710063082 0.6360723155133949 0.7749929616095204 0.8282602347376155 0.9402671701374631 1.064792657309899 1.0807347255618622 1.1696770045687315 1.4046903028183682
18 216 17.423099054962535 1.4588641394646966 0.5905142590458818 0.5905142590458818 0.6169037353075654 0.7775875468179888 0.8362713780972849 0.9558147277713271 1.0292488021265076 1.086491220599096 1.1507246947040226 1.4588641394646966
19 228 19.246313078418197 1.3732869241189867 0.6032002993017627 0.6032002993017627 0.6118653970699208 0.7890251832086602 0.8443499433872775 0.9376877994753575 1.027216909991242 1.1163009786521394 1.1529638917545686 1.3732869241189867
20 240 20.32750015185212 1.461384188635929 0.5902574357567493 0.5902574357567493 0.6031249636068631 0.7728980652282107 0.8495872942761103 0.9580534966523747 1.0066063384964734 1.0987963334985518 1.1663068071947538 1.461384188635929
21 252 23.452066502797216 1.4597826573645503 0.5671469960661228 0.5671469960661228 0.5955113361299358 0.7716245135270353 0.8623366244427955 0.9472415771744302 0.9873409074479191 1.1158396505652217 1.2406129353948303 1.4597826573645503
22 264 23.508741604111425 1.6260037633590636 0.5579185704442526 0.5579185704442526 0.5741875801235596 0.7679902450326451 0.8614714570172493 0.946475866740011 1.0088824865143822 1.086121994678024 1.2552535337692208 1.6260037633590636
23 276 22.368073334505866 1.6508483000778325 0.5373393903334931 0.5373393903334931 0.5474844512118963 0.7583027432884961 0.8366975556907404 0.9423037622884282 1.015204146448836 1.0911395248027054 1.203466187424953 1.6508483000778325
24 288 21.177691195797365 1.672693968491494 0.531519276152387 0.531519276152387 0.5416821834227196 0.7685425318828324 0.820203386229845 0.9144510988969418 0.9996588358123776 1.0872788584449034 1.1966112875539738 1.672693968491494
25 300 18.165279349426708 1.6595853606487252 0.4963246429681621 0.4963246429681621 0.5428965691635355 0.7545736992628725 0.7978995544462655 0.9023602962303766 0.9981098492747631 1.1039408984857875 1.1917555747129958 1.6595853606487252
26 312 16.08085597773681 1.6257767013996782 0.4914707018427255 0.4914707018427255 0.5192098231603856 0.7271973804682826 0.7976365130180236 0.897594317497409 0.9866270284424702 1.0938889243616547 1.1956824367869479 1.6257767013996782
27 324 16.387653500182765 1.5906472924179755 0.4738666643286711 0.4738666643286711 0.4998280251983243 0.7408632423710054 0.790324690329015 0.9015314573072847 0.9726748668988611 1.0782533006761785 1.1798640566799976 1.5906472924179755
28 336 17.240486051806165 1.6793640609483147 0.46879433557537387 0.46879433557537387 0.48081445170530035 0.7360066738016116 0.7845769262435636 0.877611760133934 0.9851654577803222 1.0569860074264081 1.1672146680193114 1.6793640609483147
29 348 17.68122374174741 1.5871990960370386 0.46053039826880376 0.46053039826880376 0.48198811050040535 0.7381847920605691 0.7861523845968508 0.8783022092908974 0.9828343298772553 1.1007020968699117 1.168988875882062 1.5871990960370386
30 360 17.925921313324924 1.5538212420420991 0.4360742549288915 0.4360742549288915 0.484392264898327 0.7371116578931678 0.770920832077475 0.8709239949617477 0.9673341750060315 1.0932371399746663 1.2090285732732546 1.5538212420420991
31 372 17.294915179104 1.5414456048729532 0.398350002197873 0.398350002197873 0.48945245160497514 0.72652267021025 0.7675762135762321 0.8669367714259434 1.0144939075528898 1.0912086553641447 1.1913489568283342 1.5414456048729532
32 384 17.01994655841157 1.517406797625197 0.37886479387179733 0.37886479387179733 0.4902948056661921 0.7166477831256628 0.7799799236884551 0.8640320520108001 1.0001029089411557 1.0638825693855618 1.267063070996638 1.517406797625197
33 396 16.712441793095817 1.4874503494455316 0.3680607211911505 0.3680607211911505 0.48597573044142006 0.7039463825035012 0.7696039434264417 0.8434699606048115 1.004638501299184 1.0745509476180841 1.2771790534338987 1.4874503494455316
34 408 17.208599818171677 1.5128247447353451 0.33735801746689487 0.33735801746689487 0.4756996488932839 0.7163813053391942 0.763505001539088 0.8513619962978805 1.00439423388652 1.0638227474562996 1.2604890701110976 1.5128247447353451
35 420 17.52229535812735 1.5155171008074626 0.32762236911762327 0.32762236911762327 0.4724621985915952 0.7164571785808715 0.7531903220511224 0.8609605034475222 0.9936275715738404 1.0647346525385013 1.3155912104431686 1.5155171008074626
36 432 16.90543590213055 1.592410528525813 0.3168496136335834 0.3168496136335834 0.4572137934141049 0.6931110213521491 0.7395978473697427 0.8560973795712652 0.9825473680299174 1.0466425810050612 1.316086271553605 1.592410528525813
37 444 17.6769365715538 1.607496697901062 0.297527622928145 0.297527622928145 0.44836807387652733 0.658581761539479 0.7441975143282964 0.8805419273749324 0.961938424153324 1.0685915144516935 1.2888963686065553 1.607496697901062
38 456 18.270092820516954 1.5924547761658603 0.2827684034705634 0.2827684034705634 0.4594219853057743 0.6455602878898313 0.7350732842481144 0.8697094948418795 0.9669449354764499 1.1353519900378894 1.2847967553784079 1.5924547761658603
39 468 18.83912446464914 1.5730111800180586 0.27053542673765324 0.27053542673765324 0.4494884447876955 0.6249864750202903 0.72908663422095 0.8454356694338876 0.9838940224347776 1.1847763920911187 1.2665048303499389 1.5730111800180586
40 480 20.909435608940193 1.5780810095608226 0.27196050751735185 0.27196050751735185 0.43625528854820345 0.6208865824190914 0.7293359974515546 0.8690672333382196 0.9719859203187003 1.1924772020710612 1.2375775466490222 1.5780810095608226
41 492 22.764339790313397 1.695768965144193 0.2607495976080558 0.2607495976080558 0.42986226614128276 0.6296638078423384 0.6930988068145006 0.8539670685499037 0.9803050292735895 1.2009216012959003 1.2569493600040462 1.695768965144193
42 504 24.660882550491838 1.7756192937196325 0.25714536946903926 0.25714536946903926 0.4205708535529924 0.6134965682253436 0.6894721402579689 0.8186871832389006 0.9783681610101082 1.1996448003686986 1.2584355299281438 1.7756192937196325
43 516 24.575604847821168 1.835485390905583 0.2496259622209415 0.2496259622209415 0.4195547170674775 0.6174661253862648 0.6825476207291389 0.8246251497142761 0.9790705800669115 1.195330176272146 1.2395074130262724 1.835485390905583
44 528 24.974779722235677 1.8570741982404446 0.2290153428068778 0.2290153428068778 0.40602360140035587 0.598460847370384 0.6738230722609924 0.8405194518384566 1.0096523672405802 1.201713427500632 1.2931480077070159 1.8570741982404446
45 540 24.372472114836704 1.9403483336900509 0.21994497649993358 0.21994497649993358 0.4012739463809181 0.5736513057392362 0.6671047599371347 0.8400222098247575 1.0361604321978415 1.190043664575407 1.3089482032639734 1.9403483336900509
46 552 25.565116892673654 1.9650501715557704 0.21474864314642614 0.21474864314642614 0.37904427144822966 0.5621074142089432 0.6752568626307103 0.8223206733538255 1.039549513764547 1.1707948716043874 1.3322286473901335 1.9650501715557704
47 564 27.418085022873623 1.9838687022466568 0.20577354418283322 0.20577354418283322 0.3532129335996573 0.5492266261957381 0.6727435907670214 0.834391560099632 1.0650811812527579 1.1769493058119969 1.3321740305420957 1.9838687022466568
48 576 26.915208808835004 2.1399772182982835 0.19873091705500157 0.19873091705500157 0.3450208027776136 0.5315888004465182 0.6549014720419379 0.8426376398172429 1.05588214140727 1.156210684538861 1.355236364817394 2.1399772182982835
49 588 26.01496796966657 2.1370330667041 0.1894417137281049 0.1894417137281049 0.35156677836751055 0.5290562584668926 0.6461457067239291 0.8224575887338479 1.0605229709295525 1.1802448304604796 1.3369925631921014 2.1370330667041
50 600 23.61001909590915 2.0862555307573114 0.18272888146075283 0.18272888146075283 0.3483541697405035 0.5300063223090196 0.6402107183410805 0.8173367307869813 1.0943674972230746 1.1615171549714205 1.3037545812940055 2.0862555307573114
51 612 22.730995264171437 2.087355146927115 0.17572497013077365 0.17572497013077365 0.3322918133986031 0.5255240920098754 0.6399869856330308 0.8134692120769432 1.0978786475043136 1.1578905134103337 1.2492479127377312 2.087355146927115
52 624 21.763426973695463 2.0691857212028784 0.1687654532844805 0.1687654532844805 0.33268405504718646 0.5255389931776464 0.635838263995505 0.8160332783939581 1.0669950002010393 1.1476736694780971 1.236211672414907 2.0691857212028784
53 636 23.16369269635392 2.049526931137357 0.15965059392038727 0.15965059392038727 0.3259671368369259 0.5192122821227284 0.6294867433816632 0.7951779899855014 1.0423521610877173 1.1525468948023552 1.278009399381341 2.049526931137357
54 648 22.71243194359347 2.107464990190047 0.1592948897526602 0.1592948897526602 0.3201891727629844 0.5077591017520613 0.6338346405406472 0.7641090500929806 1.0226023292021242 1.1282914095895036 1.339703166726252 2.107464990190047
55 660 23.178379236176085 2.0694512729507784 0.15481769812784912 0.15481769812784912 0.3093031411540249 0.4984825399992424 0.61653642083514 0.7594858250567753 1.0171113342369231 1.1728350714546827 1.3534911111413612 2.0694512729507784
56 672 22.392557613706003 2.0480818146000264 0.1431351222731888 0.1431351222731888 0.3101060964458246 0.49675616684026713 0.6488509947446823 0.7574404625991495 1.1147370532857814 1.1593724956858178 1.3649136220079725 2.0480818146000264
57 684 23.35325557521257 2.074491301198255 0.13898983308303664 0.13898983308303664 0.2881862626431177 0.5004036248357848 0.6340742130965831 0.7743427175747006 1.0977045988498733 1.151834901038286 1.3515016991055033 2.074491301198255
58 696 24.038217757106956 2.135107210926113 0.13265765939990462 0.13265765939990462 0.2840582550888385 0.4898046317997546 0.6294248546615957 0.7833478306400709 1.0979374415361463 1.1692971123395488 1.3252449999668467 2.135107210926113
59 708 23.447489779293985 2.1919728601374784 0.1245037087057237 0.1245037087057237 0.2719606781273933 0.48582998798811466 0.6284258167510833 0.7766821446258394 1.0828084728620009 1.1869988135706364 1.3318696394063587 2.1919728601374784
60 720 25.368189551149186 2.1935266700980063 0.12306652592965994 0.12306652592965994 0.2485005863092348 0.4875276176654494 0.6482072652772035 0.7773849539474634 1.090009253581685 1.1738805417161535 1.335577925032759 2.1935266700980063
61 732 28.576193078670816 2.1471300362996835 0.12153563075618448 0.12153563075618448 0.25639559163124503 0.4900158946026809 0.6293281239578208 0.7698768678781205 1.091885982094807 1.1573895234805134 1.459770234973921 2.1471300362996835
62 744 31.162216150259002 2.4063239671512875 0.11429293031989637 0.11429293031989637 0.2572434710068925 0.47392332315531616 0.6327778896993244 0.7707913156301092 1.0781470590841518 1.1703753547637743 1.4796140738223094 2.4063239671512875
63 756 30.36007552627575 2.427986848312915 0.11352212689337113 0.11352212689337113 0.2583848775558401 0.48346760564846714 0.6432269211939382 0.758143842711436 1.0715294132842683 1.1607893182570617 1.4372253603133338 2.427986848312915
64 768 31.64303196569856 2.452299894212727 0.11310202966556444 0.11310202966556444 0.2535715997815477 0.48285350727421966 0.6255907845608745 0.7467265497925308 1.0820978795787746 1.1465291263419246 1.3904847708577106 2.452299894212727
65 780 32.322463239941996 2.599037880728237 0.11131340209877694 0.11131340209877694 0.2416095038911114 0.4839578817712198 0.6316797483060851 0.7279590487110049 1.092078059899441 1.1533092954185595 1.3649559592570477 2.599037880728237
66 792 32.81337483701822 2.7598298451171637 0.10386308389848146 0.10386308389848146 0.23788728717758634 0.4810859434389554 0.6282748413464445 0.7085473000412175 1.0950192612913592 1.1592192831070862 1.350096153990348 2.7598298451171637
67 804 35.11427065061366 3.043553455336832 0.1010221403636075 0.1010221403636075 0.236869397064358 0.47276406686400696 0.6085699384748408 0.7079427102489914 1.0738297106720112 1.1482043640840538 1.3267630799642467 3.043553455336832
68 816 34.92240889965049 3.2241170136156097 0.099273494492551 0.099273494492551 0.23167872733604872 0.46263826998903895 0.5992116707789018 0.6964855850404429 1.0843113556085076 1.1598169476972708 1.318969183592667 3.2241170136156097
69 828 34.405046060178734 3.311688484527356 0.09667362966449919 0.09667362966449919 0.23613138545982207 0.45584512324677906 0.5846449053390123 0.6884916157703239 1.0490042893991576 1.1242749236250449 1.3124794979403525 3.311688484527356
70 840 33.47632021764505 3.436986601597534 0.09408938350589001 0.09408938350589001 0.2241614152296924 0.4515607419216139 0.5748520669555867 0.6706221386047835 1.054546300764841 1.1366898633945284 1.3230615184603367 3.436986601597534
71 852 35.41228995397381 3.4356445711653856 0.08782162939881531 0.08782162939881531 0.22236818059139235 0.4495750384672749 0.5675113352459262 0.6630754346141063 1.0706209315474646 1.156750435330185 1.2738097976011173 3.4356445711653856
72 864 39.35343056354965 3.427805771588935 0.08459023861187374 0.08459023861187374 0.2336754110833613 0.4404743603314552 0.5865429432309781 0.6673879393825681 1.0768761597233287 1.1187863985159157 1.2921181318185373 3.427805771588935
73 876 41.83230052162668 3.512958213389558 0.08332319205209476 0.08332319205209476 0.23410322455713736 0.4389593912999898 0.5754874300315542 0.6691769218647071 1.0583961273429499 1.1336552515344545 1.3003581182115236 3.512958213389558
74 888 41.06490227379233 3.6022951178621367 0.08296549730712544 0.08296549730712544 0.21984085492078198 0.43366347699484176 0.5699414316478695 0.6690031460752837 1.072604268079002 1.1151722039471628 1.3083958460881606 3.6022951178621367
75 900 40.32674821191038 3.600240784571233 0.08274066549788989 0.08274066549788989 0.2155326481101124 0.42509521542146844 0.5567616014097292 0.6668894211208642 1.027802881206083 1.121582857856272 1.293557111564832 3.600240784571233
76 912 43.84462109599954 3.450957153249228 0.08251765244778406 0.08251765244778406 0.21462874760780826 0.4485338971494154 0.5394247293658144 0.66706679767313 0.9988307987653763 1.1205233903704617 1.28156007859456 3.450957153249228
77 924 43.34995782215702 3.4926791671922084 0.07708428416714196 0.07708428416714196 0.21159179048790844 0.4535391041697564 0.5506470511739113 0.6693708150353677 1.0038216339669503 1.147793524381362 1.281097507207972 3.4926791671922084
78 936 39.7405530910759 3.37360916061781 0.07236883730603466 0.07236883730603466 0.20795023596253162 0.4533590194468306 0.5494064952069464 0.6713553523112779 0.994957828405055 1.1633313125926212 1.2701513598251157 3.37360916061781
79 948 38.31758870478243 3.1471398019440797 0.07024440860156732 0.07024440860156732 0.20021955322899557 0.4525787326804472 0.5453053698642665 0.6722920103848368 1.010577130701942 1.1817788538561231 1.2490182381205546 3.1471398019440797
80 960 36.326567394407874 3.218376692476017 0.06799235703005371 0.06799235703005371 0.19166805669134923 0.457005452832028 0.5301452981167767 0.660334265070234 0.9906437042453013 1.2070090253946435 1.2355315511471252 3.218376692476017
81 972 33.344117196563566 3.1153363767089717 0.0657004618332633 0.0657004618332633 0.18307138205400506 0.45523109433868436 0.5337486270546222 0.6671596311245902 0.994425052816727 1.1860937762392902 1.2642592404895947 3.1153363767089717
82 984 30.6377537156827 3.0346380943287983 0.0631344340450656 0.0631344340450656 0.1870895877492661 0.45831232612240475 0.5111289197207367 0.6652163228651304 0.9888453762950604 1.1545026596567645 1.2593934980634518 3.0346380943287983
83 996 28.501567687955454 3.0139435382835282 0.06278637357675133 0.06278637357675133 0.18200747044262833 0.4569675394793969 0.5031146614157754 0.6742272588355667 0.9636777047117604 1.1577345798271508 1.2562322048694563 3.0139435382835282
84 1008 31.120449010264196 2.9631221053584835 0.059962955217925704 0.059962955217925704 0.17966275962833417 0.4593118607670788 0.49257580021676806 0.6790402522334918 0.9124865940259724 1.1588529849375255 1.2573938849742643 2.9631221053584835
85 1020 31.26590485786178 2.821274160730862 0.059827642269689126 0.059827642269689126 0.17700953916739745 0.45934908177429384 0.5119448786535283 0.6786329252512554 0.9101092766284636 1.1609103767700901 1.3236486334565198 2.821274160730862
86 1032 27.292740108669804 2.7405780652166976 0.05899644782523415 0.05899644782523415 0.17177152267604986 0.4535050158508393 0.5255258116387014 0.6754471571740197 0.8855054552991323 1.1510033615260415 1.3426988248593659 2.7405780652166976
87 1044 26.12441058300485 2.672521584829098 0.057011035835164564 0.057011035835164564 0.16986464054516234 0.44979235409827406 0.5234413113327833 0.6555385560032729 0.8557858556795847 1.158408373060879 1.3474413337469775 2.672521584829098
88 1056 23.496940446081737 2.566306792274433 0.05846894278588008 0.05846894278588008 0.16015738925560946 0.4487054790380436 0.5284866716308879 0.6585508019209989 0.8598761083812148 1.1630092067625548 1.3206395190359612 2.566306792274433
89 1068 22.300350462101036 2.4868155502886005 0.058337896409258655 0.058337896409258655 0.15982873526382704 0.4486919625974995 0.5278687848274288 0.6612670548409346 0.8736274438360685 1.1610929112425012 1.2571207970717735 2.4868155502886005
90 1080 21.364775143381664 2.455351527145153 0.05789767724244253 0.05789767724244253 0.1565070955900357 0.4514626924534435 0.530370988272101 0.670226753304015 0.8441212724742725 1.1603262781434536 1.193873332043615 2.455351527145153
91 1092 22.268074124834786 2.4244579751428876 0.05673553476069589 0.05673553476069589 0.15132098484510298 0.45790120519224076 0.5384644079789387 0.6540289853757113 0.8130219342283587 1.1386277608933413 1.2090731650332838 2.4244579751428876
92 1104 21.534557901398983 2.4104495321577804 0.05385698519488519 0.05385698519488519 0.14799413535841277 0.4586756296515589 0.5412012170684599 0.6607835195241074 0.8585259841248658 1.0622133051145595 1.203708538270977 2.4104495321577804
93 1116 21.085426191665608 2.365066935954774 0.05196066390131596 0.05196066390131596 0.14800017879119293 0.4445266489902774 0.5703052156575062 0.6696815294107228 0.8426034451403497 1.0678829654655821 1.2055404865702277 2.365066935954774
94 1128 21.610643376876684 2.1896150620972934 0.054176767974592505 0.054176767974592505 0.14365138396491686 0.440040685464255 0.5701300117937277 0.6632429569991207 0.8331698577288332 1.0756626510566583 1.2043383087120358 2.1896150620972934
95 1140 21.62679450080569 2.2260246121189784 0.05146291698015462 0.05146291698015462 0.14111568754419637 0.4313040491191411 0.5416814150547484 0.7062532159883986 0.8644048889090469 1.0788241885886027 1.1875175770959738 2.2260246121189784
96 1152 22.254407466775085 2.2308185250643793 0.04993727063668447 0.04993727063668447 0.13922404367940358 0.43353004805528517 0.5424343411214435 0.7032995917524443 0.8634224042639103 1.093986268510206 1.1517903029377716 2.2308185250643793
97 1164 23.91222590976972 2.2006459433420096 0.04750007810950418 0.04750007810950418 0.13946605507073748 0.4401786738938503 0.5476680823311694 0.6509825443748213 0.8695053628574905 1.1165714799916429 1.137014938517023 2.2006459433420096
98 1176 26.634410860356375 2.275583601011885 0.04690519496459339 0.04690519496459339 0.1344605902737136 0.4556425530079868 0.5486737985557558 0.6567846122499729 0.8627484945393644 1.1134474512650032 1.14079440295855 2.275583601011885
99 1188 27.93803932670083 2.2077187442993567 0.048787429531315304 0.048787429531315304 0.13584761723452807 0.467419123029457 0.5345272309720311 0.6443961664856479 0.8906614280258277 1.1230976193597573 1.1445559185600758 2.2077187442993567
100 1200 25.699285547671938 2.1920771790587845 0.048718906897838164 0.048718906897838164 0.13393987474733487 0.4656206429568021 0.5330390840058961 0.6333630173472047 0.8697612399881263 1.1329190263232405 1.1647849150719294 2.1920771790587845
101 1212 24.48052961617434 2.166759881149692 0.04587599987304875 0.04587599987304875 0.13439395451705077 0.45871138285181745 0.5407617886321632 0.6211928236923046 0.8633098135469812 1.1105073224984132 1.193790397146543 2.166759881149692
102 1224 24.504431365524773 2.04238416130271 0.04489022924362766 0.04489022924362766 0.13288306979178552 0.44946150742045343 0.5467369651954929 0.6168052608936322 0.8565699828191627 1.1170247066218733 1.168137560160966 2.04238416130271
103 1236 24.359179629281943 1.9771764132661809 0.04439256564644531 0.04439256564644531 0.13442479420385234 0.44640063285359827 0.5238710531198639 0.6262768290928135 0.8321003789531786 1.1488182106011704 1.1539367534143314 1.9771764132661809
104 1248 26.719680442638133 1.943388631761173 0.04362534017347808 0.04362534017347808 0.13353745937146835 0.44050132920774154 0.5278793066151288 0.6269926439600055 0.820722352672438 1.1316245045496818 1.1831646991550933 1.943388631761173
105 1260 27.32665490592143 2.2184003688484544 0.04430343657828519 0.04430343657828519 0.13345051983362377 0.4147003737377406 0.5221924177101386 0.6146195713221929 0.8146277606624686 1.1376335923008274 1.1696818935556883 2.2184003688484544
106 1272 27.31171903974302 2.2359231742259373 0.044478303424770174 0.044478303424770174 0.13264569238618523 0.40843305813084163 0.5281009732344812 0.6031168434078568 0.7985789750352354 1.116210210875446 1.1440491383755644 2.2359231742259373
107 1284 25.706418961178553 2.2486114292733754 0.04322091072868663 0.04322091072868663 0.12939883890306483 0.39958393382895935 0.531176376135997 0.5714904459820399 0.8084509559402268 1.115036829390142 1.1795261063669173 2.2486114292733754
108 1296 24.994588493679537 2.2407451587747547 0.04353097901270563 0.04353097901270563 0.12852590856767576 0.38182034226267897 0.5137589786347111 0.5855620945918276 0.8036975456131621 1.077095299058285 1.16655726240132 2.2407451587747547
109 1308 25.61716305005912 2.2131596876695214 0.04385400660596514 0.04385400660596514 0.1277257013513625 0.3737086262433638 0.5114240248992091 0.5757831266778577 0.7787236619891408 1.074333469478432 1.1856627874133194 2.2131596876695214
