% # columns="iteration, evaluation, min 25%tile 75%tile max correlation, correlation matrix principal axes lengths  (sorted square roots of eigenvalues of correlation matrix)", seed=98760, Tue Apr  7 19:23:58 2026
1 12 -0.07360535333929905 -0.023871587133216826 0.027178749447028503 0.05458734676800656 0.9245912488386613 0.959468600667544 0.9647413457553649 0.9811648030949814 1.0052055548900543 1.0176155892252754 1.0249862200634456 1.0414203630824184 1.0723842468457618
2 24 -0.12648502445202198 -0.035588838361839376 0.026147420060242857 0.14416011094011855 0.9245912488386613 0.959468600667544 0.9647413457553649 0.9811648030949814 1.0052055548900543 1.0176155892252754 1.0249862200634456 1.0414203630824184 1.0723842468457618
3 36 -0.15776611565647666 -0.04879428391083728 0.04847044507653184 0.1366944615836463 0.9245912488386613 0.959468600667544 0.9647413457553649 0.9811648030949814 1.0052055548900543 1.0176155892252754 1.0249862200634456 1.0414203630824184 1.0723842468457618
4 48 -0.2006131006031479 -0.05442483183089265 0.05289836224256999 0.1606243312503388 0.9245912488386613 0.959468600667544 0.9647413457553649 0.9811648030949814 1.0052055548900543 1.0176155892252754 1.0249862200634456 1.0414203630824184 1.0723842468457618
5 60 -0.20122178441634442 -0.07012431875898786 0.04581179222589979 0.14964048180346928 0.9245912488386613 0.959468600667544 0.9647413457553649 0.9811648030949814 1.0052055548900543 1.0176155892252754 1.0249862200634456 1.0414203630824184 1.0723842468457618
6 72 -0.22132154538837595 -0.08603725625515993 0.033835226289639364 0.177001924189508 0.9245912488386613 0.959468600667544 0.9647413457553649 0.9811648030949814 1.0052055548900543 1.0176155892252754 1.0249862200634456 1.0414203630824184 1.0723842468457618
7 84 -0.1998531589204832 -0.0831184373472613 0.047080372894543324 0.1956987727160099 0.9245912488386613 0.959468600667544 0.9647413457553649 0.9811648030949814 1.0052055548900543 1.0176155892252754 1.0249862200634456 1.0414203630824184 1.0723842468457618
8 96 -0.20543875448164048 -0.106452621641828 0.05575238743926707 0.22478767794092452 0.9245912488386613 0.959468600667544 0.9647413457553649 0.9811648030949814 1.0052055548900543 1.0176155892252754 1.0249862200634456 1.0414203630824184 1.0723842468457618
9 108 -0.19099394353282578 -0.09955340574387828 0.055978505237017945 0.2511753288737561 0.9245912488386613 0.959468600667544 0.9647413457553649 0.9811648030949814 1.0052055548900543 1.0176155892252754 1.0249862200634456 1.0414203630824184 1.0723842468457618
10 120 -0.2281588546568159 -0.07774131806668425 0.07365687088917994 0.24200605271956194 0.7163240260030144 0.8266224608982928 0.8556998622743325 0.946502774525292 1.0019458331371012 1.0509516034722073 1.1044419529522889 1.1368558185791806 1.2469392669127422
11 132 -0.21825598703013277 -0.08649105848196545 0.06642967594504678 0.17456852161245814 0.7163240260030144 0.8266224608982928 0.8556998622743325 0.946502774525292 1.0019458331371012 1.0509516034722073 1.1044419529522889 1.1368558185791806 1.2469392669127422
12 144 -0.24432857608854874 -0.07881278764227638 0.04364433774786193 0.16938679770491308 0.7163240260030144 0.8266224608982928 0.8556998622743325 0.946502774525292 1.0019458331371012 1.0509516034722073 1.1044419529522889 1.1368558185791806 1.2469392669127422
13 156 -0.23618744524551916 -0.06768280154130338 0.06099777454924114 0.16204452737822367 0.7163240260030144 0.8266224608982928 0.8556998622743325 0.946502774525292 1.0019458331371012 1.0509516034722073 1.1044419529522889 1.1368558185791806 1.2469392669127422
14 168 -0.272192651424313 -0.10678644942955808 0.06573171043212626 0.18586568894449074 0.7163240260030144 0.8266224608982928 0.8556998622743325 0.946502774525292 1.0019458331371012 1.0509516034722073 1.1044419529522889 1.1368558185791806 1.2469392669127422
15 180 -0.25502724638276464 -0.10183346217531838 0.039389390974905424 0.1724601140445036 0.7163240260030144 0.8266224608982928 0.8556998622743325 0.946502774525292 1.0019458331371012 1.0509516034722073 1.1044419529522889 1.1368558185791806 1.2469392669127422
16 192 -0.2939916476997416 -0.1285978493269797 0.07730173398458212 0.1859526734401261 0.7163240260030144 0.8266224608982928 0.8556998622743325 0.946502774525292 1.0019458331371012 1.0509516034722073 1.1044419529522889 1.1368558185791806 1.2469392669127422
17 204 -0.305914284672217 -0.13583338856418228 0.0680098990821985 0.19574392364540658 0.7163240260030144 0.8266224608982928 0.8556998622743325 0.946502774525292 1.0019458331371012 1.0509516034722073 1.1044419529522889 1.1368558185791806 1.2469392669127422
18 216 -0.31736538607955156 -0.140247615208485 0.08744821828348495 0.21424764916100003 0.7163240260030144 0.8266224608982928 0.8556998622743325 0.946502774525292 1.0019458331371012 1.0509516034722073 1.1044419529522889 1.1368558185791806 1.2469392669127422
19 228 -0.33631160204864974 -0.12670846101440897 0.09419047160171236 0.24006851326486306 0.65612275566344 0.6946130999753302 0.8350686894106691 0.931627712243693 0.9411044508535984 1.1158215290990117 1.1358664902239703 1.1897707900147902 1.2981768646780598
20 240 -0.3270115710545221 -0.12716636904072026 0.10515780670841893 0.2691060876742196 0.65612275566344 0.6946130999753302 0.8350686894106691 0.931627712243693 0.9411044508535984 1.1158215290990117 1.1358664902239703 1.1897707900147902 1.2981768646780598
21 252 -0.30258727665967716 -0.14125185980316357 0.11972392126064854 0.33504779356667 0.65612275566344 0.6946130999753302 0.8350686894106691 0.931627712243693 0.9411044508535984 1.1158215290990117 1.1358664902239703 1.1897707900147902 1.2981768646780598
22 264 -0.29725292686199994 -0.14298065460142856 0.12529407292381106 0.34600883332387133 0.65612275566344 0.6946130999753302 0.8350686894106691 0.931627712243693 0.9411044508535984 1.1158215290990117 1.1358664902239703 1.1897707900147902 1.2981768646780598
23 276 -0.3716512295333699 -0.16552173335434694 0.1381947090234103 0.3523924456121963 0.65612275566344 0.6946130999753302 0.8350686894106691 0.931627712243693 0.9411044508535984 1.1158215290990117 1.1358664902239703 1.1897707900147902 1.2981768646780598
24 288 -0.35332925652840974 -0.17054720778625038 0.12621126230747076 0.33174553579715593 0.65612275566344 0.6946130999753302 0.8350686894106691 0.931627712243693 0.9411044508535984 1.1158215290990117 1.1358664902239703 1.1897707900147902 1.2981768646780598
25 300 -0.3877134834962333 -0.15940162958424378 0.10248280940157801 0.3392828045715096 0.65612275566344 0.6946130999753302 0.8350686894106691 0.931627712243693 0.9411044508535984 1.1158215290990117 1.1358664902239703 1.1897707900147902 1.2981768646780598
26 312 -0.3893837390690896 -0.17035272391041345 0.09527193772897057 0.3630726219684245 0.65612275566344 0.6946130999753302 0.8350686894106691 0.931627712243693 0.9411044508535984 1.1158215290990117 1.1358664902239703 1.1897707900147902 1.2981768646780598
27 324 -0.3937608786548913 -0.1813759640394577 0.08565123840066637 0.3891512722798528 0.65612275566344 0.6946130999753302 0.8350686894106691 0.931627712243693 0.9411044508535984 1.1158215290990117 1.1358664902239703 1.1897707900147902 1.2981768646780598
28 336 -0.4040602082160526 -0.17052587098147687 0.0840751577175102 0.421764494400592 0.6106457693791083 0.6791301502405999 0.7351356269827557 0.8600988501447518 0.9075448057542942 1.0599117546773815 1.233441268388233 1.2712665916666583 1.3420703966216174
29 348 -0.41505538200691994 -0.14981953462668998 0.10072910372235316 0.4061954863573946 0.6106457693791083 0.6791301502405999 0.7351356269827557 0.8600988501447518 0.9075448057542942 1.0599117546773815 1.233441268388233 1.2712665916666583 1.3420703966216174
30 360 -0.4564515412841894 -0.16563096764329013 0.11534865952001339 0.42023098914225926 0.6106457693791083 0.6791301502405999 0.7351356269827557 0.8600988501447518 0.9075448057542942 1.0599117546773815 1.233441268388233 1.2712665916666583 1.3420703966216174
31 372 -0.4119590281765176 -0.1616650539895745 0.09819859754779595 0.4090517128900284 0.6106457693791083 0.6791301502405999 0.7351356269827557 0.8600988501447518 0.9075448057542942 1.0599117546773815 1.233441268388233 1.2712665916666583 1.3420703966216174
32 384 -0.4127531585635282 -0.14779607679632198 0.09155039113980226 0.37220026596395933 0.6106457693791083 0.6791301502405999 0.7351356269827557 0.8600988501447518 0.9075448057542942 1.0599117546773815 1.233441268388233 1.2712665916666583 1.3420703966216174
33 396 -0.4504970552246765 -0.14721033667605052 0.09253897212168836 0.3784632285773565 0.6106457693791083 0.6791301502405999 0.7351356269827557 0.8600988501447518 0.9075448057542942 1.0599117546773815 1.233441268388233 1.2712665916666583 1.3420703966216174
34 408 -0.44179620033619327 -0.15175502012831235 0.114017940403037 0.4021448022805209 0.6106457693791083 0.6791301502405999 0.7351356269827557 0.8600988501447518 0.9075448057542942 1.0599117546773815 1.233441268388233 1.2712665916666583 1.3420703966216174
