% # columns="iteration, evaluation, min 25%tile 75%tile max correlation, correlation matrix principal axes lengths  (sorted square roots of eigenvalues of correlation matrix)", seed=111105, Wed Apr  8 10:22:13 2026
1 12 -0.034015420159259444 -0.015041963593547035 0.012810734519108387 0.07623164658940416 0.9292308027882811 0.9697328565945029 0.9802685087295349 0.9872971700080462 0.9956958916031916 1.010940688326448 1.0257471644893692 1.0352407359376041 1.0597991508798976
2 24 -0.11712452572027279 -0.02451578357447777 0.041717316223936485 0.13410012357131457 0.9292308027882811 0.9697328565945029 0.9802685087295349 0.9872971700080462 0.9956958916031916 1.010940688326448 1.0257471644893692 1.0352407359376041 1.0597991508798976
3 36 -0.1362741798825452 -0.03563656943982717 0.048796255045973694 0.19406818233984052 0.9292308027882811 0.9697328565945029 0.9802685087295349 0.9872971700080462 0.9956958916031916 1.010940688326448 1.0257471644893692 1.0352407359376041 1.0597991508798976
4 48 -0.16784372653755672 -0.05812094334802777 0.05215731498646993 0.1822594697165865 0.9292308027882811 0.9697328565945029 0.9802685087295349 0.9872971700080462 0.9956958916031916 1.010940688326448 1.0257471644893692 1.0352407359376041 1.0597991508798976
5 60 -0.16008684250864957 -0.05157500422237595 0.02860118875519662 0.1914829942616435 0.9292308027882811 0.9697328565945029 0.9802685087295349 0.9872971700080462 0.9956958916031916 1.010940688326448 1.0257471644893692 1.0352407359376041 1.0597991508798976
6 72 -0.14429507188395613 -0.06038242071122529 0.03769180489114713 0.23705006501694367 0.9292308027882811 0.9697328565945029 0.9802685087295349 0.9872971700080462 0.9956958916031916 1.010940688326448 1.0257471644893692 1.0352407359376041 1.0597991508798976
7 84 -0.14791835193012157 -0.08642320493365013 0.05645263165627175 0.3359861092364812 0.9292308027882811 0.9697328565945029 0.9802685087295349 0.9872971700080462 0.9956958916031916 1.010940688326448 1.0257471644893692 1.0352407359376041 1.0597991508798976
8 96 -0.20174697262530975 -0.06621729996529713 0.04697617013741161 0.385595104437404 0.9292308027882811 0.9697328565945029 0.9802685087295349 0.9872971700080462 0.9956958916031916 1.010940688326448 1.0257471644893692 1.0352407359376041 1.0597991508798976
9 108 -0.20551734027827795 -0.0798636595531095 0.04545482597942358 0.4268570902057669 0.9292308027882811 0.9697328565945029 0.9802685087295349 0.9872971700080462 0.9956958916031916 1.010940688326448 1.0257471644893692 1.0352407359376041 1.0597991508798976
10 120 -0.19490707141814562 -0.06244261651091868 0.05159649422123068 0.4561588895474266 0.7048460747998759 0.8425910130927593 0.9103218713267245 0.922142349441217 0.9483179651830189 1.0090649544857286 1.0992475192925641 1.1550490218593379 1.2861561244330146
11 132 -0.1967114236159296 -0.05260917919034157 0.06445493852034759 0.4544243969658729 0.7048460747998759 0.8425910130927593 0.9103218713267245 0.922142349441217 0.9483179651830189 1.0090649544857286 1.0992475192925641 1.1550490218593379 1.2861561244330146
12 144 -0.25556728521652106 -0.06766688924475583 0.10176501900981624 0.4278184781807169 0.7048460747998759 0.8425910130927593 0.9103218713267245 0.922142349441217 0.9483179651830189 1.0090649544857286 1.0992475192925641 1.1550490218593379 1.2861561244330146
13 156 -0.2537716086332459 -0.062412957201529624 0.09637264152312344 0.42862895998651446 0.7048460747998759 0.8425910130927593 0.9103218713267245 0.922142349441217 0.9483179651830189 1.0090649544857286 1.0992475192925641 1.1550490218593379 1.2861561244330146
14 168 -0.22318917549186845 -0.061431789066148844 0.08148163507925438 0.43984312774844087 0.7048460747998759 0.8425910130927593 0.9103218713267245 0.922142349441217 0.9483179651830189 1.0090649544857286 1.0992475192925641 1.1550490218593379 1.2861561244330146
15 180 -0.25166490911693085 -0.06803906467542448 0.07714796957478418 0.3833901691011687 0.7048460747998759 0.8425910130927593 0.9103218713267245 0.922142349441217 0.9483179651830189 1.0090649544857286 1.0992475192925641 1.1550490218593379 1.2861561244330146
16 192 -0.24062683606371735 -0.07150466524361948 0.1082812557219788 0.40227676616741753 0.7048460747998759 0.8425910130927593 0.9103218713267245 0.922142349441217 0.9483179651830189 1.0090649544857286 1.0992475192925641 1.1550490218593379 1.2861561244330146
17 204 -0.24397436546462972 -0.08080665881587526 0.11727608309173974 0.4226054664531668 0.7048460747998759 0.8425910130927593 0.9103218713267245 0.922142349441217 0.9483179651830189 1.0090649544857286 1.0992475192925641 1.1550490218593379 1.2861561244330146
18 216 -0.24590804753593262 -0.0889898625012196 0.13276755793955597 0.42740443418742785 0.7048460747998759 0.8425910130927593 0.9103218713267245 0.922142349441217 0.9483179651830189 1.0090649544857286 1.0992475192925641 1.1550490218593379 1.2861561244330146
19 228 -0.2651514812774989 -0.09087091578173931 0.10860882708952482 0.42840123333074087 0.6450219096938722 0.7952527956868901 0.8853695149967691 0.9281456123241039 0.9549989423673149 1.0217284062420344 1.0526352043765357 1.2011523052944717 1.3414270838004294
20 240 -0.20076010712025447 -0.0885208564246013 0.10994953233655208 0.444158802116495 0.6450219096938722 0.7952527956868901 0.8853695149967691 0.9281456123241039 0.9549989423673149 1.0217284062420344 1.0526352043765357 1.2011523052944717 1.3414270838004294
21 252 -0.2933364174690701 -0.1219448969869317 0.1037559079154063 0.5615003823205292 0.6450219096938722 0.7952527956868901 0.8853695149967691 0.9281456123241039 0.9549989423673149 1.0217284062420344 1.0526352043765357 1.2011523052944717 1.3414270838004294
22 264 -0.3168165722516628 -0.12296447627914014 0.14715707357154564 0.600754884213939 0.6450219096938722 0.7952527956868901 0.8853695149967691 0.9281456123241039 0.9549989423673149 1.0217284062420344 1.0526352043765357 1.2011523052944717 1.3414270838004294
23 276 -0.31812543005596594 -0.11186589857997534 0.15111260555872347 0.6124805764005053 0.6450219096938722 0.7952527956868901 0.8853695149967691 0.9281456123241039 0.9549989423673149 1.0217284062420344 1.0526352043765357 1.2011523052944717 1.3414270838004294
24 288 -0.374771045017386 -0.1125386200181058 0.17388930603592084 0.6102885860628087 0.6450219096938722 0.7952527956868901 0.8853695149967691 0.9281456123241039 0.9549989423673149 1.0217284062420344 1.0526352043765357 1.2011523052944717 1.3414270838004294
25 300 -0.40123120522699524 -0.11976782999134136 0.16376622512878491 0.6235195292605689 0.6450219096938722 0.7952527956868901 0.8853695149967691 0.9281456123241039 0.9549989423673149 1.0217284062420344 1.0526352043765357 1.2011523052944717 1.3414270838004294
26 312 -0.4009999740462511 -0.12507938897751752 0.15344004552255558 0.6156746485309309 0.6450219096938722 0.7952527956868901 0.8853695149967691 0.9281456123241039 0.9549989423673149 1.0217284062420344 1.0526352043765357 1.2011523052944717 1.3414270838004294
27 324 -0.38155965787699203 -0.13218431319684662 0.17795971346775258 0.6418386108236093 0.6450219096938722 0.7952527956868901 0.8853695149967691 0.9281456123241039 0.9549989423673149 1.0217284062420344 1.0526352043765357 1.2011523052944717 1.3414270838004294
28 336 -0.37476440077614076 -0.16358635497748364 0.1902719206773743 0.6568280066573029 0.5125406496505502 0.6477133094918381 0.7501569694238366 0.8471417472073892 0.886889017147149 0.9397266900008232 1.0688394554294252 1.2637814137186694 1.6211617157910594
29 348 -0.4224439558875261 -0.1678696372395746 0.18715077674221517 0.6623239761948535 0.5125406496505502 0.6477133094918381 0.7501569694238366 0.8471417472073892 0.886889017147149 0.9397266900008232 1.0688394554294252 1.2637814137186694 1.6211617157910594
30 360 -0.421396027891627 -0.1684816314091567 0.19357013068880735 0.6791900732196104 0.5125406496505502 0.6477133094918381 0.7501569694238366 0.8471417472073892 0.886889017147149 0.9397266900008232 1.0688394554294252 1.2637814137186694 1.6211617157910594
31 372 -0.49333061899399067 -0.13569449679582765 0.1495459985553842 0.6895260991283152 0.5125406496505502 0.6477133094918381 0.7501569694238366 0.8471417472073892 0.886889017147149 0.9397266900008232 1.0688394554294252 1.2637814137186694 1.6211617157910594
32 384 -0.4858742328299532 -0.12982835552196387 0.1663341529779217 0.6947904665647091 0.5125406496505502 0.6477133094918381 0.7501569694238366 0.8471417472073892 0.886889017147149 0.9397266900008232 1.0688394554294252 1.2637814137186694 1.6211617157910594
33 396 -0.4867971929900175 -0.15405230887372678 0.22423985707611993 0.7262007665017141 0.5125406496505502 0.6477133094918381 0.7501569694238366 0.8471417472073892 0.886889017147149 0.9397266900008232 1.0688394554294252 1.2637814137186694 1.6211617157910594
34 408 -0.4825765934846574 -0.13919673853401981 0.19983544155743746 0.736469034365776 0.5125406496505502 0.6477133094918381 0.7501569694238366 0.8471417472073892 0.886889017147149 0.9397266900008232 1.0688394554294252 1.2637814137186694 1.6211617157910594
35 420 -0.5130520301151715 -0.15523070248058235 0.1714735849036481 0.7364909075443131 0.5125406496505502 0.6477133094918381 0.7501569694238366 0.8471417472073892 0.886889017147149 0.9397266900008232 1.0688394554294252 1.2637814137186694 1.6211617157910594
36 432 -0.5260456758212467 -0.12479998087801045 0.16230366601384827 0.7413235719200101 0.5125406496505502 0.6477133094918381 0.7501569694238366 0.8471417472073892 0.886889017147149 0.9397266900008232 1.0688394554294252 1.2637814137186694 1.6211617157910594
37 444 -0.5059675888931139 -0.11965963001748225 0.1823651657061559 0.7503900862805599 0.4390612243672773 0.5994864095650159 0.7803275000674228 0.8002970415189476 0.8666536339418294 0.9942191532828029 1.0731600937755534 1.3021914993801469 1.616019613144989
38 456 -0.4933515754624375 -0.12316137378943912 0.1945078575241483 0.7566192245027947 0.4390612243672773 0.5994864095650159 0.7803275000674228 0.8002970415189476 0.8666536339418294 0.9942191532828029 1.0731600937755534 1.3021914993801469 1.616019613144989
39 468 -0.48584855957191975 -0.13739427309804988 0.21433769996536095 0.7774077631661787 0.4390612243672773 0.5994864095650159 0.7803275000674228 0.8002970415189476 0.8666536339418294 0.9942191532828029 1.0731600937755534 1.3021914993801469 1.616019613144989
40 480 -0.4486803967554602 -0.1397876356377718 0.20259164068596253 0.7666338790868721 0.4390612243672773 0.5994864095650159 0.7803275000674228 0.8002970415189476 0.8666536339418294 0.9942191532828029 1.0731600937755534 1.3021914993801469 1.616019613144989
41 492 -0.4482823217788928 -0.1464945330103698 0.2434416781078691 0.7741893300365417 0.4390612243672773 0.5994864095650159 0.7803275000674228 0.8002970415189476 0.8666536339418294 0.9942191532828029 1.0731600937755534 1.3021914993801469 1.616019613144989
42 504 -0.47880488652751807 -0.1448483455866788 0.21164224629321543 0.7653660681340245 0.4390612243672773 0.5994864095650159 0.7803275000674228 0.8002970415189476 0.8666536339418294 0.9942191532828029 1.0731600937755534 1.3021914993801469 1.616019613144989
43 516 -0.4619397318930819 -0.1556120062441669 0.19942113552299123 0.7623558546861653 0.4390612243672773 0.5994864095650159 0.7803275000674228 0.8002970415189476 0.8666536339418294 0.9942191532828029 1.0731600937755534 1.3021914993801469 1.616019613144989
44 528 -0.4511733063117503 -0.15899922840551695 0.21288265009416382 0.773000773903973 0.4390612243672773 0.5994864095650159 0.7803275000674228 0.8002970415189476 0.8666536339418294 0.9942191532828029 1.0731600937755534 1.3021914993801469 1.616019613144989
45 540 -0.4361848757373893 -0.14668126684282384 0.18664917736675216 0.7684575534894005 0.4390612243672773 0.5994864095650159 0.7803275000674228 0.8002970415189476 0.8666536339418294 0.9942191532828029 1.0731600937755534 1.3021914993801469 1.616019613144989
46 552 -0.4014903375224194 -0.13955787909745332 0.16432497081233635 0.7848468044496714 0.3774546406014945 0.5574618989397669 0.6806483946596429 0.806750273338505 0.8859397888564499 1.0187603320028689 1.0979934074458415 1.3745058413162665 1.5858809005362569
47 564 -0.4009294036636313 -0.1368772376301735 0.18083540366304657 0.7874535178406147 0.3774546406014945 0.5574618989397669 0.6806483946596429 0.806750273338505 0.8859397888564499 1.0187603320028689 1.0979934074458415 1.3745058413162665 1.5858809005362569
48 576 -0.4279419157082944 -0.1486038680746073 0.1453377858360932 0.7822088868207294 0.3774546406014945 0.5574618989397669 0.6806483946596429 0.806750273338505 0.8859397888564499 1.0187603320028689 1.0979934074458415 1.3745058413162665 1.5858809005362569
49 588 -0.4868919990174008 -0.16511986553206287 0.12400600395676142 0.784790280611824 0.3774546406014945 0.5574618989397669 0.6806483946596429 0.806750273338505 0.8859397888564499 1.0187603320028689 1.0979934074458415 1.3745058413162665 1.5858809005362569
50 600 -0.520549640667681 -0.1785795152263897 0.14301619229935603 0.7996046491348412 0.3774546406014945 0.5574618989397669 0.6806483946596429 0.806750273338505 0.8859397888564499 1.0187603320028689 1.0979934074458415 1.3745058413162665 1.5858809005362569
51 612 -0.5534542782213648 -0.16979573450110744 0.16960488247603134 0.8105808390572321 0.3774546406014945 0.5574618989397669 0.6806483946596429 0.806750273338505 0.8859397888564499 1.0187603320028689 1.0979934074458415 1.3745058413162665 1.5858809005362569
