% # columns="iteration, evaluation, void, void, void, xmean", seed=24690, Mon Apr 13 00:10:23 2026, <python>{}</python> # scaling_of_variables: 1, typical_x: 0
1 12 0 0 0 0.13400913129671718 54.87022864785317 0.31621328921207914 128.78286599147884 133.79331811822667 336.30152816657903 -31.838537466642823 -34.87187736617313 -96.41966944861385
2 24 0 0 0 0.1289747251769109 53.33084519127645 0.31378791887022917 123.34701271511244 133.40876075777098 347.42880452364096 -33.572550748178 -34.16724891294339 -98.72941414391752
3 36 0 0 0 0.1297336244665339 52.92175196534398 0.30421854789177527 116.23940642324393 132.66939380172767 341.6382884275023 -34.88896845643807 -33.112904002465775 -99.22641214292152
4 48 0 0 0 0.13102114674988238 52.59126945668788 0.31092939505382167 109.3562452258031 129.7869362485547 340.43042397374853 -35.882531716327634 -36.04623715501702 -97.83798854227177
5 60 0 0 0 0.13684790006438485 51.76073483328968 0.3023589913916093 98.85843620307907 133.7742480148717 340.0801903545498 -38.190762462778736 -36.844648852791096 -94.67017831812055
6 72 0 0 0 0.13328111415944965 52.1964914439458 0.32028382466531635 98.6799756402186 132.6050462423362 353.6367140163668 -40.88906200139637 -38.87561947083136 -92.07793052998838
7 84 0 0 0 0.13609147521052764 50.71187874180715 0.3056836492794009 98.41580873358905 130.29185943542606 342.88497737200083 -39.47307347900777 -39.20820477013109 -85.51310005680962
8 96 0 0 0 0.12918386588978523 49.28006889550528 0.3233338040650266 106.39500338382031 130.14320779375575 343.66051675818795 -39.49232893066285 -37.62463234064209 -77.43044459875479
9 108 0 0 0 0.11928913729764538 51.82089981229493 0.3166590914547933 105.89783904749049 128.92938272588447 331.0159478850667 -39.04632453259225 -37.152100966616786 -84.0372971005348
10 120 0 0 0 0.12076257747171953 50.10049279688117 0.290063749678351 104.23745377756595 125.39255440608441 331.0831069997248 -38.766452911156854 -36.66241291145628 -76.82851885445633
11 132 0 0 0 0.11554412312080246 47.53607095856874 0.27961182957419795 112.27937278544098 124.11481762654435 325.8944943456205 -40.15001963299517 -36.22109004329077 -72.59633579203266
12 144 0 0 0 0.11220629074543288 46.18121489212838 0.3044174203868357 105.6320213457655 127.15103824868451 332.5921866607347 -40.08853071630202 -38.18380711249471 -73.06873996807425
13 156 0 0 0 0.10799673855263764 48.50083114132085 0.30990204060679377 99.94962195213853 126.9246593015262 328.5080528910738 -37.88321909478406 -38.311813901087916 -77.46664543154584
14 168 0 0 0 0.10650501394707908 48.178786371017026 0.32261535789306617 98.7039253405871 120.09097104291602 335.0195018770633 -36.84587007962703 -37.844978426125444 -74.28559575816843
15 180 0 0 0 0.10920709326385339 49.97427474232302 0.3276568103303605 94.42900960155669 119.94310144824107 338.64417026929937 -35.86938479159054 -40.41963847875599 -77.4370699397152
16 192 0 0 0 0.10569602241814743 48.00895848563439 0.32004154904778764 95.10184524496316 120.1983026814709 345.395305511958 -36.632810415549386 -39.50215554451339 -79.04909569982706
17 204 0 0 0 0.10966067805863021 49.71164867191023 0.31844977883489917 92.11503315907855 120.24562370588102 351.29252291566434 -35.578873296856116 -40.884770894837445 -76.20916111090277
18 216 0 0 0 0.10472977833186925 52.36588026940933 0.3355885219810698 91.78349639353861 118.38238486285866 352.39969792579103 -34.92971778070164 -42.449975953255944 -75.57419973157872
19 228 0 0 0 0.1005773943544113 52.332370649235735 0.3188261142944347 95.79873046143223 115.80009188959792 345.5568584409708 -36.461964466495346 -41.308503272387185 -74.07792413698104
20 240 0 0 0 0.09459575940140226 51.46588065459978 0.32474348997519326 94.45450425133856 107.0928180004832 356.88914106564386 -36.15798655546335 -42.2949549010897 -71.51966942583773
21 252 0 0 0 0.09688435063688855 51.876254570297895 0.3038226579307548 94.36722327691807 107.56649450587402 357.96706216869234 -36.59100617490495 -41.56756553732618 -71.00248699314689
22 264 0 0 0 0.0983737744272846 52.78826749701501 0.3190409885055087 96.39022074808712 111.46904328377124 368.75630204339143 -36.77720186336189 -43.479260763730984 -75.06205831134011
23 276 0 0 0 0.10568324388282084 47.72106333631848 0.31474107210121466 94.92670923171657 115.68112008054648 375.41721925966743 -38.20674080753915 -42.38928027583593 -80.38932906426116
24 288 0 0 0 0.09225218509579167 46.6322017706239 0.33071503181486206 95.28593078371517 110.02192859102091 383.70011599692475 -36.62930666968796 -42.26847281139402 -80.34583288215826
25 300 0 0 0 0.09494479530156799 46.720815377690116 0.31381004773560095 99.3090334302604 117.46811214620342 374.1107297952976 -38.42979137547475 -40.65589529758478 -74.33864884076907
26 312 0 0 0 0.09430403909393284 46.24524702351779 0.2959507160332928 97.62958217944457 118.65186699731406 353.817044319378 -38.04818388778809 -40.40688863485045 -72.78242093174308
27 324 0 0 0 0.09536264212293274 48.56146689701604 0.2842991591878456 101.86377142883454 115.20607043302466 355.97760439333786 -38.8715762473297 -40.94659700078724 -65.78806361347658
28 336 0 0 0 0.08812144336749089 47.26016663164467 0.27900840031383256 103.0122894734343 109.30689477362688 361.7981825074694 -39.27084424647055 -40.470740848704345 -69.25262475427951
29 348 0 0 0 0.0865840577589134 47.743667477006525 0.2721950992143093 103.06335955889722 105.36248309490244 346.56691096704 -39.66130591287695 -41.23091133105947 -63.28193121091275
30 360 0 0 0 0.08413190255149006 49.24089266228945 0.2719169784148292 100.28493757019568 97.2752043855107 354.439463557773 -38.833480230993146 -41.02474337495165 -61.69117084592232
31 372 0 0 0 0.0898704263043328 48.34517179872148 0.2829244642523152 99.75077924785543 106.89107608445482 358.2738518894022 -38.15276415988586 -40.80643675064147 -65.11087384227334
32 384 0 0 0 0.0939292672644268 48.69517598125885 0.2887350053200674 100.97716146097986 109.76807122997525 363.3731183313959 -38.77952098553006 -42.04429643360745 -64.18501901167882
33 396 0 0 0 0.09285918075230838 49.218227394625465 0.2915746006063168 98.3590738806975 112.04784325136936 358.7306759672624 -37.48142551230299 -42.0784019649282 -65.91509824286764
34 408 0 0 0 0.0923644314895091 49.03515641243098 0.2981044162157528 96.94982535112115 109.62098043585198 367.1443035425693 -37.170261662220376 -43.86991438439686 -67.59794146513872
35 420 0 0 0 0.0898238994486952 49.39319943878712 0.299368712118083 96.65112973232277 109.04746679542751 357.7150215071649 -36.60867320106317 -43.15288874655609 -67.43606023295574
36 432 0 0 0 0.08776670079560805 48.219205951462826 0.28800403536939206 95.46048977797896 107.86870054701464 354.8112760042626 -36.40362028948884 -43.11143389645506 -68.36756331672527
37 444 0 0 0 0.08910971642944002 48.63387573037505 0.28687518256908584 98.2919338087957 111.1898882239831 354.1851467245393 -37.685452484445854 -41.988178273461976 -66.68738805440081
38 456 0 0 0 0.08745553659195135 49.31516734330589 0.2905781538634806 98.11827381166974 109.77587713570205 353.2819294877798 -37.51543796106013 -42.390132018072634 -67.09089136141617
39 468 0 0 0 0.08926870459372137 48.84143934866472 0.29422604234394767 98.51789311260968 114.00951889865696 353.1251339487693 -37.52311435633083 -42.27423175407843 -66.09491844162004
40 480 0 0 0 0.08967055508724749 49.71206921801504 0.29533105038230584 97.65614530859814 114.89305505597828 350.9054077739279 -37.162342599565626 -42.455007058106474 -65.68533726055112
41 492 0 0 0 0.08969563934596042 49.142352241057594 0.29402770503328274 97.1664919793554 114.42086370241344 351.50465097002655 -36.902391995418306 -42.2222991695899 -66.96579674124416
42 504 0 0 0 0.08805080683941514 48.66456240343412 0.2871512465120564 97.2042571472519 111.66960435599182 354.54604351237276 -37.03427872737486 -42.41612116011646 -67.71714741981955
43 516 0 0 0 0.08716342570911516 48.00190797981173 0.2816448934956978 98.70656709814878 111.17243470265176 352.97089131488156 -37.633764663472476 -42.00167960592228 -66.43191132192892
44 528 0 0 0 0.08815633168051726 48.4266529348179 0.27596732729753154 98.91854319735548 110.24234207125978 355.0228022936464 -37.713734557172906 -42.100949855105064 -65.26403330768045
45 540 0 0 0 0.0873505480972945 48.26893363581456 0.2716773461980151 100.0531464200179 111.03260349388688 352.40222732486683 -38.14288815073126 -41.76820770408596 -63.79542335341429
46 552 0 0 0 0.08650302095608986 47.83047248615069 0.2675776643806798 100.88454153138909 110.45830773414326 356.8435748585583 -38.53369288654017 -41.21969575026699 -65.26009322496202
47 564 0 0 0 0.08546580229647409 48.0729504929447 0.26689791229559506 99.91953457440779 108.87398617130145 359.3929476649375 -38.18402008008814 -41.293014875910266 -66.07909093435651
48 576 0 0 0 0.08465771296003104 47.73734490302455 0.2620619907688839 99.3159776326875 105.8050707098855 361.23347095293457 -37.92901883410062 -40.902549975681744 -67.1939196946438
49 588 0 0 0 0.08430874542535144 47.32088782205536 0.2677007739086261 100.80137791129127 104.81365698032633 366.737067161523 -38.60682383588753 -40.88852912107466 -69.80239989325139
50 600 0 0 0 0.08144480641448028 47.33813050443872 0.27848523267033337 101.11507345836081 107.68382493300354 363.6539470117963 -38.57883078430137 -40.928290053147954 -71.6758286894518
51 612 0 0 0 0.07960154464782616 46.4304401645776 0.2708633435709351 102.36459544574397 108.71587105824858 368.58783850215525 -39.14629853226414 -40.66728845566702 -72.46016399779126
52 624 0 0 0 0.07984275839933162 46.031022418682696 0.26676632398939015 102.77001433490274 109.10954608594173 364.9404969519425 -39.26644030840661 -40.64045668686163 -70.71578476682456
53 636 0 0 0 0.08195391415833764 46.34594513590082 0.2646634309978867 102.31241260337737 109.76816541619456 361.7417328096809 -39.04080212365384 -40.700404299430396 -67.27386610340054
54 648 0 0 0 0.08040307295669534 46.30612545056144 0.2557817625740239 103.14838299399925 108.06845154623393 360.855554729608 -39.35941680783867 -40.18636054589674 -66.10022913089418
55 660 0 0 0 0.08170253330540933 47.043106660848004 0.25513376382070835 103.07322375099312 109.35700130859924 359.5581585005323 -39.312957151639225 -40.60318627927229 -63.98714586165375
56 672 0 0 0 0.08007642705841336 46.739078811245264 0.25961507804929945 102.27107414420097 109.1279395249786 364.8910077567214 -39.03251605681739 -40.640147222828084 -66.03569469101708
57 684 0 0 0 0.07833539120341568 46.412328807080556 0.25725522545592217 102.84759584317116 106.79420765364041 367.98938129286347 -39.246224600413065 -40.13223617253952 -65.71219990915955
58 696 0 0 0 0.0774906411123107 46.328767595198435 0.25026799388102333 102.57800783502115 107.26945090277377 365.4677798425838 -39.17327687378454 -39.95105052119276 -65.07232059462764
59 708 0 0 0 0.07831923772394739 46.525178158944335 0.23855034515068227 104.49899324943864 107.42060980792044 363.22252389474863 -39.83084099425448 -38.99395047020722 -62.306685454960956
60 720 0 0 0 0.07866987191521824 46.52811514608696 0.22802511370573095 103.73634373244063 106.8084067040058 362.6906945032591 -39.531966414084074 -38.477915925050546 -61.021013489883
61 732 0 0 0 0.07722256582208487 46.398807210458294 0.21980259428307072 105.98016707332215 105.83006790718832 364.70199323259135 -40.41028572876063 -37.66415873494244 -59.62535735378279
62 744 0 0 0 0.0767725631382069 47.08755927823306 0.21732530634703934 107.63447379940752 107.3140099115638 360.47691042296964 -41.10327934239157 -37.815558224507775 -57.81481426133526
63 756 0 0 0 0.07892465283637426 47.22734699342616 0.21539938967790523 107.01878668986195 104.7049012504067 363.4806814664715 -40.83901747195965 -37.184320524025736 -57.63077845820804
64 768 0 0 0 0.07957556428304287 48.082385712239706 0.21909818394180633 107.47905500297848 105.90636396256707 358.37926015785445 -41.07264441116471 -37.63486266032076 -55.1826474305928
65 780 0 0 0 0.08011814753687523 48.21969719029231 0.21379473802753923 108.07718345763614 106.32880275746241 354.8483689131886 -41.26912706253739 -37.39653368074117 -54.06273416875381
66 792 0 0 0 0.07869964263906618 48.25182967455204 0.20710301361681638 110.30401737631244 106.31577275812727 356.97569641762504 -42.16826768243277 -36.77718902318477 -51.843497907283734
67 804 0 0 0 0.0791861490755876 48.76677783918142 0.1911792195931524 113.2491797137703 108.53893425442286 351.23582958709284 -43.210935414021556 -35.450648435714605 -47.23761892258466
68 816 0 0 0 0.07815757124859687 48.716889562091865 0.18404649589301347 116.73357576898287 106.56539490888596 350.9343564397961 -44.629775718571786 -34.58881633287359 -42.80772226299209
69 828 0 0 0 0.08125333762133295 50.19038896537922 0.180980837303937 116.97575499700773 111.44163949809348 341.04000277951224 -44.65064573186174 -34.55846189080428 -37.97518514098198
70 840 0 0 0 0.08546718966906516 50.38697539353981 0.18611646473618082 117.1441858783767 116.34310323482602 338.5827627941908 -44.57987096207721 -34.600358670543365 -36.19904017301682
71 852 0 0 0 0.08395954075068512 51.1270866008371 0.1843641249354162 118.3314486579423 117.14295778320466 333.7323731857108 -44.96790474858452 -34.808109977063395 -32.96272222155822
72 864 0 0 0 0.08144363214634111 50.37454724349066 0.18635293355337135 116.79150986725105 114.60973587577783 336.2657966584476 -44.37144045862362 -35.27677830928415 -35.78015237758155
73 876 0 0 0 0.08297381281546048 51.36942025425003 0.18743469625617834 118.95783823237119 118.41505231500298 330.11936767327745 -45.16823841599799 -35.12160326810931 -34.38578324694829
74 888 0 0 0 0.08119130940668333 50.95006075174528 0.17391917386405728 122.76649980478679 117.12122184335274 329.06294529821656 -46.80397324207845 -34.15218986260289 -31.10064418643921
75 900 0 0 0 0.07836582172840487 51.34390195401116 0.16931906333325208 124.95242456984207 115.04727451053891 327.50542754213654 -47.707047366775754 -33.79685975576705 -29.536379460764795
76 912 0 0 0 0.07759390990427854 51.89932608848022 0.16696884142186807 126.86833588905084 120.16869819492297 318.3356668075511 -48.3035302002158 -33.56584188194505 -25.734630298637423
77 924 0 0 0 0.07956149661395258 52.932537908156455 0.16371191724087766 131.42553128415668 121.78588525429512 310.00907201544754 -50.02470743301731 -33.46446964086376 -19.769390058956724
78 936 0 0 0 0.08031659202404942 53.667946155229316 0.16049455039231164 135.21412856814212 124.63166211950721 306.4425947443234 -51.52355229041276 -31.934492593493307 -17.88541398668384
79 948 0 0 0 0.07747257081515414 52.77197554672868 0.16513114308080457 137.14101148581676 120.12632477846107 309.09774925121326 -52.5075188278895 -32.65355334736773 -16.419062135255952
80 960 0 0 0 0.08147099878674234 56.83895691211782 0.16356406402953277 141.36276428860006 124.50182217046458 299.76875698344327 -54.116879662199565 -31.86423390497424 -6.479017461611635
81 972 0 0 0 0.07617555234971556 54.3716658655163 0.1596896905216872 138.3710911487206 118.97649887776774 309.8629270661779 -52.92947379123373 -31.15341389756523 -12.587985896181843
82 984 0 0 0 0.08089460887189238 57.99209436206303 0.16366046962173925 144.17465147558585 127.01146257436872 302.61597066218303 -54.930308927949895 -30.35833946215788 -6.460856987926348
83 996 0 0 0 0.07562457258335581 58.277188927860756 0.14809533355540835 150.88042017653558 123.2644655342215 309.61929290418044 -57.70475052517304 -29.425877029094142 -3.8839733802858176
84 1008 0 0 0 0.08318136497234052 59.683346153078205 0.16484083996852145 150.90962611574204 133.58105212188994 301.02765234336704 -57.407268455647014 -29.7734687669015 -0.7055209394028635
85 1020 0 0 0 0.08358517356096129 64.29385846004033 0.15856926077288117 155.28612504023704 135.38368277321277 290.5079475183319 -59.07385460147284 -29.076476214117957 9.98098169483048
86 1032 0 0 0 0.0811082375721568 65.33274178622416 0.14650990217409768 158.4473932106769 133.43475952743364 284.7409591463645 -60.39233797415293 -28.21187526870371 15.774159608168441
87 1044 0 0 0 0.08352647430035391 67.70566427429775 0.153353918970958 166.64461339956452 134.37895087891255 280.5600924039433 -63.74203280838218 -28.830120012030847 24.077122517280323
88 1056 0 0 0 0.08376891110208598 73.31648802926394 0.1322944894069706 177.03117972053292 139.63851897252374 260.838188005168 -67.61691457009306 -27.785076646809923 40.69126002649038
89 1068 0 0 0 0.08623704614333555 76.75335029973618 0.14200422702649151 182.6909980293184 147.76020320116356 247.98862433097884 -69.54243731656771 -28.325599943320068 46.32883081042693
90 1080 0 0 0 0.08895738875579282 81.56457159722501 0.1398790232139336 185.9422028709667 148.24969215714918 239.3169858859583 -70.82152003304361 -27.53083237481685 56.88852356580346
91 1092 0 0 0 0.07153520675046562 81.5848911495372 0.09634901856090178 200.7808071335157 139.09827355983873 235.34974785607335 -76.82360219711576 -24.731906489212815 70.54318537778973
92 1104 0 0 0 0.0640194345091081 79.90325169991638 0.06624287469992832 207.50431304592337 140.32926335852486 237.27038772167543 -79.41885058289769 -22.623969376407096 72.56726408027286
93 1116 0 0 0 0.06339144799180893 80.19088738127935 0.07606319363779482 212.9252972304636 140.46171094314795 233.72105100284404 -81.4515682314094 -22.784841407144445 79.52327701802407
94 1128 0 0 0 0.0663194350134178 82.87927911738025 0.07152035696902777 220.5568049370934 135.0466248139048 232.62075192103134 -84.68563276159999 -22.371224067224734 88.86773809871357
95 1140 0 0 0 0.08045719643702695 86.61184653139676 0.10418402216086693 215.74407180129577 142.38189881962376 227.77645519898715 -82.62254179655858 -25.116420483322553 93.31706511424204
96 1152 0 0 0 0.07571952016612693 84.1387711275228 0.08997503888957914 219.6650609769707 136.21467867348525 226.79827403850464 -84.49228971931895 -25.72031212335851 91.0413887064322
97 1164 0 0 0 0.05974975363415298 81.97128635204065 0.05246830744764655 227.34580111076772 127.3219914323802 238.63041245335577 -87.58231491961764 -22.87069207969473 91.40861645877648
98 1176 0 0 0 0.06406090891753098 84.52811489063917 0.05707380312921324 229.87618115812302 131.4096531676232 233.4282368176216 -88.56127525975336 -23.790924494241764 94.65993251577437
99 1188 0 0 0 0.06888401054561608 84.43899920892088 0.06513069421896757 224.92946410028972 127.65463933277103 250.05146187490035 -86.90506650178622 -24.691579589765517 87.95868782143202
100 1200 0 0 0 0.07567465997015463 87.48703442309552 0.08107117983694792 229.13732488493633 131.4047468832628 242.19352649539817 -88.44638673722736 -24.76778812676604 95.3026457816092
101 1212 0 0 0 0.08472537447686941 91.43287365482632 0.09788693724365197 238.39784764190034 135.30435051772506 225.85534178352856 -92.14816187119688 -26.632476644374893 110.61098734745417
102 1224 0 0 0 0.08159600686878025 93.04425628865593 0.07824927709819676 242.71533595966272 131.02921477707469 240.73441321431758 -93.92993627145212 -25.62088459400115 111.83434384159267
103 1236 0 0 0 0.08627637710717767 96.95183577597864 0.07904914523253379 246.31327812950616 132.22954429058734 236.7019557473574 -95.22467837184948 -25.600548302518465 119.804568381507
104 1248 0 0 0 0.08595433541481742 98.38344521990432 0.06653175044994224 254.19858954456558 133.74434582888603 217.6345983466274 -98.19436797965507 -24.224777743934496 130.23021725963545
105 1260 0 0 0 0.08850205701228245 98.32151316651307 0.06829391393926162 256.5539837898737 133.6102781606599 227.60477066346903 -99.15160230145837 -23.669375244142067 129.45248782673855
106 1272 0 0 0 0.09128391902615528 100.11911283688687 0.0700613972343375 264.2692142790602 131.03240526846545 221.24596957528664 -102.32873259065461 -23.782687948764778 139.4599964911937
107 1284 0 0 0 0.0933834751229905 104.86381331420718 0.0662379241233148 278.1038059643697 129.13983978733683 204.1447484763209 -108.05693025897762 -24.056251139036128 156.05503390988537
108 1296 0 0 0 0.10275689757941846 109.03676323922636 0.07020939038088593 288.4163895830671 127.15345866888235 197.41863504439004 -112.40538974992883 -24.97508866246884 168.32896906194458
109 1308 0 0 0 0.10455687137557151 113.32877864540085 0.054283279936263716 297.40919135113097 128.30752210986873 178.2055200407592 -115.92572197387668 -25.899661754150582 185.3236448130713
