% # columns="iteration, evaluation, sigma, max axis length,  min axis length, all principal axes lengths  (sorted square roots of eigenvalues of C)", seed=24690, Mon Apr 13 00:10:23 2026
1 12 17.929290062182297 1.0000444454321133 1.0 1.0 1.0000055555709877 1.0000111111728396 1.0000166668055563 1.0000222224691375 1.0000277781635838 1.0000333338888951 1.0000388896450716 1.0000444454321133
2 24 17.78865632902094 1.0637318619437193 0.9291526609918875 0.9291526609918875 0.9352027148758777 0.9679016971130033 0.9699270759451196 0.997702133134161 1.000682275378491 1.004945756639983 1.0246892303602249 1.0637318619437193
3 36 17.887199638386612 1.1061327033028543 0.9039830366680389 0.9039830366680389 0.9136192207962973 0.9349975291663982 0.958732867448558 0.9785090298489096 1.0004318669271484 1.0328608665414618 1.057470488532437 1.1061327033028543
4 48 19.14018947628954 1.1529601809315226 0.8084356479586176 0.8084356479586176 0.8803783605329125 0.9184920961372399 0.9576622484139071 0.9776704068538555 1.0065983485324814 1.0640948999885462 1.0915383341516858 1.1529601809315226
5 60 22.4903729846739 1.2211882939417156 0.8059697033325747 0.8059697033325747 0.8782074041126643 0.8973526589880263 0.941423711809042 0.9648779706677388 1.0348725811749533 1.0729425816333449 1.109743897119933 1.2211882939417156
6 72 25.712186568585928 1.2571435175737453 0.8197371762094842 0.8197371762094842 0.8534275083416175 0.89620485589615 0.9384873155765786 0.9614848666572965 1.0413614626056091 1.0691026306280964 1.1018309690463466 1.2571435175737453
7 84 25.905849469583984 1.2614268768605237 0.7753011611783298 0.7753011611783298 0.8352836842564336 0.8941844577418369 0.9295222832422543 0.9506197842244827 1.0451572697012463 1.1232920844791672 1.1426006332495353 1.2614268768605237
8 96 25.82816932998794 1.2564505870237899 0.7740574703213925 0.7740574703213925 0.8046610267588158 0.8592766755111075 0.9184709853308024 0.9484883603117619 1.0249015494733624 1.1113104342874043 1.1874106781227127 1.2564505870237899
9 108 24.399904359886346 1.245238145871107 0.7574445097231541 0.7574445097231541 0.7977802900382222 0.8374543137351577 0.9052060356297567 0.9710215739486491 1.0262024473457674 1.1228207802490118 1.2251611271741207 1.245238145871107
10 120 23.461715605948974 1.2314922459798232 0.7621046845681418 0.7621046845681418 0.7902138652066506 0.819550382434473 0.8989236691241735 0.9537221722370642 1.0726780907750095 1.1448478407547171 1.1797898310702968 1.2314922459798232
11 132 24.018318396495623 1.241671261526553 0.740527777444316 0.740527777444316 0.7957751366666135 0.8199817327342646 0.8969278957736874 0.9151372519424059 1.0965324025996188 1.144599421312054 1.1675920344739412 1.241671261526553
12 144 22.505106979838423 1.285886873465606 0.7438938276648513 0.7438938276648513 0.7870289541924312 0.8169242503123005 0.8793098188738516 0.8856100159659566 1.0440981064466002 1.1527964204748395 1.2273826591838872 1.285886873465606
13 156 21.060604924957506 1.2895357555364377 0.7291692355368753 0.7291692355368753 0.766056058999571 0.8009422771032292 0.8791147897651651 0.9014038374152161 1.0175452194117363 1.113735298993019 1.2727337093242763 1.2895357555364377
14 168 20.682411682459747 1.2901879272252816 0.6940917913437921 0.6940917913437921 0.7590523728385437 0.7973721183324984 0.8704515671207821 0.9166878975746331 1.0042166613492953 1.0979048224825323 1.2800812951046328 1.2901879272252816
15 180 20.191851213923286 1.2790330601110373 0.673191413982328 0.673191413982328 0.7627734214678586 0.794053424362575 0.8712712507918392 0.8977067276603058 1.0398853728591042 1.1112007717574492 1.1805145490773874 1.2790330601110373
16 192 18.410223235326722 1.3159676269660698 0.6760118594220749 0.6760118594220749 0.7351409595808788 0.7638070814901494 0.8680106401752856 0.8939758559242347 1.0453818043062801 1.091256622359711 1.1646829024147147 1.3159676269660698
17 204 17.54435106177173 1.3099661884102303 0.6581928958620088 0.6581928958620088 0.7336135865507587 0.7551041027614239 0.87255739504442 0.8960780328397001 1.0352830430051294 1.0732379507759056 1.1320371074278204 1.3099661884102303
18 216 17.676496639252207 1.305586616145858 0.6362691166501248 0.6362691166501248 0.7307371889549074 0.7330605284689089 0.8746312486350337 0.9027664288116092 1.0311502349565835 1.0600247758517 1.1331060915369275 1.305586616145858
19 228 16.771342727025328 1.358084430858444 0.6095050717029179 0.6095050717029179 0.7244049885147148 0.7474424966494287 0.8339789956500707 0.9029686049743332 1.0235261221693075 1.0460665609134046 1.1138158949327215 1.358084430858444
20 240 18.052517033566147 1.350204732316569 0.5813102427944025 0.5813102427944025 0.7219294624324597 0.7477343070412727 0.7914200457611705 0.8979953420009926 0.996910021426792 1.0641234828421076 1.1135691311479123 1.350204732316569
21 252 17.8710026934329 1.4086798380254661 0.5762248823140895 0.5762248823140895 0.6997104846479749 0.739978355186303 0.7879216794386109 0.9054044600390491 0.9796772618418038 1.0796911347988516 1.1320687600843673 1.4086798380254661
22 264 17.40657773068695 1.3980202497002139 0.5783975935640063 0.5783975935640063 0.6807644881297578 0.7411769820836892 0.7801875923470796 0.8725901385266822 0.9491742196147457 1.0743350694165654 1.1538766478903586 1.3980202497002139
23 276 18.874648885885918 1.445614203213266 0.5275409338745786 0.5275409338745786 0.6858762168980036 0.7383498413705262 0.7774594849492744 0.8714352605664557 0.9545430073683286 1.1136770333590544 1.1651730540445706 1.445614203213266
24 288 20.52464656045432 1.4224771042619326 0.5031096625257837 0.5031096625257837 0.6834450389999264 0.7236953677700729 0.7586390711442345 0.9140432541784054 0.9852495725041928 1.1071317206214324 1.206508181355996 1.4224771042619326
25 300 19.945086962392672 1.4082712709222809 0.4880151521117209 0.4880151521117209 0.6643242114667474 0.7291834293361141 0.7469617898773859 0.9675320974317219 0.9799558636022065 1.1014145022359574 1.2155312161334528 1.4082712709222809
26 312 19.445191785532238 1.4261773550497163 0.4673987321227573 0.4673987321227573 0.6531303199547126 0.7233560778791557 0.736505211046036 0.9533615845392648 0.9704010660088598 1.111159149270019 1.196013378156263 1.4261773550497163
27 324 18.877748121141572 1.4513542523161749 0.446079992022963 0.446079992022963 0.6451114121998701 0.7015067566861555 0.7316538653758523 0.9518809762751665 0.9612172356049706 1.1009735402445844 1.2036823372151635 1.4513542523161749
28 336 18.2812130732752 1.4544839554478326 0.43771314027036945 0.43771314027036945 0.6398927353757164 0.6771476441146148 0.7244602508338072 0.9101340224640765 0.9964240377166669 1.1193968540230896 1.215926115020041 1.4544839554478326
29 348 19.03207907664088 1.4398511290828027 0.42799692012632956 0.42799692012632956 0.587368638798081 0.6719689071351523 0.7317790479514708 0.9145005346096284 0.9967940412787889 1.112758667425592 1.22685317988857 1.4398511290828027
30 360 19.340499198226684 1.4828106744580178 0.4198179019338586 0.4198179019338586 0.5751740340935485 0.640225639409405 0.7539024124446467 0.9117893798865543 0.9890062380958721 1.112726048228086 1.2405455266291459 1.4828106744580178
31 372 15.93334174403746 1.4939467995437652 0.41796334893790654 0.41796334893790654 0.5620245034362602 0.6303133588969372 0.7484335950890582 0.8835059800303927 0.9813897403900362 1.0875003951068303 1.2988859619770605 1.4939467995437652
32 384 14.459887853144794 1.4762168518801453 0.408129058837762 0.408129058837762 0.5587300514407171 0.6386242456143403 0.7400001615247522 0.8699983532589628 0.9698823233244522 1.0124233051996494 1.3679845242023188 1.4762168518801453
33 396 12.921392687594878 1.482376372642776 0.38269350516721323 0.38269350516721323 0.5522775524575997 0.6312652340099374 0.7349644218812208 0.8482293714001783 1.0104471813087326 1.0202649166068287 1.3319981511111005 1.482376372642776
34 408 12.290932149849212 1.4617420981227265 0.37409561657833085 0.37409561657833085 0.5492729505879054 0.6309468102093869 0.7111904174740332 0.8489646270095094 1.0039379892314135 1.0369861472303226 1.2728302333741481 1.4617420981227265
35 420 11.168149541751257 1.528782073465252 0.35773521984707957 0.35773521984707957 0.5210486620263461 0.6020563661861129 0.7198550425688335 0.8462522132373326 0.9767954096263739 1.0287932999648282 1.2842993923155455 1.528782073465252
36 432 10.76688672358563 1.5317536957956646 0.33747521990343887 0.33747521990343887 0.503929489834473 0.5939203412887344 0.6993785595838325 0.8478858093813112 0.9674918766669937 1.045874505421309 1.3299804336515286 1.5317536957956646
37 444 9.611201863983203 1.46423527416223 0.32826869534672515 0.32826869534672515 0.49417653262872996 0.5848647286689325 0.7174594374166902 0.8592443789914365 0.9264715174670751 1.0500484417343663 1.3299435563577413 1.46423527416223
38 456 8.373694187316662 1.4193768978938677 0.31501048684780364 0.31501048684780364 0.49157564594109426 0.5680502397207609 0.715302039804242 0.8632260799236174 0.9020234537788128 1.042580091421723 1.3416720567862488 1.4193768978938677
39 468 7.985593040818491 1.4350400042311229 0.2976568006781964 0.2976568006781964 0.48378022989273367 0.5669700560810025 0.7125670359060416 0.8633871251862906 0.8943529209626063 1.0265391629724123 1.3252791910707717 1.4350400042311229
40 480 7.594580645437575 1.4187282350008257 0.2922148810810253 0.2922148810810253 0.49045402096525104 0.566318205320114 0.689529801307926 0.8355264577169362 0.8970375601472854 1.011771984010081 1.376372360128435 1.4187282350008257
41 492 6.561011478305207 1.429226992965423 0.2710415544066109 0.2710415544066109 0.4931336771622218 0.5510592615187166 0.6758171918494629 0.8516701326978211 0.9010035791562179 1.0310659533539255 1.3617995819319455 1.429226992965423
42 504 6.279454381940803 1.4191439958390812 0.2609979379923918 0.2609979379923918 0.4855442854305219 0.5481438387374736 0.6455064801063627 0.8322365042375895 0.8959277569520108 1.0348278681393557 1.3250474847906835 1.4191439958390812
43 516 6.20150005846428 1.3882966813410982 0.2545665496196607 0.2545665496196607 0.4817906751959553 0.5261272819264264 0.649462462380079 0.8255027594885728 0.8977032491653538 1.0252805499391426 1.3537238754854315 1.3882966813410982
44 528 6.173656161000901 1.4431981725292995 0.24776648032388976 0.24776648032388976 0.46210342995182857 0.5193831784523306 0.6568698424072844 0.8332256141212274 0.8589815533947355 1.0156402334191972 1.3391124055322492 1.4431981725292995
45 540 6.126182298083025 1.4542652487171406 0.2287550271132776 0.2287550271132776 0.46634092951096906 0.5175184831744005 0.665131234654544 0.8199557001584552 0.8551766860420907 1.010662664442258 1.3214821725017014 1.4542652487171406
46 552 6.607270588271888 1.5037037883665247 0.21889258414406362 0.21889258414406362 0.4660431564525733 0.5113142653745656 0.6281279522468541 0.820106650229884 0.852814416982903 0.9871948162412058 1.3158686796714438 1.5037037883665247
47 564 6.891511151061288 1.553367217990965 0.20772441360870586 0.20772441360870586 0.46482777867123465 0.507744806797926 0.6174284810906675 0.8094769215608669 0.8690479151399748 1.072882735625192 1.251088957532 1.553367217990965
48 576 7.567836212429335 1.5774884825814557 0.19279093991084104 0.19279093991084104 0.46542891011784887 0.5255339388293726 0.5977920481379628 0.8024679614254933 0.8725913305131298 1.0340818613664635 1.2905409584588816 1.5774884825814557
49 588 8.535141582265707 1.581991864187528 0.181576105828015 0.181576105828015 0.461720376100066 0.5089122617114789 0.6028284480912903 0.7876376030624237 0.8990002136140329 1.0386031923626187 1.3571138115991892 1.581991864187528
50 600 9.241925996515159 1.5795516852402358 0.17721316990315256 0.17721316990315256 0.4668698170165633 0.4954724096726756 0.5907631456820933 0.785950925358736 0.8906611374706185 1.106150070971366 1.4155037456108843 1.5795516852402358
51 612 9.996006367279643 1.54205813184177 0.1704834762733174 0.1704834762733174 0.45867747207375076 0.5002642241825553 0.5969556541858321 0.7876644722243885 0.9201157512840149 1.12253660695941 1.4274707451405804 1.54205813184177
52 624 9.499050452174956 1.5504766656550468 0.15924520015427585 0.15924520015427585 0.46077079318662806 0.4991000053864232 0.6178051568409079 0.7804590852566466 0.9093013700662166 1.1297520141504047 1.4527257075282 1.5504766656550468
53 636 8.486194140351502 1.5305823567425971 0.15249556471698433 0.15249556471698433 0.44474200992758844 0.48243970229672145 0.6040517691096122 0.7747187650682678 0.896957158963525 1.1524322255904762 1.4708888938139775 1.5305823567425971
54 648 7.809505998173739 1.572121249352121 0.14391148793010702 0.14391148793010702 0.45133416679548033 0.48297094667610985 0.5927598923779328 0.7577646425103994 0.8916193281504369 1.1232116104466632 1.4694897367520663 1.572121249352121
55 660 7.284136651217869 1.6376665961650612 0.13840884090330152 0.13840884090330152 0.44460597104645583 0.48047776083437876 0.5789760644874885 0.7602541030938192 0.8809296069680175 1.0974769918079328 1.444881100591134 1.6376665961650612
56 672 6.839999852903186 1.627668128200759 0.13218947668288475 0.13218947668288475 0.4327605917492605 0.4772199296939638 0.5798416674936003 0.7681528669536648 0.8813118489376819 1.0495289975587812 1.4507604622384758 1.627668128200759
57 684 6.84471814066203 1.6286540876634066 0.1209217625733919 0.1209217625733919 0.4350141050813889 0.48977514393274885 0.5762284782618885 0.7393205396127182 0.8656117373178632 1.0561069249735286 1.4455598789675879 1.6286540876634066
58 696 6.760051315871031 1.5566132979598912 0.11521480681566605 0.11521480681566605 0.4343193175604524 0.4938669544493938 0.5603060491693473 0.7370049394276363 0.845486590353045 1.0501782702166453 1.4848316692948116 1.5566132979598912
59 708 7.258691026500516 1.5611405060744563 0.10745027046338662 0.10745027046338662 0.4235544263581926 0.4850024351553343 0.5844220698779038 0.7248010033766039 0.8554470059896156 1.032944358638533 1.4719899715831817 1.5611405060744563
60 720 8.132101280993387 1.7226514316090167 0.10402342771484832 0.10402342771484832 0.4177139668934746 0.4775522595059098 0.5797018018747735 0.7090757951035289 0.8482186841255869 1.0100306722190877 1.4610189769248767 1.7226514316090167
61 732 8.872087113373466 1.8866322796020445 0.10087322205113784 0.10087322205113784 0.41070883618011356 0.4720908151631364 0.5661089812502597 0.7233642547761655 0.8471491297914738 0.988984914309479 1.4351544616741803 1.8866322796020445
62 744 9.420430117682791 1.9841305488665235 0.09950891410895225 0.09950891410895225 0.40687776701912687 0.4679652751077365 0.5603564452079701 0.7190604643207081 0.8270550798366706 0.9342778525992582 1.4607301021711385 1.9841305488665235
63 756 9.282096227467637 2.050415711119529 0.09793033835172432 0.09793033835172432 0.41276460995027814 0.46955550398480056 0.5368378699613593 0.7283487119131885 0.7911397353292899 0.9513169027072229 1.4780054439748533 2.050415711119529
64 768 9.095119106768166 2.0984483584979152 0.09019176942263475 0.09019176942263475 0.40345985877985524 0.47226733943029825 0.5556788958478863 0.7050145207467843 0.8204356656321766 0.9250904715086442 1.4886168610176522 2.0984483584979152
65 780 8.509444175875812 2.095227130491894 0.08815607330605964 0.08815607330605964 0.3953678028762421 0.46845856204708936 0.5473479523677302 0.7211042069228493 0.817213921854775 0.9131767202851138 1.5105082393205596 2.095227130491894
66 792 8.257684630370655 2.1489147376811295 0.08592327721023042 0.08592327721023042 0.3898241867772923 0.4570998183095006 0.5455542987366769 0.6853093958906158 0.7782969563583543 0.9036515110507304 1.5269910831033167 2.1489147376811295
67 804 9.106596253510277 2.174912220221674 0.08106853536467211 0.08106853536467211 0.3903672442927609 0.452096202901042 0.5395015154391056 0.6602363341041082 0.781819830125679 0.8939754402146775 1.519822966546463 2.174912220221674
68 816 10.579787479415067 2.3797434394895816 0.07849993851522695 0.07849993851522695 0.39231231587962395 0.43961453322691196 0.5450412555946093 0.6577302489509977 0.7835557512682836 0.894596258147238 1.5466362258175568 2.3797434394895816
69 828 11.69956201356402 2.5788826591485874 0.0762338100265119 0.0762338100265119 0.3887352928540821 0.43267870715084017 0.5425053085500378 0.653314579929952 0.8003518467551166 0.8864187392630563 1.5506680892256588 2.5788826591485874
70 840 12.62442319774754 2.7121557696214293 0.07310247308626634 0.07310247308626634 0.3987700447712622 0.4279582060424764 0.5380021091668555 0.6420273099088606 0.7606278883569038 0.8735791484079033 1.6760402019288245 2.7121557696214293
71 852 12.8309065736411 2.7497581735577104 0.07032809119791109 0.07032809119791109 0.38958736596477445 0.42683976242556504 0.5226811215787699 0.6275347927390831 0.7348868848304836 0.8772876277319547 1.8091891038590624 2.7497581735577104
72 864 11.666599677952512 2.69414674164006 0.06857350181705704 0.06857350181705704 0.3836721562714478 0.42806789247128196 0.514469354505045 0.6274058467845027 0.7363579130093048 0.8673237184900732 1.8594394789263966 2.69414674164006
73 876 10.99722727360646 2.6825933257124963 0.06393365866104855 0.06393365866104855 0.38323289291024415 0.42689325212992374 0.5147567907651227 0.6284036661659765 0.7280871694244758 0.8578051155199135 1.8472670971083154 2.6825933257124963
74 888 10.82900123141974 2.676661236588267 0.05833126692489959 0.05833126692489959 0.3825478001465625 0.43927888422734956 0.514505436832147 0.6278412076436221 0.7297411675486849 0.8591608090438817 1.818126987037752 2.676661236588267
75 900 11.073206048943888 2.6861629924774038 0.05842776757976249 0.05842776757976249 0.37258544654862175 0.4197064528585662 0.5110690836738593 0.6208749028120951 0.7205605726513429 0.8650027869402175 1.859985764725729 2.6861629924774038
76 912 11.572619961755159 2.6580243687323093 0.05610766195576383 0.05610766195576383 0.36570957824492645 0.4076327445571034 0.513891996584591 0.6433702671125316 0.7188437786243554 0.8453840824903374 1.8675516346907481 2.6580243687323093
77 924 12.854337642779413 2.702789316282779 0.05491399915619363 0.05491399915619363 0.36475547535711855 0.3970975604566984 0.4867314587050168 0.6424940303994314 0.7296058521835838 0.8443637791899604 1.903049611212487 2.702789316282779
78 936 14.218878409588786 2.7714415558864007 0.053430544865235255 0.053430544865235255 0.36372007531846234 0.38687685989574927 0.47978791240999974 0.6600817338996918 0.7216730814072744 0.8542371173710597 1.9089225991063825 2.7714415558864007
79 948 15.492515448814771 2.8988040322460575 0.05215008149339744 0.05215008149339744 0.35864645942259915 0.3693790154316846 0.49844701014699 0.6568609299063654 0.710778953232781 0.8778309938590451 1.8881874956708213 2.8988040322460575
80 960 18.06054780776032 2.8669353861516704 0.05172605018359666 0.05172605018359666 0.3555392303352768 0.35867431097764924 0.4851539813918773 0.6899829569035372 0.7041934680497016 0.8805055886751041 1.8831864501041726 2.8669353861516704
81 972 17.464592427494818 2.9753450020504753 0.04985141846402451 0.04985141846402451 0.3520874570732471 0.3814762281308297 0.4798847882816726 0.6847758293670596 0.7326415565693878 0.8734043816733985 1.8763662284682041 2.9753450020504753
82 984 18.87809100502319 2.9678618833419543 0.04811502245972509 0.04811502245972509 0.3441383908577688 0.37507040959577725 0.4748920618407722 0.6842391388797285 0.7319921505774832 0.8452858982604282 1.8781834046728791 2.9678618833419543
83 996 20.011792327138036 2.8549408718502534 0.04711557739569241 0.04711557739569241 0.34664640751843245 0.38469128508253075 0.4765632331489716 0.6744480274992231 0.7386541933765259 0.8405826096085199 1.8882506210138748 2.8549408718502534
84 1008 20.201645318930122 2.792835654735207 0.04430760111228454 0.04430760111228454 0.35064839313576646 0.3845071506868388 0.47672843104342133 0.6702860178696318 0.7329368646907177 0.8443130535495279 1.9176243915393172 2.792835654735207
85 1020 21.490358483621115 2.7184678706522933 0.04334390622897297 0.04334390622897297 0.33780114932798455 0.38052167803424425 0.4688277746491912 0.6714779738153083 0.7288006041478733 0.8495371947262289 1.9481187925648802 2.7184678706522933
86 1032 21.433162266854374 2.7882735709820765 0.04131697572771008 0.04131697572771008 0.3350069840364108 0.3836238361063485 0.4659531183169724 0.6719173856684278 0.7365615033997451 0.8497828625730705 1.9348140248176113 2.7882735709820765
87 1044 22.108524492569387 2.755627967493392 0.04072140573387277 0.04072140573387277 0.33448047537303555 0.373973217221609 0.4621413996917714 0.6807834084559484 0.7276937583266698 0.8458784232020682 1.86801463383205 2.755627967493392
88 1056 24.197021159028875 2.8498831115478747 0.036787206396678485 0.036787206396678485 0.3346496745549266 0.36666646625058685 0.4630948720972723 0.6926581617612407 0.710935687973512 0.8781726430840479 1.8632219718413368 2.8498831115478747
89 1068 26.034089367212 3.0958232958983345 0.035706967669076 0.035706967669076 0.3464625568719449 0.36553856234568316 0.45163781377070844 0.6650523492812171 0.7213345392937054 0.8641823867321438 1.85474894758991 3.0958232958983345
90 1080 27.562476578119753 3.276987270603079 0.033786348767690766 0.033786348767690766 0.34698121202294274 0.3671378624549855 0.44585409207067 0.6375039381023323 0.7187382942309984 0.8569921243562058 1.8464825905502988 3.276987270603079
91 1092 30.329970755486222 3.409272150137618 0.033392505847400306 0.033392505847400306 0.3349233278243947 0.3708328551678197 0.43937187307685543 0.6261389280514118 0.7279472226230997 0.8208056357303846 1.8669733360808016 3.409272150137618
92 1104 31.23245139953609 3.5291583177579797 0.03266331399129142 0.03266331399129142 0.3265446650433715 0.3703634967403881 0.43801155976905065 0.641224423472145 0.703472634954804 0.8022720209007003 2.0060970449616233 3.5291583177579797
93 1116 31.00866267145411 3.5288351142966725 0.03218695183501775 0.03218695183501775 0.3148420196362865 0.3629501218895602 0.44000954667444403 0.6315340034082141 0.6876784459073657 0.8120946907820542 2.10263247998502 3.5288351142966725
94 1128 30.67829356344041 3.4744397939036533 0.03182446528358839 0.03182446528358839 0.3031731974016545 0.3672325143245839 0.4369965260615418 0.6390285496001519 0.6806686856052143 0.788940551167162 2.1114469114762837 3.4744397939036533
95 1140 30.409046782368254 3.411590989876636 0.03187921227099478 0.03187921227099478 0.29629184493592053 0.3581781174350753 0.42924155072525216 0.6290817075131797 0.6657386394541575 0.8051287939732912 2.1009248346056815 3.411590989876636
96 1152 29.777197420461622 3.3519241383205096 0.03123051113157829 0.03123051113157829 0.29600247249141964 0.3616957096599173 0.4138862115928606 0.6208791101728218 0.6521765601838819 0.8150265395152528 2.0781016049403163 3.3519241383205096
97 1164 28.427205638539974 3.2552786515712824 0.030835085142922315 0.030835085142922315 0.294962738190079 0.358309382753345 0.41426758490658566 0.6248018180819538 0.6554727386095065 0.7854331856959179 2.0496219367625095 3.2552786515712824
98 1176 25.68175329933938 3.208107340577887 0.03052569601704292 0.03052569601704292 0.2879104531724047 0.34539168335586334 0.41098827725943005 0.6196720274980388 0.6661665196614548 0.7684709000455199 2.1329051699872674 3.208107340577887
99 1188 24.97269296972298 3.0282431587531597 0.029661647930400614 0.029661647930400614 0.28743208316584623 0.34103485316031706 0.3988354006922566 0.630167517892138 0.6656206671924789 0.7671273735310677 2.135513428835862 3.0282431587531597
100 1200 23.544495891437915 2.8570126895422363 0.02976714332990444 0.02976714332990444 0.2747215877383598 0.3418406412356609 0.39830492619052515 0.6135109868499857 0.6544155268864836 0.8032099499610762 2.171557929415199 2.8570126895422363
101 1212 26.214540652333273 2.6756214134821135 0.029620895034536347 0.029620895034536347 0.2657066391167574 0.3370332170356825 0.39837927263217027 0.6065990599863088 0.6603179282570821 0.8386977663839617 2.119520735208525 2.6756214134821135
102 1224 26.80441801291365 2.6833871520233625 0.029368194262195745 0.029368194262195745 0.26890277594661244 0.3347640675963613 0.3810686709575352 0.6196628185425266 0.6513440490196793 0.8903886307032546 2.1107292012833745 2.6833871520233625
103 1236 27.08735932429078 2.727946628225417 0.029002464839571453 0.029002464839571453 0.2702843550826977 0.3217560633350197 0.37535064593279494 0.6295849833403754 0.6546606676887734 0.9223095647487237 2.022455975342035 2.727946628225417
104 1248 26.718551094515128 2.7692476024387775 0.02905530891439144 0.02905530891439144 0.27259031215251833 0.31992283317187653 0.3670435026908278 0.6092594701907361 0.6432961421728691 0.9416042813755 1.9187360041092218 2.7692476024387775
105 1260 25.75605881260632 2.819721581097219 0.028584609404587742 0.028584609404587742 0.2639571451021908 0.3292934919423237 0.3586137031823242 0.572069906832577 0.649856284896843 0.9439396226615752 1.8973909384440635 2.819721581097219
106 1272 25.727658543616247 2.859340286099676 0.028756380102604714 0.028756380102604714 0.2635864401054017 0.3059682622330607 0.35833253390900044 0.5392860091587601 0.6450349659846805 0.94185339183191 1.885401429080166 2.859340286099676
107 1284 27.52679673491307 2.9697408323002255 0.028789200689388686 0.028789200689388686 0.2626872706062637 0.30028793401232656 0.3570961184300642 0.5412932072633226 0.6452599916119033 0.9308507522191781 1.7417955685492175 2.9697408323002255
108 1296 30.986683183353644 3.1104163520921935 0.028293589239930823 0.028293589239930823 0.26151037549870265 0.30011398786591115 0.36300654143716454 0.5302569875899729 0.6504781247390146 0.9288182727742877 1.7052762726249617 3.1104163520921935
109 1308 33.32992394800067 3.1692574108895712 0.027958817741624637 0.027958817741624637 0.2555927910902836 0.2953253678069742 0.3638031473735613 0.517480521394942 0.6593314417749374 0.9608716974948439 1.7093106573751424 3.1692574108895712
