% # columns="iteration, evaluation, sigma, max axis length,  min axis length, all principal axes lengths  (sorted square roots of eigenvalues of C)", seed=111105, Wed Apr  8 10:22:13 2026
1 12 18.772842487542974 1.0000444454321133 1.0 1.0 1.0000055555709877 1.0000111111728396 1.0000166668055563 1.0000222224691375 1.0000277781635838 1.0000333338888951 1.0000388896450716 1.0000444454321133
2 24 20.37392161646568 1.0779037343279994 0.9063947888118541 0.9063947888118541 0.9571454219142805 0.96587420178593 0.9750516462265179 0.9942655112617628 1.0000230732654065 1.0034890939624752 1.0341139673966837 1.0779037343279994
3 36 20.666525328227927 1.22201837119827 0.8592569251893407 0.8592569251893407 0.90982593439084 0.9432494384790532 0.9680817202611063 0.977690516398187 0.9857357280276519 1.008033947357481 1.0487756692959318 1.22201837119827
4 48 20.104885357365447 1.274068496429327 0.801121555245771 0.801121555245771 0.8974025606326139 0.9323545943724935 0.9716929810048366 0.978242860466389 0.9902835244939102 1.012414009237293 1.0946701391287093 1.274068496429327
5 60 19.177240433778255 1.2371714198755384 0.7894899825876796 0.7894899825876796 0.8680833776059046 0.907129081121113 0.9647294720543645 0.980822181781763 0.9879037428313547 1.0355785719518191 1.1021805009073047 1.2371714198755384
6 72 18.191994741950037 1.2096199702773347 0.795382256654289 0.795382256654289 0.8548009028988326 0.8771761451641421 0.9269556661962537 0.9775431248366747 1.0144349801788142 1.0283321581357077 1.0988675914472048 1.2096199702773347
7 84 16.9351867214179 1.20805617618425 0.7682559726833814 0.7682559726833814 0.8356136486478806 0.8797182483398396 0.9121650247865993 0.9782237075726967 1.017074238718006 1.0453155808622168 1.0761046455086867 1.20805617618425
8 96 15.935017287685213 1.2405652177513693 0.7438837758094038 0.7438837758094038 0.8317371648266805 0.8729223643851128 0.8965965398267609 0.9567599874463548 0.9799298654643154 1.046325662143461 1.1128146816855702 1.2405652177513693
9 108 15.85624063334876 1.2409764796948477 0.7126595198638319 0.7126595198638319 0.8293714825844755 0.8498871853029232 0.8981093596913536 0.933781387267144 0.9497566377962663 1.067503067388826 1.1064771965589537 1.2409764796948477
10 120 14.802773015318099 1.2547140348011014 0.6948802503852733 0.6948802503852733 0.7950138414148685 0.8469088018026516 0.8893007016793523 0.9269457471312829 0.9383760329712273 1.085664188011603 1.0984630399801234 1.2547140348011014
11 132 14.736525933746991 1.240701199431246 0.6705568588284184 0.6705568588284184 0.7873037413998311 0.8509391250677014 0.8748278826111409 0.8995967363071105 0.9435745268430611 1.0644838903385205 1.0987860475972007 1.240701199431246
12 144 14.70426573385567 1.2194436950814407 0.6365910447449235 0.6365910447449235 0.7655829270854858 0.8234766569244552 0.8803361253882536 0.9054335969780459 0.9564827610874341 1.0633956684795194 1.122685248119459 1.2194436950814407
13 156 14.81024469390135 1.2491363970532505 0.6335936017617982 0.6335936017617982 0.7591714982472836 0.8016154678183501 0.8575735527539793 0.8963682427479361 0.9277692147349197 1.0574243483871386 1.1365441390838131 1.2491363970532505
14 168 14.673078419634258 1.2332830934404777 0.6171364732629787 0.6171364732629787 0.7393551343039988 0.7894979389296637 0.8539202735163203 0.8756533910699957 0.9769981742644167 1.0603756694607402 1.1219289776375587 1.2332830934404777
15 180 13.511734153079566 1.2286052590870715 0.6051735658333348 0.6051735658333348 0.7459580404983744 0.7978598352724929 0.8427894741987888 0.8844316765240159 0.9518619192761422 1.047595917305175 1.0932309570225063 1.2286052590870715
16 192 12.948019650666126 1.2166583668224151 0.5893587152151247 0.5893587152151247 0.757584486153752 0.7829715214348211 0.8111730305444199 0.8787414719485561 0.9399126268873732 1.0342256857365362 1.0615622369453421 1.2166583668224151
17 204 12.640829337962103 1.2484805178004859 0.5441976022948822 0.5441976022948822 0.7766879936526292 0.8043030138856213 0.8305943693603332 0.8684984936352135 0.9307152233645628 0.995541379623047 1.0441262960862088 1.2484805178004859
18 216 11.974931088376415 1.2361429998132807 0.5455943393772038 0.5455943393772038 0.7935402566845817 0.7963482881027782 0.8473453390835876 0.8535796486263663 0.905707172896734 1.0023164997641967 1.015617246789081 1.2361429998132807
19 228 11.588242437293061 1.2588412293623956 0.5373122118822469 0.5373122118822469 0.7360443367361037 0.7770155221583003 0.8382697444554279 0.8542281923706202 0.8892911496924658 1.000546709801279 1.0433116535265097 1.2588412293623956
20 240 11.676669253789456 1.2287457573886786 0.5289907859023729 0.5289907859023729 0.7211003339990159 0.7772256311728436 0.8444196829866566 0.870765735921373 0.9015685762621785 0.9689635261543201 1.0491707906960932 1.2287457573886786
21 252 12.547363841852674 1.199332058934326 0.5227943107886747 0.5227943107886747 0.7340685735640152 0.764723855393736 0.8450401023128721 0.8670203762532597 0.8993415427027208 0.9528413824413678 1.0238274757079624 1.199332058934326
22 264 14.634873320821809 1.2394367867300822 0.48951531287067845 0.48951531287067845 0.730001522877358 0.7503771466267656 0.8328072431359825 0.8606369482017299 0.8829607429193261 0.9718674104974261 1.1487543254711587 1.2394367867300822
23 276 13.740432685586285 1.3418052935639742 0.47205152959641533 0.47205152959641533 0.7297874279941703 0.753427276699714 0.8090452318764476 0.861319850781282 0.8698397502197739 1.0316464989740737 1.1758857655346706 1.3418052935639742
24 288 13.640965080019837 1.3626975159663968 0.45747593958654775 0.45747593958654775 0.6890523268104116 0.7336140554553137 0.7931720841137637 0.8406237965169383 0.8875115920063474 1.0146059312103106 1.173538357614425 1.3626975159663968
25 300 13.141455035020337 1.4580981864466238 0.45738870621922584 0.45738870621922584 0.6931028886841138 0.7144472028983646 0.7788446268488005 0.8351603651818716 0.8716076410415334 0.9780604972070113 1.172696170823393 1.4580981864466238
26 312 13.323520988880396 1.4954479104486667 0.43704977351535707 0.43704977351535707 0.6656858644992347 0.7203724864014183 0.7559400399005438 0.840754514330599 0.9142853616472825 0.9629207383697047 1.1455370967854177 1.4954479104486667
27 324 12.944618396212737 1.5059692498043105 0.4331952944725388 0.4331952944725388 0.6614014671504158 0.7281189459873108 0.7427854990785423 0.8588828850639418 0.9274376683044087 0.9651640634336618 1.1371769815941641 1.5059692498043105
28 336 12.23812067363206 1.5140955344583453 0.4254524229398244 0.4254524229398244 0.6558134911385846 0.7075764503523605 0.7469191710995104 0.7978421588955644 0.9041296074371168 0.9709592521699587 1.1707884328281992 1.5140955344583453
29 348 12.170520751056449 1.541144436147782 0.4105665932826357 0.4105665932826357 0.6482026413291917 0.702216377685605 0.7512245648095275 0.7998488887617144 0.8902894916492108 0.9717578199244288 1.1109507079894598 1.541144436147782
30 360 11.59549341556767 1.5744736927973482 0.3887850701493732 0.3887850701493732 0.6388540344471456 0.6859886746469481 0.7593472762575204 0.802240057797338 0.8881657264789302 0.9195617092940341 1.1253708187093898 1.5744736927973482
31 372 11.582211011563643 1.5691385690881468 0.3643494123509971 0.3643494123509971 0.6331984856832223 0.6841205602256422 0.7499339800842876 0.8302610789199564 0.8606347764738075 0.9013845056969066 1.125323427689434 1.5691385690881468
32 384 11.322556224589178 1.5990288599384759 0.3496823828368507 0.3496823828368507 0.632478190553365 0.6829281411187818 0.7570869803341381 0.8180973091969019 0.8553237460995778 0.9204945665015135 1.1224999871455006 1.5990288599384759
33 396 11.29061470601317 1.5764603501381498 0.3414689528557868 0.3414689528557868 0.6283689623605616 0.6609420161075288 0.7393066291535662 0.7987257094662721 0.8658779073707235 0.9044347423638734 1.1417327120528518 1.5764603501381498
34 408 11.192702889351246 1.5575692723475973 0.3381205509252062 0.3381205509252062 0.6043392824324123 0.6634009387625974 0.7151583572095668 0.783848234724481 0.848870404004423 0.8763857123071392 1.2374513992793863 1.5575692723475973
35 420 10.446821098968329 1.5831793560635954 0.3423748170598816 0.3423748170598816 0.6039979928509202 0.6349182047921211 0.6827133738879955 0.780199725483013 0.8277484728467007 0.9145538991521345 1.2029657637549065 1.5831793560635954
36 432 9.693560126489247 1.5770209214607982 0.3412614250443174 0.3412614250443174 0.6059898219258871 0.635468013216256 0.6708653688063277 0.7684764966875864 0.8077854085613265 0.8881694099930737 1.1398068156790429 1.5770209214607982
37 444 9.032022846738261 1.535502191845515 0.3327202632340899 0.3327202632340899 0.5985779941433379 0.6242254002475511 0.6787395795050861 0.7763132257087385 0.7969583440774095 0.8909830556188302 1.133323398819787 1.535502191845515
38 456 8.353507625421011 1.5344049245917648 0.3251980888096365 0.3251980888096365 0.58660680217004 0.6262739036502359 0.6797658210888455 0.765605481830815 0.7894797181470125 0.8721740194618776 1.0707179167561887 1.5344049245917648
39 468 8.059052957387316 1.5239266529839244 0.31646577880270643 0.31646577880270643 0.5362025469997966 0.626002038499101 0.6812613848766117 0.7587622726905804 0.7857285498842701 0.8592848959000414 1.100812003210653 1.5239266529839244
40 480 7.804324200841227 1.5058695357151644 0.3017508645888324 0.3017508645888324 0.5305235904806229 0.6083925840246149 0.6777472118480229 0.74350300774339 0.7881605733645641 0.8888955906491773 1.0885806151289548 1.5058695357151644
41 492 8.357696624455835 1.5292080877938914 0.29542501737598775 0.29542501737598775 0.502716759870236 0.6110420946034357 0.6681012200918564 0.737033633263904 0.8005389652375466 0.8673937727795543 1.0885997276618553 1.5292080877938914
42 504 8.601902836082944 1.5791042760492737 0.29076079323632303 0.29076079323632303 0.4916069790748682 0.6049447454351684 0.6644473954892894 0.7322041173942179 0.780600156391702 0.8442582423690229 1.1868713300263658 1.5791042760492737
43 516 7.650286862199342 1.6096497724045027 0.2782847895248801 0.2782847895248801 0.48731137461322865 0.5990824436501453 0.6598055419895797 0.7185512932287739 0.7788158595248379 0.9072024976634285 1.1289687861145392 1.6096497724045027
44 528 7.205439262065245 1.574958696439276 0.2787225176448489 0.2787225176448489 0.474985156822426 0.5996520911126365 0.6516823178959514 0.712589963429958 0.7701430840898923 0.8916231677223339 1.1099142776635391 1.574958696439276
45 540 6.467591959036022 1.5720653924115444 0.2671718299786888 0.2671718299786888 0.45540526889672983 0.5951979091195769 0.6503070349715703 0.7110228256259379 0.7706846743731481 0.8816361093283737 1.1291277122837309 1.5720653924115444
46 552 5.866541806023512 1.589857786937258 0.26463580884542315 0.26463580884542315 0.4300591225664903 0.5764944990855015 0.6503700344664118 0.7146882615926028 0.7641556991667263 0.8877730884034929 1.0846087824523112 1.589857786937258
47 564 5.6494375740556615 1.5531764557114962 0.2625141892708071 0.2625141892708071 0.42118891420008897 0.5672139108257451 0.632474134407694 0.7022509608867601 0.7596863654910971 0.8559148619704916 1.0781794609979556 1.5531764557114962
48 576 5.767453233802017 1.5675299772958438 0.2613645855649148 0.2613645855649148 0.3991434335307285 0.5675109314556002 0.6258091450562291 0.6757766269805833 0.7495967800596521 0.8648168041927509 1.0904119540274697 1.5675299772958438
49 588 6.302429768884866 1.6324769268485688 0.25775691094772796 0.25775691094772796 0.4026894043765783 0.5636673204193146 0.6256171881284033 0.6439595177003846 0.7478022969617257 0.8545913250060148 1.032962371064538 1.6324769268485688
50 600 6.23638193582263 1.7272167088542931 0.2531546676664371 0.2531546676664371 0.3932995305666 0.5630009309834539 0.6292976249096246 0.6431203658376942 0.7439347551115247 0.8481265806209908 1.0122422213451483 1.7272167088542931
51 612 6.15178544167116 1.7480609282507027 0.24663122883907632 0.24663122883907632 0.38399641906244686 0.5405832296533017 0.6203599032584824 0.6412026879026558 0.7375316982121445 0.8387433742862844 1.0141515022260938 1.7480609282507027
