% # columns="iter, evals, sigma, 0, fitness, xbest" seed=111105, Wed Apr  8 10:22:13 2026, <python>{}</python>
1 12 18.772842487542974 0 0.5626528230113037 329.80923059382616 288.0471011554207 21.676897065578576 1.6709457290048246 4.791925133627227 0.18088899926895288 0.6660790180713104 0.40516829189281095 1.152079728305513
2 24 20.37392161646568 0 0.5673896987989874 335.1161675564375 273.36225973032896 28.70032889085937 0.8263243710170457 4.788888728947933 0.15789899183002365 1.0694176964020414 0.36549253161832446 1.1106403733625594
3 36 20.666525328227927 0 0.4634597363230344 334.4161076704594 285.29179671476584 22.186117727187458 1.3986467445491457 5.90412678152221 0.10670377493749354 0.13970327229252255 0.16856929858665842 1.400957872707662
4 48 20.104885357365447 0 0.5945074593346928 312.66924246733 268.0780099556796 30.244732380770326 0.7776693970946256 4.897042856448923 0.2612602261066919 0.2404255923770257 0.16957046032447673 1.2217208079487714
5 60 19.177240433778255 0 0.5536391872188808 324.4813064375223 282.13469505604445 28.26155466089165 1.0292656064650725 4.509005359686899 0.18925725856621914 0.1748580982749022 0.11094540803768321 1.893445346500103
6 72 18.191994741950037 0 0.6182051419737666 326.44957509881255 281.02621080926514 33.590386947936885 0.9809567141865008 4.966085529919198 0.1236271232197145 1.3624924905214935 0.34876319000842276 1.613215609470879
7 84 16.9351867214179 0 0.5154551400094156 305.8996292442298 292.335572986152 23.84991095733681 2.055956273888361 5.521290920737115 0.21924944786437497 0.16593630519484462 0.19789877105012388 2.032490076539267
8 96 15.935017287685213 0 0.527923203673222 326.70365675935795 266.6943959560022 23.769798291108515 0.7199163007348025 4.931357247189446 0.2519301700198174 0.2739336661493584 0.2125505170684859 1.6934754643998748
9 108 15.85624063334876 0 0.5100132931731864 329.7481525009017 263.79529283277714 23.892886267814983 0.5085093368077696 4.3271472116766265 0.33493410422157466 0.2753645274497118 0.2358935531898938 1.3988007830828222
10 120 14.802773015318099 0 0.49772431408049844 315.37636156453857 264.59170285399 22.87376016449001 0.6040972915105214 5.019651880696836 0.2481826145060087 0.10019523522648217 0.24023000355671592 1.4545241975584244
11 132 14.736525933746991 0 0.43888013339251797 332.0732049375577 265.6451300394581 21.405161388892104 0.6080492234167507 4.37803066615682 0.23459781336771254 0.11141494356159246 0.197919396606265 1.3616898584479074
12 144 14.70426573385567 0 0.473675487171364 342.2965498291326 263.58590856619077 22.164436376623115 0.6300521734839366 3.8329877365111917 0.24626283804588991 0.10002535420693535 0.12179231657255522 0.9901535558580618
13 156 14.81024469390135 0 0.52332420118715 339.3212062815481 268.0396819300062 23.550997739214637 0.771587354423094 4.301680274809627 0.11352303950139526 0.12286766090972524 0.07860403719459344 0.9152230811279986
14 168 14.673078419634258 0 0.4997389865891906 333.31428073829625 270.02466327706134 25.042783777747097 0.5020611403049591 3.8406094583616572 0.1795178019539629 0.23695358210760836 0.19549521030496722 1.6886304905011142
15 180 13.511734153079566 0 0.5388276011485059 328.7098425727776 265.1728373153503 23.38465852541151 0.5293911527729891 4.033391657427149 0.17619366606239326 0.14694774491487517 0.10033030215518433 1.2059514402721554
16 192 12.948019650666126 0 0.5739580386920445 335.2741520791034 273.71638510429545 24.08782905397358 0.5954170804360023 4.839122183418376 0.10091591429470535 0.11565778345459796 0.18872094922574534 1.8958514951216343
17 204 12.640829337962103 0 0.4347477333876495 322.9810387188419 273.1679646332292 25.648560379354922 0.7829018118318466 5.416080455436337 0.20305676155550845 0.10015723660160436 0.17507127690550994 1.5676084118304396
18 216 11.974931088376415 0 0.5448160387482102 337.80338967506293 263.0883461936001 24.038153004776948 0.7166579105332043 4.946555071056299 0.13962681893511522 0.11017989650577527 0.16980435754009016 1.563519501797967
19 228 11.588242437293061 0 0.5667975623674807 333.4949510383138 259.25572426745305 24.01602636475162 0.5610979011768655 4.756978893499498 0.12625700696952943 0.26464682322041566 0.3097003632728545 1.7853370692973525
20 240 11.676669253789456 0 0.4921925862346609 335.26854301978335 271.5377840005266 22.543043117064723 0.8060523957783721 4.947608392038512 0.13372627009670213 0.38672669139277394 0.27175793181575053 1.4792371656688759
21 252 12.547363841852674 0 0.5316929625403588 318.8182733363569 281.14882142081495 27.32973781814324 1.2853153049267967 5.162055604993413 0.2071020522747959 0.10689115939119334 0.2846074851891892 1.400713235814508
22 264 14.634873320821809 0 0.5710578967570039 320.08185297763106 274.1748142833538 30.192552612157375 0.9191969009269911 5.568513232782086 0.1007376838874025 0.6550685491738728 0.6581163635455394 1.9335959195991437
23 276 13.740432685586285 0 0.5210664365196866 330.4356724041179 270.5963186075006 26.164544769233636 0.6933494375363608 5.234884388140503 0.1519854408785208 0.35963941839340313 0.32226809979590654 1.6804171532043017
24 288 13.640965080019837 0 0.536040022325383 318.2385064741423 277.6417762064409 31.11119337641695 1.0281333469815102 5.877568765818141 0.2852576972398648 0.3612364190903679 0.2671110918300217 1.7252998573403366
25 300 13.141455035020337 0 0.5346669223128652 323.11579330720355 277.9584140660275 31.97221964157741 0.8007951364035772 4.875187084927571 0.17025801418495035 0.5419832666587557 0.26169163278056684 1.3239636639169121
26 312 13.323520988880396 0 0.4939635589592247 328.1513696680503 274.4829121739002 28.934965969349566 0.6985346781410782 5.82890564062222 0.1598282165577815 0.12199730991222821 0.22710595935017805 1.9047287785891633
27 324 12.944618396212737 0 0.4749165812395948 327.7870655611873 278.63492238715935 31.089799409938156 0.9844864787264553 5.5277305293207535 0.22426887901007708 0.16946607441546882 0.26312610404816056 1.6345403796711584
28 336 12.23812067363206 0 0.49253149205338864 329.79588045394496 276.47796026803996 28.20826223731654 0.8360938915025186 4.706258802604722 0.1825022905206962 0.10618163736665392 0.2645947888455231 1.4431400981552076
29 348 12.170520751056449 0 0.4499538383633246 336.71181149974507 280.0952663369009 29.15543314698426 0.8650867265329654 4.5918673263894965 0.24017683840212875 0.1161601819172523 0.12375869975300177 1.330058692269398
30 360 11.59549341556767 0 0.510235434852949 335.23536329660686 277.7371534990418 28.572920032365715 0.822746056049402 4.512937178886899 0.13862575893309698 0.39393482080428605 0.30583930479542115 1.4539917113268603
31 372 11.582211011563643 0 0.44507918041052574 321.7642529681621 279.7365698049149 31.773610886099785 0.8219217776357921 5.509587798772429 0.12156438503999524 0.11448055811429242 0.18256719863449156 1.3979806126545202
32 384 11.322556224589178 0 0.4247892244442377 326.60928204589146 285.4270924216752 32.99315274595311 1.011100241398867 5.0680185136564795 0.20073050709630852 0.10875685383841006 0.15419737727312194 0.9872261672238356
33 396 11.29061470601317 0 0.4632572996540818 328.30283925369304 285.8531162967429 27.596579948838773 1.3629473483201375 5.008997650631879 0.24514505891891863 0.14821411842515214 0.23393072458932015 0.759227763098201
34 408 11.192702889351246 0 0.4692977932835034 331.9933434978034 287.42121504912615 31.99193955401372 1.3054769337753207 5.4127941050680946 0.14996041272527372 0.25556377608066994 0.22174428810909202 1.4878542707186562
35 420 10.446821098968329 0 0.4388045898455729 329.1833063400089 282.5932868620657 29.727839654574005 1.178397967741224 5.084739326393431 0.136539809186348 0.10100737896084776 0.21193474349391847 1.4248168701282709
36 432 9.693560126489247 0 0.4244145890626956 333.486294850638 285.9783510506153 33.250219847479364 1.2592332467725813 5.34864948457721 0.12363118458928957 0.10538469588909136 0.17062013504607648 1.036917200059448
37 444 9.032022846738261 0 0.4177139945218654 332.29589137728374 287.0718996814533 33.74713126512568 1.246579970776383 5.520863690201513 0.16603333900881245 0.10584576949995181 0.14193499294168688 1.3870791419918176
38 456 8.353507625421011 0 0.44055202576408836 323.63924971096725 287.37650950735656 34.61827230795539 1.3218899390349925 5.383403436860098 0.17469508560886998 0.12199347678537126 0.14913134944175999 1.3821542830849856
39 468 8.059052957387316 0 0.4187489746517026 325.7832282719806 286.2678255478326 31.66675212639572 1.250756106124494 5.768531269031703 0.2238815317290624 0.10920676331229415 0.1569058217969174 1.2173288373023532
40 480 7.804324200841227 0 0.4139507398094495 326.13963080878176 285.8734788221717 34.526251098229835 1.255773503825412 5.96477872562376 0.16934751888903968 0.11813437959892413 0.19343351374156892 1.4413162118638287
41 492 8.357696624455835 0 0.43366552587394247 328.1470640891208 283.65578313603794 35.85803775253437 1.1215869842498045 5.956334114920664 0.11086266639266043 0.11397528648629103 0.1884549230903283 1.6410357001949305
42 504 8.601902836082944 0 0.4253170417476725 329.17076712538176 287.798330839256 36.65099095123864 1.2019007541016316 5.592150132933038 0.14496926977406388 0.10854064850088288 0.1276359071701038 1.5182132945698632
43 516 7.650286862199342 0 0.4187596549542788 322.9095932206379 288.80761166595664 35.90362355078805 1.339324402207721 5.675770486424827 0.19711297600435984 0.11073084649227696 0.20393346246223068 1.5724678980280649
44 528 7.205439262065245 0 0.4203194571036074 327.1867528736842 284.08747967475296 36.158986990166646 1.0471589395821392 5.971980869459997 0.13045296697264003 0.10089151184580498 0.20920213469253943 1.814130998758056
45 540 6.467591959036022 0 0.4079119316708939 326.57912325774174 285.2586734981892 35.520347888532996 1.1459406910480732 5.709693810399148 0.20878020878001113 0.1000030362818639 0.15531061990277858 1.3792823329676713
46 552 5.866541806023512 0 0.41318348745004607 327.171964147652 286.56127179771687 35.13507146368171 1.1741672196402289 5.607235143182979 0.19704594438026635 0.1127219980731908 0.1466880861359376 1.4621186503874888
47 564 5.6494375740556615 0 0.40166762814823753 323.9542462203659 285.82119886152964 33.43089884673238 1.1801893144866795 5.679547950314364 0.23296075456108234 0.10002483986746973 0.17753466231829174 1.2046203607778614
48 576 5.767453233802017 0 0.39973650841066155 327.9496231999994 283.9619715255005 33.22738847192886 1.0703813500850692 5.5493637313373645 0.23045406646562466 0.10680025663968803 0.1778610916550893 1.2350472397530505
49 588 6.302429768884866 0 0.4079871143911149 326.7699305186739 282.39308168097955 33.15224768260053 1.016626383192586 5.7141453156813045 0.21348108917304393 0.1335579223831596 0.19222759926425628 1.08993620242415
50 600 6.23638193582263 0 0.40052237978041727 332.11888433246054 282.6184523419139 32.526915365443685 1.0047854499064897 5.238328918938795 0.24381658019702007 0.10098215672374283 0.158188066691898 1.068669349931983
51 612 6.15178544167116 0 0.403148846298768 327.33970422775315 282.0723931657239 32.36828020603337 1.0189424393221704 5.405581817590008 0.24970493612717307 0.11450461660374843 0.1855702152985558 1.0314222356759652
