% # columns="iteration, evaluation, sigma, void, void,  stds==sigma*sigma_vec.scaling*sqrt(diag(C))", seed=74070, Tue Apr  7 18:49:55 2026, <python>{}</python>
1 12 18.506713974728367 0 0 9.49750639270028 8.941934966226784 4.5519709789771055 0.567846793790921 0.5519294800557168 0.08904000534867272 0.36386582397703426 0.2717915756423672 0.3669299772301738
2 24 20.3712598587828 0 0 11.033341469000401 9.694323393410068 5.073032532444556 0.6430966060740613 0.6096133052120125 0.09379795892442538 0.39785166702168256 0.3017708447982784 0.41618601957971696
3 36 20.483206657396654 0 0 11.29088514414557 9.625442135621293 5.176446514678973 0.6227923288434037 0.6181843616426613 0.09340602560992921 0.39702838615100955 0.3015897317867753 0.4200270437830928
4 48 20.69573831779401 0 0 11.637749718386486 9.680733959326382 5.403524268991867 0.634578287050908 0.6324232632037363 0.09368595382410778 0.39266094679185887 0.2897313230821627 0.4389775983512941
5 60 22.71566291163583 0 0 13.284170033564775 10.842857841394752 5.898828491363969 0.6727086216277918 0.7036304150013919 0.101413711135495 0.4486751046425765 0.3158251729285819 0.49582102978242837
6 72 21.907725284219676 0 0 12.83120195324574 10.355039359077498 5.808354585513784 0.5815053188032965 0.6790852565007645 0.09801062657610536 0.43835609583566565 0.3055345222334235 0.4920523640542749
7 84 22.66015512709602 0 0 13.162076466955943 10.248636598047694 6.112449201393114 0.5971670310851003 0.70471941595673 0.10771977788873888 0.44927332159323385 0.3138856849231409 0.5173181813013599
8 96 20.01974126494394 0 0 11.784110116182363 8.937829266823337 5.49069448123237 0.4887405174779235 0.6084939713681065 0.09624327161144453 0.3938565260770723 0.2747181090707811 0.4584300181287254
9 108 18.835573949203372 0 0 11.000458035273402 8.581573493839333 5.056232444038134 0.45068416830463076 0.5681926414614699 0.0925324271361108 0.3663333113751424 0.25174878307257176 0.43474205563858764
10 120 18.836959236742594 0 0 10.56424889683199 8.321648427004952 4.985825155760891 0.43523185914202095 0.5741910710951578 0.09377087076930929 0.3658441293724951 0.2648719753616643 0.43061075076816163
11 132 18.343829624610375 0 0 10.199448041864898 7.889638625462777 4.9163768325851205 0.4294535662091456 0.553934689155656 0.09174546532289835 0.35196549378473563 0.25867871303300805 0.43485432556487225
12 144 17.81414116999713 0 0 9.884572022496073 7.721405846124251 4.8982599560968385 0.41274496354928175 0.548945963591265 0.0869344823404325 0.3425165672934243 0.2509196425394256 0.4114037467585535
13 156 18.437088942182275 0 0 10.28477556158402 7.961295702063777 5.1035604710392635 0.40973441244668124 0.5724193298513831 0.08972796310018703 0.3547988260636644 0.24383375787790856 0.45259222649401704
14 168 18.609610072361328 0 0 10.300867923728939 8.11931740849665 5.427346781679828 0.3938096734579675 0.5839501557048624 0.08736177624227942 0.34802100387835844 0.2407659748655732 0.4578558299600654
15 180 18.774242144128493 0 0 10.376778018118584 7.800572807049697 5.431039980767566 0.3800657532245337 0.6315344924970837 0.0872123078058604 0.3491665015964102 0.236427000444092 0.46632010533930457
16 192 17.17118599119751 0 0 9.46915139764929 7.10758292244339 4.8629989680708325 0.33630329284435123 0.6060179595813241 0.07949182673100286 0.32217152093261375 0.20929391105272002 0.4236450511236185
17 204 16.36055909487842 0 0 8.985581142973043 6.999436914488537 4.653129899029504 0.3159340979935003 0.5780026987900352 0.07493146947996464 0.3116753988414167 0.18710045120617277 0.3985320707421667
18 216 17.49682389711473 0 0 9.490183713186012 7.52352456940717 4.946887131185748 0.3301581112623386 0.6404389636776415 0.08047349632297932 0.32103473765051366 0.19677593170200813 0.4179146928483115
19 228 17.968064269842614 0 0 9.61496282905358 7.549913802863504 5.092689290734458 0.34146063910281166 0.6577474195401938 0.08163081471482199 0.3441209306055373 0.2024026616049667 0.4386862587467021
20 240 18.538252296432944 0 0 10.4322423086242 7.628376757545476 5.2122446518093835 0.3476725236749129 0.6529820380565349 0.08233394145063491 0.34568713453797095 0.20993723329549055 0.45253768512375264
21 252 18.259906063166312 0 0 10.696807290035204 7.511331283945861 5.15101689047903 0.32786046906143224 0.6198552922721268 0.0811001752408508 0.3426709247586538 0.20425501680387978 0.4327248017899901
22 264 17.749616413640304 0 0 10.205666678651275 6.952933208134831 5.021310143532454 0.32110737738211226 0.6075130728867022 0.07711475934313175 0.34619385917217643 0.19911217735130346 0.4169418906666139
23 276 16.854628867418757 0 0 9.528172122014096 6.373482051334793 4.791337962728516 0.2915895741812872 0.5765184656914005 0.07482142020160285 0.3255506419273765 0.19036758272005305 0.4058442953111806
24 288 15.680868918192962 0 0 8.713681825213579 5.9168905425192 4.463322668136779 0.26152030448600944 0.567111776436041 0.06981476277343651 0.2926765346323348 0.17684436128189066 0.37281844723014107
25 300 15.463299297372668 0 0 8.402130218704494 5.742699618006408 4.313886818818052 0.25629233008935504 0.5548660483276714 0.06965983659721511 0.2872116456917076 0.17514211856132975 0.3666243603582089
26 312 16.260604634185917 0 0 8.929900041910376 5.871373211558355 4.490134386071289 0.2675345667812771 0.5981446647251041 0.07445176315432761 0.3072762200052855 0.1776180623714593 0.3992156527561746
27 324 16.145587125935513 0 0 9.021581986728172 5.884063314991899 4.394570354197181 0.25157939056547235 0.5723098453219749 0.07489281184737642 0.3029748019796059 0.1739390156613642 0.3956115091906602
28 336 16.78620071236569 0 0 9.763111627012583 6.13111702113333 4.619218307155776 0.25883109226649353 0.5814872455929945 0.07784684974364794 0.32089573449491765 0.17577993775391423 0.4156723625688516
29 348 16.183005358483623 0 0 9.49332769984504 5.7226879945810545 4.502281336232557 0.24644614584185967 0.5718533928285984 0.0740987528706276 0.3024059092316914 0.17058826210766978 0.40015281361941524
30 360 16.64288202790686 0 0 9.431888264407066 6.0446216566602615 4.608824891813421 0.2485230735623793 0.575605426251934 0.07461228485686276 0.3041745461033991 0.17352269296178946 0.4184678052473833
31 372 16.75153111243708 0 0 10.081574587661645 6.396532583649774 4.8111111429747035 0.2516519109884316 0.5753293375993923 0.07080736930761558 0.3074995239408112 0.16696813530554375 0.4334220889120029
32 384 16.336978629931004 0 0 9.760594130164542 6.029560271552924 4.67438527197101 0.24592834258445634 0.5584183972970067 0.06841126100380662 0.29727402795647073 0.16679992665960713 0.42478959736003624
33 396 15.79724705244087 0 0 9.371593982988054 5.7147600430224985 4.66700802291116 0.22833128661840005 0.531305707932964 0.0654500104680405 0.2974142375675656 0.16172125776940888 0.4217540445269607
34 408 16.688744260319112 0 0 9.942370228326984 5.856688318168461 4.90923575135532 0.23681689562025587 0.5498684970125214 0.07037310321676045 0.3272375778379737 0.1641621460649638 0.46057294243397856
