% # columns="iteration, evaluation, sigma, max axis length,  min axis length, all principal axes lengths  (sorted square roots of eigenvalues of C)", seed=12345, Wed Apr  8 12:16:20 2026
1 12 18.26509508485649 1.0000444454321133 1.0 1.0 1.0000055555709877 1.0000111111728396 1.0000166668055563 1.0000222224691375 1.0000277781635838 1.0000333338888951 1.0000388896450716 1.0000444454321133
2 24 17.71426371901229 1.044281029644874 0.8992857301600661 0.8992857301600661 0.9476131843613175 0.9855373586097513 0.9953874495290055 1.000383114880237 1.0050183475423184 1.021497213318143 1.0427743490319623 1.044281029644874
3 36 18.087340770839916 1.1085947864084034 0.88037967855196 0.88037967855196 0.9057277728066396 0.9492648158043621 0.9727730356333499 0.9994837030852975 1.003387478127907 1.0389480095544112 1.0669946599980393 1.1085947864084034
4 48 19.37041613036744 1.1708379480740918 0.8558795522033044 0.8558795522033044 0.8833487573419236 0.9327797951283096 0.9619544872479364 0.989904687075062 1.0088078318096945 1.0323155448782675 1.0574597404517176 1.1708379480740918
5 60 20.349088667994604 1.261651757088648 0.8457129907324297 0.8457129907324297 0.8816981326857048 0.9004280264006932 0.9441949755227795 0.964555179559031 0.9963960701708869 1.0214877517243635 1.0684479744836712 1.261651757088648
6 72 22.68296727682325 1.2446036570471932 0.8353380651557778 0.8353380651557778 0.8555916627983677 0.8979111700758946 0.948624675313168 0.9663934353314609 0.9982149163655102 1.0254792969252837 1.144447887229893 1.2446036570471932
7 84 25.443495524289013 1.3415899016891621 0.8172752965631499 0.8172752965631499 0.8495342496368361 0.9006834008957038 0.9277297157971388 0.9654397546865093 0.9979206748040694 1.027039930257114 1.158287582534689 1.3415899016891621
8 96 30.37306465115687 1.4830021108867177 0.7930652264944543 0.7930652264944543 0.8376839923529684 0.8769419514185308 0.9282087572498698 0.9584648218938469 0.9736207191760667 1.0046171304666849 1.1334867206966797 1.4830021108867177
9 108 33.09851068251041 1.548955725129448 0.7797833850695888 0.7797833850695888 0.7930237840257418 0.8855752877687999 0.9072906285898854 0.9448642298174812 0.9858620301679422 1.0500613887438315 1.1625473948014884 1.548955725129448
10 120 34.03542020363194 1.5773589898339977 0.7584126154151076 0.7584126154151076 0.7761810083067222 0.8644854213479981 0.8996837113508594 0.939473517368631 0.9737530975964944 1.0606347127036466 1.160727365502816 1.5773589898339977
11 132 33.148290947579106 1.605870242200791 0.6898830688847041 0.6898830688847041 0.7834942323925917 0.8688204004662718 0.922164833409477 0.930246730643219 0.9710523440232169 1.0612021933408262 1.1644820514313476 1.605870242200791
12 144 33.79264838566071 1.5511557762705985 0.6808366740182161 0.6808366740182161 0.7817405306019108 0.8585762446217199 0.8875204058458639 0.93144299659549 0.9832663289114939 1.033307044273461 1.2096862710667955 1.5511557762705985
13 156 36.835593261639474 1.5103665329825828 0.6546451623118776 0.6546451623118776 0.7814194504971509 0.8366324818327753 0.8882767362300362 0.9165534283588024 0.9703781050582098 1.066460191438619 1.2219362551682103 1.5103665329825828
14 168 38.91636726165956 1.5357473325338094 0.6755115754588579 0.6755115754588579 0.758399826101689 0.8224574477920052 0.904167171857078 0.9085429858051105 0.9785780046713695 1.114954098378361 1.2350391712607012 1.5357473325338094
15 180 41.124763610107564 1.533929896214736 0.6463552934664575 0.6463552934664575 0.7478929621955922 0.7978225037938952 0.8676917891896376 0.9035313282086481 0.969859003529493 1.1234102994929143 1.3764772323152843 1.533929896214736
16 192 45.666958551438015 1.5275612740562452 0.6764160826050236 0.6764160826050236 0.7343900247767687 0.7903142773817842 0.8574603063052632 0.8911948536059978 0.9704051225219693 1.1096558717460632 1.3922075518731145 1.5275612740562452
17 204 47.151229896053756 1.656545348852662 0.6531153782148319 0.6531153782148319 0.7280612725595454 0.7918722733140898 0.8575746837890866 0.8841984472854901 0.9427452312587755 1.1215724081075207 1.3934311382615068 1.656545348852662
18 216 47.44943172489296 1.7150730406600476 0.6822088644311246 0.6822088644311246 0.7197844612007988 0.7992872272752951 0.8314886496961895 0.8703446840021254 0.9459292571482812 1.1316848325017494 1.3792715846807664 1.7150730406600476
19 228 52.4318952609589 1.7714567701281474 0.6604634599948507 0.6604634599948507 0.7104289994647064 0.7879137762322502 0.8169163450578553 0.8478729173623188 0.916997518537323 1.1417698595008265 1.3319543330271364 1.7714567701281474
20 240 58.66284464707721 1.8368042882962443 0.6752643691884823 0.6752643691884823 0.7135789852719681 0.7657255241516564 0.8229880847510185 0.8498538251927 0.9523646803570509 1.1223583568297315 1.3416669917678223 1.8368042882962443
21 252 58.506513593511706 1.9645189628497706 0.665583993098126 0.665583993098126 0.6911131039918973 0.7764252785851928 0.810025725286364 0.8624253234020838 0.9481795736933176 1.1139468727779662 1.3183746068949362 1.9645189628497706
22 264 59.594129655025085 1.9354383763111185 0.6681514770843956 0.6681514770843956 0.69147442755146 0.7600653198320124 0.8067281966862564 0.8536271176707266 0.9425367576829374 1.1098354036968712 1.2410095611602205 1.9354383763111185
23 276 56.93072868795238 2.0080716655885245 0.6715172747320106 0.6715172747320106 0.6830706199724854 0.7670649607856698 0.7772976677023136 0.8590408926586043 0.9268089770838083 1.0726127928649212 1.2234034974272359 2.0080716655885245
24 288 56.242246435018345 2.0107492029101937 0.6710913169601282 0.6710913169601282 0.6814908017505812 0.7480139759976125 0.7688028856211183 0.8230102515395694 0.9162743654322952 1.1181325835353413 1.2191924973433086 2.0107492029101937
25 300 59.153767434219446 2.0153375290154023 0.6322789205108178 0.6322789205108178 0.681485486746303 0.7209084582792199 0.7478969335840584 0.8353054526132506 0.9241305964658225 1.122302144615329 1.251891983714683 2.0153375290154023
26 312 56.73831127851885 2.0448262689236856 0.6178559674745008 0.6178559674745008 0.6723572952701256 0.7282942551982211 0.7493434149980573 0.8367845980384356 0.9240218945561889 1.113940635352005 1.2095362036920274 2.0448262689236856
27 324 53.847714029702445 1.9522306268854006 0.627587233659797 0.627587233659797 0.6877414785203649 0.7257276461299977 0.7526880347850391 0.8450815194256305 0.9021402166206935 1.1320930886462515 1.1735091571880345 1.9522306268854006
28 336 53.411274427868285 1.9290564399816932 0.6247646513280088 0.6247646513280088 0.6857164559000025 0.7073453710045371 0.7667504091583585 0.8461945586612868 0.8995720341112868 1.080932747968971 1.193639311861626 1.9290564399816932
29 348 58.542119329007605 1.8940814160481287 0.6071893694439334 0.6071893694439334 0.6738544698926678 0.7143030885316636 0.7804736031388033 0.8611090003626254 0.8965962050593574 1.043748837168234 1.1992728341851524 1.8940814160481287
30 360 58.071436735474975 1.8749688106040312 0.6093534321061072 0.6093534321061072 0.6853342950709609 0.6902735655600452 0.7900817193676063 0.8373514801430632 0.8953540095778061 1.057916060508685 1.2607346831473898 1.8749688106040312
31 372 58.36050709045167 1.8185380130131945 0.6092120945972929 0.6092120945972929 0.6723300341082173 0.688495848556502 0.7383814528790599 0.8200613111350995 0.9064269289172442 1.0826350483248561 1.2585210008218206 1.8185380130131945
32 384 60.770702693045614 1.8251704255504897 0.5897376768721966 0.5897376768721966 0.6626873855684641 0.6993819463225487 0.7217792255644526 0.8065827939871896 0.9041150942779107 1.069034019950962 1.2690558085611987 1.8251704255504897
33 396 66.37715794532686 1.8419330281522388 0.5876713331808203 0.5876713331808203 0.6487538270196136 0.691833177713528 0.7160862508908042 0.8072808568862303 0.8804402071083864 1.0771939217460005 1.2354986283740848 1.8419330281522388
34 408 64.06452236231506 1.8243664281978256 0.5979970466059611 0.5979970466059611 0.651620142839732 0.6853927611394133 0.7016990385780068 0.8044207197433999 0.8832155139762662 1.0512687959611053 1.2531663690960484 1.8243664281978256
35 420 63.71577185475035 1.8079662535421614 0.5781326293732192 0.5781326293732192 0.6368791277506303 0.663776421333011 0.7110732157570783 0.7952215554288937 0.8845154018810814 1.047802832313544 1.246474487232799 1.8079662535421614
36 432 67.21866820141337 1.828207037821139 0.554703265270973 0.554703265270973 0.6392689292344714 0.6595605015646527 0.7114234984336334 0.7790117135910657 0.8795552526329944 1.0372581202043698 1.238568962920556 1.828207037821139
37 444 67.42016509638565 1.8044327831462454 0.5248001410101426 0.5248001410101426 0.6292398182092142 0.6607886745850394 0.7499340518797744 0.7540278659283809 0.8642496166404948 1.0435466559416575 1.247527851463055 1.8044327831462454
38 456 66.62579859708543 1.8241741805818417 0.5149915873668225 0.5149915873668225 0.6144924416771208 0.657815042143219 0.7259370683546218 0.7659170390704223 0.8621850088756133 1.0346524128300603 1.2450447366335544 1.8241741805818417
39 468 63.47888485461821 1.7898537058980497 0.5137974834073142 0.5137974834073142 0.6129586098730336 0.6421263026703027 0.711213691693271 0.7678885947355915 0.8213258731162675 1.0264056037555274 1.313468363749541 1.7898537058980497
40 480 58.19177287506047 1.8094503811039429 0.516453291672004 0.516453291672004 0.5654184566053017 0.632834355838566 0.712733901160461 0.7331957115237926 0.8209068379259455 1.0161404103327547 1.3131384366166494 1.8094503811039429
41 492 49.3414858733074 1.8640711853512715 0.5138680475423941 0.5138680475423941 0.5634705253451863 0.6131361762992001 0.6862295025926884 0.720423413980052 0.8124471887199557 0.9944846332282206 1.3036901939830436 1.8640711853512715
42 504 48.92891434698217 1.845779001706012 0.49829349487174734 0.49829349487174734 0.5314543269357311 0.5930714562324759 0.6697884256573248 0.7066262498892383 0.7981641843982166 0.9974167781178169 1.3035163114916801 1.845779001706012
43 516 48.7799982540064 1.7773222604158052 0.48240536273063706 0.48240536273063706 0.5273904825701788 0.5789658665031999 0.6754676590590901 0.6980107952211112 0.7890219463226704 1.005947110115394 1.3309395725409612 1.7773222604158052
44 528 44.30481751244554 1.785742302486029 0.46188148671336615 0.46188148671336615 0.5381564754228831 0.5718043264600019 0.6812379845917276 0.690821123235568 0.765448109022644 1.0055497339563326 1.3510031319828355 1.785742302486029
45 540 44.51001825879028 1.7872342546521225 0.4623038408339156 0.4623038408339156 0.536348595948675 0.5635655615509574 0.6488822265651264 0.6880981558780607 0.763784888687942 0.9275240792392934 1.3521890971602792 1.7872342546521225
46 552 43.38375733427963 1.8717018991939018 0.44523100733735743 0.44523100733735743 0.5279820084752527 0.5547727236247804 0.6367245648147778 0.6900979097250566 0.7551540707625654 0.9339342225240232 1.3198042001269856 1.8717018991939018
47 564 38.60875447956311 1.8540607380787721 0.44446971342578734 0.44446971342578734 0.5067997163486614 0.5475114117402725 0.6087937126437226 0.6903533090599837 0.7525125509414661 0.9623535650190763 1.3011972096173159 1.8540607380787721
48 576 37.21089219591437 1.878829906909764 0.4353047754152222 0.4353047754152222 0.5029965588897489 0.5384657804395572 0.5982941595464738 0.6807133267425606 0.7528123807875942 0.9309537527435309 1.2766942639015366 1.878829906909764
49 588 33.36336468567565 1.8662772404863308 0.4294841188691227 0.4294841188691227 0.4743084056168063 0.5348035258999205 0.589270167037158 0.6700767422280826 0.769645972949986 0.9334706097072625 1.3494175674904714 1.8662772404863308
50 600 28.921705268549402 1.8313469532020397 0.41258633463079364 0.41258633463079364 0.458094304804909 0.5307340991292704 0.6000560329549725 0.6615197483158692 0.76917313850098 0.9252100941993883 1.3546765980899227 1.8313469532020397
51 612 26.297896426183527 1.789756410056014 0.4140859216969191 0.4140859216969191 0.45270449015731706 0.5055919726096013 0.5989604825103995 0.6491951950915482 0.7616436818661475 0.9064533041097687 1.347236504472512 1.789756410056014
52 624 28.147744384771713 1.7996539805341654 0.39826567128335216 0.39826567128335216 0.44782513466527873 0.5037669729024861 0.5743226657537333 0.6018183851153966 0.7651942345143287 0.9086719141012527 1.365313764460591 1.7996539805341654
53 636 26.944884240963905 1.8007563133670939 0.37609531254356904 0.37609531254356904 0.4422975314175195 0.4993352284380396 0.5576941984536663 0.643568110944597 0.7868006270578206 0.8863642394707139 1.398698816679945 1.8007563133670939
54 648 28.738327488424783 1.8278779915550663 0.3608726794739408 0.3608726794739408 0.43067674843304254 0.4899259574050253 0.5488980556316699 0.6349655658310417 0.7817467445730454 0.849885628750079 1.4209823873210121 1.8278779915550663
55 660 34.67078965718843 1.9047821570160048 0.36408190635374804 0.36408190635374804 0.4249874806787358 0.48315671438080426 0.5354895426122113 0.6311850820394256 0.7891518550001922 0.8367768179549594 1.379023028027087 1.9047821570160048
56 672 38.89913578062126 1.9724761110290672 0.36492932532472827 0.36492932532472827 0.4238794827963843 0.4823476424583009 0.5168306845267403 0.6167935190832171 0.7912528509562239 0.830084771225654 1.3807863842220294 1.9724761110290672
57 684 41.89082477120132 1.999300032262871 0.3623049877841613 0.3623049877841613 0.42594761281890287 0.47556142323370376 0.4985706599741294 0.5992795174717384 0.7760770238840288 0.8269150035064207 1.45141678068197 1.999300032262871
58 696 44.358925632535126 2.027475466755461 0.36127385798896255 0.36127385798896255 0.41815596476325567 0.4515477033610766 0.5089237065564132 0.5958922811689465 0.7832367658289815 0.8197180333441358 1.4558164895141914 2.027475466755461
59 708 44.953917039130815 2.050604962598515 0.35754959885400905 0.35754959885400905 0.4001659949816918 0.4464999243270403 0.5012090305518877 0.5816367461841553 0.7716426426837018 0.8723230602488117 1.4595112795230663 2.050604962598515
60 720 44.577740146433406 2.0686284767991463 0.3483690687250668 0.3483690687250668 0.3965314094635515 0.4359877632720333 0.49106429435576726 0.5869706489454317 0.7594740375967659 0.8699634784493648 1.46722301896209 2.0686284767991463
61 732 41.10234100526925 2.0679782641884743 0.3432211014912054 0.3432211014912054 0.38726465955053496 0.427081446550459 0.5006127172756413 0.5957649347020396 0.7462546433474907 0.8673800338395866 1.4455851181558668 2.0679782641884743
62 744 35.297280733436814 2.078582478396071 0.32741228298761105 0.32741228298761105 0.37629793258805705 0.4209706535030791 0.49756703433229704 0.5886206860312462 0.7338318636146951 0.8690571964113951 1.3985741137996164 2.078582478396071
63 756 34.85393608138241 2.0610997436857263 0.3147394596671198 0.3147394596671198 0.36535642248410044 0.417471266265909 0.47326760767907655 0.5767691696738719 0.7385152373844662 0.8609213398502225 1.3712181449732528 2.0610997436857263
64 768 34.10592560382856 2.134331117513038 0.31412373373420804 0.31412373373420804 0.3692231307239244 0.4015804823376966 0.4596750803561686 0.5740974760531444 0.7407259857555761 0.8615407019230772 1.3570219768523035 2.134331117513038
65 780 31.80265820950692 2.1647396389850506 0.3045258075389716 0.3045258075389716 0.3594552619141368 0.39846192606847863 0.4485834284223219 0.5744820414028021 0.7324837018409446 0.8521216337269821 1.3981347292084512 2.1647396389850506
66 792 30.047621475134754 2.1089126344589793 0.3048520399158365 0.3048520399158365 0.35459518959954767 0.3820870344191316 0.4378345518867613 0.5740387513084305 0.7372539322982555 0.8532443553075466 1.3617772126161032 2.1089126344589793
67 804 28.18238475713734 2.094426080544249 0.3038730663784874 0.3038730663784874 0.3358444556648517 0.3668803597534093 0.4514946646064745 0.5705270319551095 0.7126395094291014 0.8521579086907862 1.348485786347946 2.094426080544249
68 816 25.935913997756717 2.021030425542539 0.3119703606254761 0.3119703606254761 0.32211070524615915 0.36605699593512886 0.44767287265833616 0.5755218542621378 0.6979988309418738 0.8479312444862313 1.3816008094401602 2.021030425542539
69 828 24.636147508422262 2.0193233114383315 0.3007038532076431 0.3007038532076431 0.3089057741655545 0.3617396536494508 0.4515516676785738 0.5605351160139893 0.6928205391475061 0.855462567619242 1.3852638503072676 2.0193233114383315
70 840 24.68753081060519 2.0197871562975966 0.280102878052957 0.280102878052957 0.31549453915467857 0.3632411875428623 0.45125891579728394 0.5767139207971368 0.7017065861972166 0.8589328601086966 1.34115776479087 2.0197871562975966
71 852 22.913242738585627 2.040172969781147 0.2695157737571434 0.2695157737571434 0.3059034995235896 0.3629196077065626 0.4556534465418127 0.5665794884182114 0.7002240765352287 0.8598948247043654 1.3208658144343064 2.040172969781147
72 864 19.94562555090289 2.007905865023775 0.2580094739423329 0.2580094739423329 0.2999157377397625 0.35779227133487745 0.4593736458213849 0.5616507501461417 0.7133274303549727 0.8516081200111754 1.314209107019401 2.007905865023775
73 876 17.884649191107126 2.0054236050923357 0.250724439202319 0.250724439202319 0.29227193773657584 0.350490070458245 0.45904905935281914 0.5627284430443955 0.6761409235384355 0.8514540992309986 1.2680224103418885 2.0054236050923357
74 888 17.717777295270817 1.9122835129747207 0.2481323929608183 0.2481323929608183 0.29381863916119755 0.34595904197853994 0.4603273007185151 0.5451065306022196 0.6557864838455114 0.8528889434298368 1.256485348665033 1.9122835129747207
75 900 18.159798864903667 1.924769908078182 0.24310231988230135 0.24310231988230135 0.28993670864870247 0.3307937204167037 0.4658455689353501 0.5179058292669996 0.6577422413715042 0.8625221013134313 1.2908376597767819 1.924769908078182
76 912 18.74498542486817 1.9047330492695334 0.24172785036429523 0.24172785036429523 0.28722186350350914 0.32496118695345677 0.469266948039846 0.508833276848512 0.6726711162693793 0.8697582958932233 1.28773038576838 1.9047330492695334
77 924 18.58953948516673 1.9700868560578073 0.23043010404379 0.23043010404379 0.28300447981516 0.3257458028892429 0.47826006965408474 0.5070766669845672 0.6726054007245479 0.8918704045659843 1.2938064476369797 1.9700868560578073
78 936 16.70571047033773 1.9301097128341567 0.22514130687082892 0.22514130687082892 0.2725413134183674 0.3225668433030149 0.46838137432637783 0.5073252577103748 0.700845541330595 0.9245922141781341 1.2577376631526271 1.9301097128341567
79 948 16.647457514380847 1.95821295937782 0.21943202599714956 0.21943202599714956 0.26801399277578275 0.3228814223197456 0.450092813614499 0.4911327976370371 0.7028293708453334 0.962051943502911 1.2649118914148254 1.95821295937782
80 960 15.659292430836848 1.9889083587462677 0.21711547741431386 0.21711547741431386 0.2761782251435501 0.32021644803092403 0.44122918777087405 0.4755772599362444 0.7096426798463706 0.9596234894787637 1.254327290933097 1.9889083587462677
81 972 16.449037219858 2.0043902234816615 0.2194804421696917 0.2194804421696917 0.28524229177650845 0.3161402990436648 0.4321422215882357 0.4807360169958026 0.7168395990933213 0.9358035154281443 1.225780566188022 2.0043902234816615
82 984 17.823802240219802 1.9369994176796628 0.22260447643811593 0.22260447643811593 0.2782770007960579 0.30899029830746166 0.43423485357070807 0.47625046145634786 0.7335162399991649 0.9760276917346986 1.2173495849108242 1.9369994176796628
83 996 18.763412273923805 1.8736324996642253 0.22174166220338173 0.22174166220338173 0.27331880585495877 0.3033911830975978 0.40795461022345486 0.49362430741071545 0.749514916738421 1.0447951199847618 1.2130502073619278 1.8736324996642253
84 1008 19.85387443803259 1.8301991657575323 0.2201970718576114 0.2201970718576114 0.27384356603476095 0.30048919776198996 0.40825443988785437 0.4828291490671693 0.7400376123953322 1.1069283421294505 1.1914552121855948 1.8301991657575323
85 1020 18.524707975201746 1.8071865202222912 0.23166497325519214 0.23166497325519214 0.26262787162033 0.30304764027184117 0.41635387832051723 0.4857997794298234 0.7175775856386767 1.0652324013636467 1.1950384275214596 1.8071865202222912
86 1032 17.25089581455857 1.792302572422439 0.21942494414295893 0.21942494414295893 0.2589361588070104 0.29537254970224847 0.4209118797372785 0.485937075657109 0.6992569940893729 1.0566428535762311 1.1911135247724414 1.792302572422439
87 1044 17.025601890447017 1.7936037813139305 0.22105126125394295 0.22105126125394295 0.2522865406291246 0.277653617446701 0.4183973285301519 0.4849552473840033 0.6955166078044936 1.061649862397565 1.1515717440428115 1.7936037813139305
88 1056 16.745005597233007 1.6882860793390726 0.21409279672610232 0.21409279672610232 0.2518586387326857 0.27954276485242213 0.45444355588316476 0.47584105089078366 0.6825555773006103 1.0346727458507081 1.1347650518826962 1.6882860793390726
89 1068 16.2530985592452 1.7186241795756747 0.19936358842545027 0.19936358842545027 0.25093938610159744 0.2820002455346097 0.44986125487263473 0.4781252148825109 0.6873877482153734 1.038404206615261 1.142283266333051 1.7186241795756747
90 1080 17.0261579735153 1.703747413354133 0.19162340283849863 0.19162340283849863 0.2550097025659663 0.28147859352500876 0.4462725239647353 0.4907308779864428 0.6801058584322427 1.0362419024287526 1.1238852062047469 1.703747413354133
91 1092 16.846718514525822 1.6916720309985098 0.17808841307709908 0.17808841307709908 0.2520567766951473 0.2798264613020674 0.4347279996457367 0.5229850618386098 0.7012662700293693 1.017031122563786 1.1280209947601156 1.6916720309985098
92 1104 16.071140442315787 1.6333024192681245 0.17562106228043253 0.17562106228043253 0.2461347891321784 0.2779035163635291 0.44356941064946753 0.5168822883349835 0.7036277359356751 1.0288684381420796 1.136161073070551 1.6333024192681245
93 1116 17.145050421705232 1.6307432069204069 0.1728237465764507 0.1728237465764507 0.23729529336187896 0.2692240530792215 0.4353493439765756 0.5144658359284329 0.6986285366266982 1.0288283583993911 1.1237052026059275 1.6307432069204069
94 1128 17.02448535510406 1.6319868675636615 0.17587840926668197 0.17587840926668197 0.22783423289274624 0.2570864658667864 0.4534294940481894 0.5207697362806852 0.7070700970506043 1.0139629912476178 1.157854659813305 1.6319868675636615
95 1140 16.23713605244741 1.5746165572886812 0.168063144371712 0.168063144371712 0.2196890455390135 0.2555836144015797 0.4490827732405712 0.5352011189294905 0.7090301151487963 1.018117631663784 1.1711030550011097 1.5746165572886812
96 1152 15.946962033351067 1.5552760373570196 0.16103030707104268 0.16103030707104268 0.21909629707572492 0.25232297802936204 0.44968120620750485 0.5334965863855146 0.7064579428932498 1.0511099459372693 1.1363784595257405 1.5552760373570196
97 1164 16.14612816120716 1.5443458759913085 0.16141262131894552 0.16141262131894552 0.21865493529588445 0.24276251646316357 0.4459556985949991 0.5367323165883516 0.6829449574024474 1.0308340534992793 1.1172235532405597 1.5443458759913085
98 1176 15.767994321148793 1.559976574952912 0.1616167553970475 0.1616167553970475 0.220011856010137 0.2428984570719912 0.42974752469004623 0.5345272485345368 0.6626005672300412 1.018562580644627 1.1720297315758126 1.559976574952912
99 1188 14.353733732996758 1.5012865928229333 0.16023753556590542 0.16023753556590542 0.2287858052322684 0.24309775416391363 0.4254235437668389 0.5394064584480818 0.6328924106878817 1.0204447856915657 1.201609712651921 1.5012865928229333
100 1200 13.332758982987967 1.4954850976651668 0.16475080611277346 0.16475080611277346 0.23037932869179212 0.23678528579356317 0.4104944634101432 0.5378910381162906 0.6362225432624385 0.9966808930935624 1.1593422988850353 1.4954850976651668
101 1212 11.72288778834349 1.5353310355192704 0.15963931871947284 0.15963931871947284 0.22298187855943633 0.23269314663369936 0.4077854032300361 0.5334662201656276 0.616844958219473 0.9849030557877051 1.1846263868235443 1.5353310355192704
102 1224 10.527213559410788 1.6134810897979492 0.15889913005188314 0.15889913005188314 0.21375123050172765 0.2327870296001402 0.3937454998931791 0.5037473469644917 0.6073274469948144 0.9714308034670842 1.1855365060031178 1.6134810897979492
103 1236 10.782632165704854 1.6494653457635617 0.15521454575953486 0.15521454575953486 0.20829383356895317 0.23028107831146508 0.3821120567437232 0.5057971470192117 0.6002081114152913 0.9669615717194251 1.1414854874379585 1.6494653457635617
104 1248 10.998254084911565 1.6314601377037663 0.15939567854965206 0.15939567854965206 0.2074713782469322 0.22677478265604062 0.37972810904804044 0.4964677509292517 0.5647212602011342 0.9889954118703811 1.1440241893133867 1.6314601377037663
105 1260 11.293510100374277 1.6253104501623004 0.1631706216788358 0.1631706216788358 0.20134846686847896 0.22489910629249837 0.377657700774392 0.4769185776178746 0.5598456928045483 0.9889481452509312 1.1360118993632422 1.6253104501623004
106 1272 11.22122223355818 1.6885860928695324 0.15749344915649477 0.15749344915649477 0.19884286701934414 0.22162795722323822 0.38636884898926094 0.47928980163183255 0.5581048709544448 0.9656634824835508 1.1259960331689933 1.6885860928695324
107 1284 10.33144860614772 1.7155866528608745 0.15561738628800542 0.15561738628800542 0.1969445476067677 0.21893951616792234 0.38899329782460096 0.46733860094443797 0.5368358275869658 0.9697067202716411 1.128581393355002 1.7155866528608745
108 1296 9.363564030936931 1.681609043072739 0.1529961840628433 0.1529961840628433 0.19534724098124948 0.21746023972436565 0.386713583820295 0.4668979190801925 0.5092939621496698 0.9693193694777247 1.132827336473943 1.681609043072739
109 1308 8.868673778352994 1.6490579122095501 0.15067880624946448 0.15067880624946448 0.19393396352719486 0.21763971529002615 0.3807174392318063 0.45624103310647174 0.5111068554419758 0.9481135255711055 1.134306501315692 1.6490579122095501
110 1320 8.509501051661715 1.6852213760650216 0.14798269059910543 0.14798269059910543 0.19198386108542997 0.20854375152934657 0.37877500213636467 0.45593889838640567 0.5203337338211415 0.9380978214924172 1.0784919169403382 1.6852213760650216
111 1332 8.117960708483798 1.6890796934738486 0.14691612396813294 0.14691612396813294 0.18581362199204068 0.2093493023102601 0.3799943385905032 0.45612468955010466 0.5233820379214231 0.9192113374902114 1.0412465453237083 1.6890796934738486
112 1344 7.219201588117665 1.7515648668726118 0.14985085465047088 0.14985085465047088 0.18680678970551245 0.20761496817262165 0.33251386726005394 0.4556178575825524 0.521891656899772 0.9123168273862443 1.055483471838387 1.7515648668726118
113 1356 6.777290226596952 1.7787109937845056 0.1485421678213258 0.1485421678213258 0.18542891705704745 0.20208144336579523 0.31400217533776603 0.44262321747593286 0.5398466483927478 0.9088058223488986 1.0798644373203323 1.7787109937845056
114 1368 6.471182359502949 1.7512280000787832 0.14588666513237095 0.14588666513237095 0.18104709904624314 0.20453154669467347 0.2942258756000658 0.43529099938800314 0.5605253421687626 0.8940466184029262 1.0928668557307024 1.7512280000787832
115 1380 5.893490268240498 1.708768004375517 0.14099276814256825 0.14099276814256825 0.1756587885834281 0.2042103614472723 0.28499210021831034 0.4269328635908321 0.55691764381154 0.8852056876001204 1.1809357446606192 1.708768004375517
116 1392 5.411148103379318 1.660818518406219 0.13960340792005674 0.13960340792005674 0.1753691058020194 0.20234191804906787 0.27881402039600783 0.42337973447416766 0.5520302821853841 0.8697515231482978 1.1897737038490692 1.660818518406219
117 1404 5.25597732593039 1.6488732786951223 0.13726673519142815 0.13726673519142815 0.17289771732041692 0.20284220591433902 0.2694736448916216 0.4105695104212453 0.5465205704202468 0.8596233975719112 1.2062550377090195 1.6488732786951223
118 1416 5.242040684742272 1.615625030257368 0.1337773815883072 0.1337773815883072 0.1664760437600263 0.2056473554037738 0.266782826971493 0.41862019306301074 0.5304814561553906 0.855443350451163 1.2468998132744509 1.615625030257368
119 1428 4.718678677957953 1.6632233568631827 0.12868317517294156 0.12868317517294156 0.16409271083568408 0.1957014118586358 0.25990212395864654 0.420203320323932 0.5551425814232263 0.8406824901433733 1.2449898890993047 1.6632233568631827
120 1440 4.914353253053501 1.5634620412589064 0.12972761132716715 0.12972761132716715 0.1628614188393062 0.19034667251969004 0.25528789614442293 0.4233047470094909 0.5724336507337784 0.8356690560528174 1.2381597559024462 1.5634620412589064
121 1452 4.92042702431479 1.6063325191109619 0.1279000960135378 0.1279000960135378 0.1656852345915222 0.18743849189387798 0.2343897260866235 0.4298051610159927 0.5894655444992234 0.834997541555093 1.2314970397464533 1.6063325191109619
122 1464 5.190069174299386 1.5866008268452274 0.12389087829538606 0.12389087829538606 0.16394964087864386 0.17440478775239646 0.23517005462314147 0.43986508809259034 0.5987913128762031 0.8324715241955396 1.1948608686802176 1.5866008268452274
123 1476 4.632173461511817 1.5859895930917864 0.12555912176581166 0.12555912176581166 0.1483240563443212 0.1680394348091036 0.23483525654176843 0.4579086922273175 0.6218449222590113 0.8508290599304442 1.171215324931366 1.5859895930917864
124 1488 4.191209578335827 1.5574765515349211 0.11882274357425786 0.11882274357425786 0.14014142387160997 0.1661261678175047 0.23377815934720392 0.4630132162563371 0.6262969658598045 0.8434698660421219 1.156167181251903 1.5574765515349211
125 1500 3.845413412085101 1.5922870991853457 0.11643339303107694 0.11643339303107694 0.14047824216785457 0.15381742599771847 0.24151170482347994 0.4658720529297522 0.6282093910235986 0.8096078642155519 1.1171732726821273 1.5922870991853457
126 1512 3.436481070112102 1.5924059307954057 0.11593783221350777 0.11593783221350777 0.130753320357055 0.1524827607253401 0.24392892496781518 0.4694341591379985 0.6004610765132422 0.8042986263763404 1.1001539268648197 1.5924059307954057
127 1524 3.1710652459352406 1.600045124510965 0.11338232702108088 0.11338232702108088 0.12751291678900037 0.15147850862013382 0.2368942817228071 0.45766772788518356 0.6111572537840868 0.7944696302205096 1.0692922016310682 1.600045124510965
128 1536 2.995577314871823 1.5878873073897157 0.10555030703927802 0.10555030703927802 0.12692908170793335 0.15063694421266122 0.23012870380655062 0.46194489201554795 0.6076594693074977 0.7890040395156689 1.053009244127481 1.5878873073897157
129 1548 2.902194281542072 1.5750849265213878 0.10337861310828461 0.10337861310828461 0.12280170724104911 0.1453007343903364 0.2245431314638044 0.4469053565670519 0.6018364910215489 0.8071197104344955 1.0460058928571816 1.5750849265213878
130 1560 2.989349979019491 1.5923270042425979 0.0967141787949749 0.0967141787949749 0.12197373355108478 0.14764691221400342 0.21407886808917642 0.45422769284458625 0.595608503233431 0.8288395796702671 1.0550163417196576 1.5923270042425979
131 1572 3.247947376621484 1.5765262005847482 0.09141571588698875 0.09141571588698875 0.12083181264769904 0.1479827964225441 0.2044676655740684 0.4852502989502773 0.599262853533625 0.8367897940740144 1.0704654602559687 1.5765262005847482
132 1584 3.2900159239379065 1.594897942885963 0.08573907943644538 0.08573907943644538 0.11954295238591205 0.14300038319843572 0.20810809261833563 0.5132910147717018 0.5948665802760758 0.8539868521402336 1.0695996547227944 1.594897942885963
133 1596 3.4320549236597806 1.5785509364098032 0.08488941748586226 0.08488941748586226 0.11750352215574593 0.1426966148956823 0.2078347376275381 0.5150376490737728 0.5946211188677334 0.8430097345031666 1.0444807949866648 1.5785509364098032
134 1608 3.4219970030549174 1.5184933514670547 0.07769448178810366 0.07769448178810366 0.11567121649684481 0.14763734612593424 0.21932165341999726 0.5109469428133018 0.6105415582475548 0.8473944524691702 1.0274894462276778 1.5184933514670547
135 1620 3.2083176564870843 1.512157170305809 0.07649620354568543 0.07649620354568543 0.1108002617754125 0.1434482118512057 0.21591556111568 0.5073859688053447 0.606283793389966 0.846195503968285 1.0293738109273438 1.512157170305809
136 1632 3.2950168826187007 1.5285666323063856 0.0753681980795389 0.0753681980795389 0.1081793202496938 0.13885883931273882 0.21796316325473136 0.4923668729380847 0.6023375153228953 0.8167891756571999 1.0204261349413268 1.5285666323063856
137 1644 3.6048931876521184 1.500121172885352 0.07221730896248278 0.07221730896248278 0.10653798957948796 0.13433398763262508 0.22158126777326348 0.491003441498696 0.6133764957909451 0.8174446218696514 1.0479484458145767 1.500121172885352
138 1656 3.869019244485611 1.5306758162617062 0.06810068521257874 0.06810068521257874 0.10731886993937327 0.13381943718080555 0.2389708232330149 0.490065116649689 0.6005544670404568 0.7963167397965941 1.0445901828601956 1.5306758162617062
139 1668 4.09216500600595 1.5355978549170806 0.06604350632104192 0.06604350632104192 0.11043162834922512 0.13177164078248302 0.23942943272150308 0.4804716129799282 0.599604050601723 0.799715869540122 1.051179004871264 1.5355978549170806
140 1680 4.3126779725480535 1.5181699001188143 0.06611195893321198 0.06611195893321198 0.10812074408912346 0.13249675163480584 0.24758089775122008 0.48163783786842806 0.580556684906293 0.7959067461265414 1.0422345220843918 1.5181699001188143
141 1692 4.617087216817698 1.5773313614162907 0.06494665119614115 0.06494665119614115 0.10802136218997707 0.12709635280513876 0.24404069617530758 0.4796768758382536 0.5769586159541903 0.8148154506551073 1.0572469744929756 1.5773313614162907
142 1704 5.069821999659805 1.7142133352769346 0.05885378310312038 0.05885378310312038 0.10854494520188077 0.1264290866413208 0.2390961579995965 0.4739535358075741 0.5804913720149566 0.8266800257511353 1.0962788679539244 1.7142133352769346
143 1716 5.104637577873841 1.8107335096365296 0.05688944042817352 0.05688944042817352 0.10664596171580472 0.12459578027193022 0.24698216940783374 0.46025436537916614 0.5731891423013592 0.8176413882559631 1.085879602150917 1.8107335096365296
144 1728 5.457749712189072 1.7900848552040551 0.05569118331827034 0.05569118331827034 0.10413633526445384 0.12438962888908496 0.23311361646943765 0.45454049117223716 0.5739578506186607 0.8123257038788064 1.08326663388087 1.7900848552040551
145 1740 5.743211969886261 1.863094833050737 0.05241218559667496 0.05241218559667496 0.10818825644372193 0.11996703531539206 0.2301732413298351 0.4461819429557556 0.5683206330145221 0.8219866085234617 1.0794048622765788 1.863094833050737
146 1752 6.9468039537580815 1.9014738628253973 0.05062353170618252 0.05062353170618252 0.10710635226954957 0.1199989282716302 0.2411426613770577 0.43974067887289664 0.5485623516637631 0.8120269028750784 1.0789198796359765 1.9014738628253973
147 1764 7.483171229548364 2.090244724590312 0.04730291014006358 0.04730291014006358 0.10801536116040428 0.11797596688522018 0.24283579816668202 0.42727638489908054 0.5575764399055622 0.8240666339751901 1.0688261729362383 2.090244724590312
148 1776 7.675675071568944 2.017913422686388 0.04640989990525007 0.04640989990525007 0.10806157074444156 0.11699328954464445 0.245502169206571 0.41083828429070657 0.5563374468632306 0.8071011889547303 1.0797605295222077 2.017913422686388
149 1788 7.642061749416551 2.0184937989724174 0.04484483059834344 0.04484483059834344 0.10692565356155326 0.11010565431820464 0.2495181411510075 0.39792628997426627 0.5471022588267411 0.8042683991858207 1.1067382195726523 2.0184937989724174
150 1800 7.470804309990968 1.9687695345599598 0.04280242015872166 0.04280242015872166 0.1035055831047588 0.10792682041671843 0.24782470987471866 0.3896798002408742 0.5476577205362197 0.7987531376775275 1.1669426883661946 1.9687695345599598
151 1812 7.3633732583148 1.9506320500858818 0.041838897488626944 0.041838897488626944 0.10340605308854983 0.10705397793102321 0.23520182999349917 0.396680606240201 0.5448609124041699 0.8040691113890418 1.1840609498425372 1.9506320500858818
152 1824 7.473535169918569 1.9042220471308813 0.04097903504041999 0.04097903504041999 0.10398543966536353 0.10700956726423015 0.23274533862599253 0.3722571514310189 0.5482311448405633 0.7997509903170392 1.1994067100071184 1.9042220471308813
153 1836 7.7084722379582 1.889556538565502 0.040423505805184334 0.040423505805184334 0.09735901925174367 0.1078784428333998 0.237788972638815 0.3681341072538506 0.5699481258512982 0.8043816487057222 1.1674361262618393 1.889556538565502
154 1848 8.052945991808034 1.9516599345819188 0.03903672751564919 0.03903672751564919 0.09065857000096998 0.10930615515957709 0.23485113140644548 0.3645694977381257 0.600686250727122 0.8153302844927863 1.1551568666465728 1.9516599345819188
155 1860 8.3110843837848 1.9375789176703928 0.03673580078452577 0.03673580078452577 0.09102648388443908 0.11097354730031073 0.2370224050062116 0.3407110896079793 0.6060437375568524 0.8203667741335754 1.1862654148693919 1.9375789176703928
156 1872 8.57653779089062 1.8944956230007184 0.03582629587761158 0.03582629587761158 0.09012870561057142 0.11035545885993012 0.23646299170414303 0.33890322299439546 0.5923789220616067 0.8435399253943927 1.207032811856778 1.8944956230007184
157 1884 8.136160340925823 1.8636764172224127 0.033777578914172796 0.033777578914172796 0.0895816461260604 0.10592490367710347 0.2448983533223217 0.3372638447286342 0.5838599515101971 0.862906201155706 1.2061457563914524 1.8636764172224127
158 1896 7.579174247577879 1.8859921414361684 0.03218974212410784 0.03218974212410784 0.08784361789444231 0.10519361437660806 0.24206910742034152 0.335005332443114 0.571167117066647 0.8448262057011006 1.1983788839288436 1.8859921414361684
159 1908 6.942039271693141 1.8350751750839616 0.03056081389256424 0.03056081389256424 0.08712167719437729 0.10274083284021415 0.23613475708182996 0.340146602959576 0.5772415638770629 0.8456165582346362 1.2137451379977988 1.8350751750839616
160 1920 6.464491705741137 1.7590084078998058 0.029362887864973496 0.029362887864973496 0.08428065344016826 0.10286626190852163 0.2324551072825848 0.33922460320315984 0.5875106199697016 0.8395446158678773 1.2056578471483177 1.7590084078998058
161 1932 6.632869014104672 1.7591748883146114 0.028593472841731832 0.028593472841731832 0.08159907409252147 0.10442812432392212 0.2270651645825685 0.3431665353657963 0.5719002740595778 0.8037176101251414 1.2126142756137526 1.7591748883146114
162 1944 6.513759847587384 1.7559272652449536 0.027940079820412515 0.027940079820412515 0.0787455485730479 0.10056651493025645 0.22394336662617212 0.3366307891870578 0.5749020475111577 0.8003457827432039 1.2981587790308227 1.7559272652449536
163 1956 6.51968894925112 1.7378161562098298 0.026986063074709615 0.026986063074709615 0.07854715922239233 0.09989198563606863 0.22168088835429123 0.33621033640089165 0.5748755235199727 0.7790106146682243 1.286918388227083 1.7378161562098298
164 1968 6.144235598469768 1.6771143332239733 0.026492388829595998 0.026492388829595998 0.07641202720659125 0.09676167645955082 0.2242194290809341 0.34285171723808155 0.5725149072581177 0.7513975943528057 1.3033484043259262 1.6771143332239733
165 1980 6.167147420171504 1.6683424410179764 0.025899032878849735 0.025899032878849735 0.07394034330342047 0.09758559336981848 0.2241825722502736 0.34030384160898475 0.5746983607394498 0.7298475788822675 1.2788363275893777 1.6683424410179764
166 1992 5.8409043423653335 1.6864163831430947 0.024912946690200846 0.024912946690200846 0.07208091818061008 0.0931145912734747 0.22174669131705796 0.3505599924729546 0.5980323711341609 0.7180704612161138 1.2848998411573513 1.6864163831430947
167 2004 5.550002939492704 1.6771187737966917 0.024093747830388316 0.024093747830388316 0.07140335879146822 0.09267892108770664 0.22208609652120825 0.340319513835153 0.5714118940435402 0.7029459808352271 1.2742464407683645 1.6771187737966917
