% # columns="iteration, evaluation, min 25%tile 75%tile max correlation, correlation matrix principal axes lengths  (sorted square roots of eigenvalues of correlation matrix)", seed=12345, Wed Apr  8 12:16:20 2026
1 12 -0.04648152167029384 -0.016936268561729945 0.013129384627919826 0.08334683464868037 0.9471171581732809 0.9572760469931874 0.9774956474033969 0.9868581433977432 1.0011207588431794 1.0024695907826013 1.016847944709892 1.0410844021611618 1.064039657789719
2 24 -0.04648152167029384 -0.016936268561729945 0.013129384627919826 0.08334683464868037 0.9471171581732809 0.9572760469931874 0.9774956474033969 0.9868581433977432 1.0011207588431794 1.0024695907826013 1.016847944709892 1.0410844021611618 1.064039657789719
3 36 -0.04648152167029384 -0.016936268561729945 0.013129384627919826 0.08334683464868037 0.9471171581732809 0.9572760469931874 0.9774956474033969 0.9868581433977432 1.0011207588431794 1.0024695907826013 1.016847944709892 1.0410844021611618 1.064039657789719
4 48 -0.04648152167029384 -0.016936268561729945 0.013129384627919826 0.08334683464868037 0.9471171581732809 0.9572760469931874 0.9774956474033969 0.9868581433977432 1.0011207588431794 1.0024695907826013 1.016847944709892 1.0410844021611618 1.064039657789719
5 60 -0.04648152167029384 -0.016936268561729945 0.013129384627919826 0.08334683464868037 0.9471171581732809 0.9572760469931874 0.9774956474033969 0.9868581433977432 1.0011207588431794 1.0024695907826013 1.016847944709892 1.0410844021611618 1.064039657789719
6 72 -0.04648152167029384 -0.016936268561729945 0.013129384627919826 0.08334683464868037 0.9471171581732809 0.9572760469931874 0.9774956474033969 0.9868581433977432 1.0011207588431794 1.0024695907826013 1.016847944709892 1.0410844021611618 1.064039657789719
7 84 -0.04648152167029384 -0.016936268561729945 0.013129384627919826 0.08334683464868037 0.9471171581732809 0.9572760469931874 0.9774956474033969 0.9868581433977432 1.0011207588431794 1.0024695907826013 1.016847944709892 1.0410844021611618 1.064039657789719
8 96 -0.04648152167029384 -0.016936268561729945 0.013129384627919826 0.08334683464868037 0.9471171581732809 0.9572760469931874 0.9774956474033969 0.9868581433977432 1.0011207588431794 1.0024695907826013 1.016847944709892 1.0410844021611618 1.064039657789719
9 108 -0.04648152167029384 -0.016936268561729945 0.013129384627919826 0.08334683464868037 0.9471171581732809 0.9572760469931874 0.9774956474033969 0.9868581433977432 1.0011207588431794 1.0024695907826013 1.016847944709892 1.0410844021611618 1.064039657789719
10 120 -0.22003876672593198 -0.06138551437735035 0.1170417768258119 0.35863301276519016 0.640718923477684 0.8011337282209795 0.8968255157945194 0.9288016136276321 0.984546348822204 1.0208803014451577 1.104344675792007 1.14476508245177 1.3187506237109818
11 132 -0.22003876672593198 -0.06138551437735035 0.1170417768258119 0.35863301276519016 0.640718923477684 0.8011337282209795 0.8968255157945194 0.9288016136276321 0.984546348822204 1.0208803014451577 1.104344675792007 1.14476508245177 1.3187506237109818
12 144 -0.22003876672593198 -0.06138551437735035 0.1170417768258119 0.35863301276519016 0.640718923477684 0.8011337282209795 0.8968255157945194 0.9288016136276321 0.984546348822204 1.0208803014451577 1.104344675792007 1.14476508245177 1.3187506237109818
13 156 -0.22003876672593198 -0.06138551437735035 0.1170417768258119 0.35863301276519016 0.640718923477684 0.8011337282209795 0.8968255157945194 0.9288016136276321 0.984546348822204 1.0208803014451577 1.104344675792007 1.14476508245177 1.3187506237109818
14 168 -0.22003876672593198 -0.06138551437735035 0.1170417768258119 0.35863301276519016 0.640718923477684 0.8011337282209795 0.8968255157945194 0.9288016136276321 0.984546348822204 1.0208803014451577 1.104344675792007 1.14476508245177 1.3187506237109818
15 180 -0.22003876672593198 -0.06138551437735035 0.1170417768258119 0.35863301276519016 0.640718923477684 0.8011337282209795 0.8968255157945194 0.9288016136276321 0.984546348822204 1.0208803014451577 1.104344675792007 1.14476508245177 1.3187506237109818
16 192 -0.22003876672593198 -0.06138551437735035 0.1170417768258119 0.35863301276519016 0.640718923477684 0.8011337282209795 0.8968255157945194 0.9288016136276321 0.984546348822204 1.0208803014451577 1.104344675792007 1.14476508245177 1.3187506237109818
17 204 -0.22003876672593198 -0.06138551437735035 0.1170417768258119 0.35863301276519016 0.640718923477684 0.8011337282209795 0.8968255157945194 0.9288016136276321 0.984546348822204 1.0208803014451577 1.104344675792007 1.14476508245177 1.3187506237109818
18 216 -0.22003876672593198 -0.06138551437735035 0.1170417768258119 0.35863301276519016 0.640718923477684 0.8011337282209795 0.8968255157945194 0.9288016136276321 0.984546348822204 1.0208803014451577 1.104344675792007 1.14476508245177 1.3187506237109818
19 228 -0.32809404216861027 -0.04688598992866702 0.17122114495292146 0.3344995801763517 0.4880567522955574 0.735519691155132 0.8460906707656526 0.8860691599078064 1.0585523577412335 1.0666694704906472 1.09651960283548 1.2117023197823027 1.3382558823486481
20 240 -0.32809404216861027 -0.04688598992866702 0.17122114495292146 0.3344995801763517 0.4880567522955574 0.735519691155132 0.8460906707656526 0.8860691599078064 1.0585523577412335 1.0666694704906472 1.09651960283548 1.2117023197823027 1.3382558823486481
21 252 -0.32809404216861027 -0.04688598992866702 0.17122114495292146 0.3344995801763517 0.4880567522955574 0.735519691155132 0.8460906707656526 0.8860691599078064 1.0585523577412335 1.0666694704906472 1.09651960283548 1.2117023197823027 1.3382558823486481
22 264 -0.32809404216861027 -0.04688598992866702 0.17122114495292146 0.3344995801763517 0.4880567522955574 0.735519691155132 0.8460906707656526 0.8860691599078064 1.0585523577412335 1.0666694704906472 1.09651960283548 1.2117023197823027 1.3382558823486481
23 276 -0.32809404216861027 -0.04688598992866702 0.17122114495292146 0.3344995801763517 0.4880567522955574 0.735519691155132 0.8460906707656526 0.8860691599078064 1.0585523577412335 1.0666694704906472 1.09651960283548 1.2117023197823027 1.3382558823486481
24 288 -0.32809404216861027 -0.04688598992866702 0.17122114495292146 0.3344995801763517 0.4880567522955574 0.735519691155132 0.8460906707656526 0.8860691599078064 1.0585523577412335 1.0666694704906472 1.09651960283548 1.2117023197823027 1.3382558823486481
25 300 -0.32809404216861027 -0.04688598992866702 0.17122114495292146 0.3344995801763517 0.4880567522955574 0.735519691155132 0.8460906707656526 0.8860691599078064 1.0585523577412335 1.0666694704906472 1.09651960283548 1.2117023197823027 1.3382558823486481
26 312 -0.32809404216861027 -0.04688598992866702 0.17122114495292146 0.3344995801763517 0.4880567522955574 0.735519691155132 0.8460906707656526 0.8860691599078064 1.0585523577412335 1.0666694704906472 1.09651960283548 1.2117023197823027 1.3382558823486481
27 324 -0.32809404216861027 -0.04688598992866702 0.17122114495292146 0.3344995801763517 0.4880567522955574 0.735519691155132 0.8460906707656526 0.8860691599078064 1.0585523577412335 1.0666694704906472 1.09651960283548 1.2117023197823027 1.3382558823486481
28 336 -0.34059895577054233 -0.02970594505193349 0.17184075906155385 0.3668725255490159 0.4476339925652503 0.7598537040880164 0.843331262212789 0.9475699817872172 1.0113243604293063 1.0450019472589214 1.101505602278693 1.258493605322337 1.3043093538777242
29 348 -0.34059895577054233 -0.02970594505193349 0.17184075906155385 0.3668725255490159 0.4476339925652503 0.7598537040880164 0.843331262212789 0.9475699817872172 1.0113243604293063 1.0450019472589214 1.101505602278693 1.258493605322337 1.3043093538777242
30 360 -0.34059895577054233 -0.02970594505193349 0.17184075906155385 0.3668725255490159 0.4476339925652503 0.7598537040880164 0.843331262212789 0.9475699817872172 1.0113243604293063 1.0450019472589214 1.101505602278693 1.258493605322337 1.3043093538777242
31 372 -0.34059895577054233 -0.02970594505193349 0.17184075906155385 0.3668725255490159 0.4476339925652503 0.7598537040880164 0.843331262212789 0.9475699817872172 1.0113243604293063 1.0450019472589214 1.101505602278693 1.258493605322337 1.3043093538777242
32 384 -0.34059895577054233 -0.02970594505193349 0.17184075906155385 0.3668725255490159 0.4476339925652503 0.7598537040880164 0.843331262212789 0.9475699817872172 1.0113243604293063 1.0450019472589214 1.101505602278693 1.258493605322337 1.3043093538777242
33 396 -0.34059895577054233 -0.02970594505193349 0.17184075906155385 0.3668725255490159 0.4476339925652503 0.7598537040880164 0.843331262212789 0.9475699817872172 1.0113243604293063 1.0450019472589214 1.101505602278693 1.258493605322337 1.3043093538777242
34 408 -0.34059895577054233 -0.02970594505193349 0.17184075906155385 0.3668725255490159 0.4476339925652503 0.7598537040880164 0.843331262212789 0.9475699817872172 1.0113243604293063 1.0450019472589214 1.101505602278693 1.258493605322337 1.3043093538777242
35 420 -0.34059895577054233 -0.02970594505193349 0.17184075906155385 0.3668725255490159 0.4476339925652503 0.7598537040880164 0.843331262212789 0.9475699817872172 1.0113243604293063 1.0450019472589214 1.101505602278693 1.258493605322337 1.3043093538777242
36 432 -0.34059895577054233 -0.02970594505193349 0.17184075906155385 0.3668725255490159 0.4476339925652503 0.7598537040880164 0.843331262212789 0.9475699817872172 1.0113243604293063 1.0450019472589214 1.101505602278693 1.258493605322337 1.3043093538777242
37 444 -0.4183399222689883 -0.06740654049564501 0.16941351131202037 0.35623507767442913 0.48083836772206384 0.6895645649229214 0.7872257019907561 0.8547369171879039 0.9817019409417843 1.06250416701199 1.1472503950911195 1.3099973925795736 1.3483564914671504
38 456 -0.4183399222689883 -0.06740654049564501 0.16941351131202037 0.35623507767442913 0.48083836772206384 0.6895645649229214 0.7872257019907561 0.8547369171879039 0.9817019409417843 1.06250416701199 1.1472503950911195 1.3099973925795736 1.3483564914671504
39 468 -0.4183399222689883 -0.06740654049564501 0.16941351131202037 0.35623507767442913 0.48083836772206384 0.6895645649229214 0.7872257019907561 0.8547369171879039 0.9817019409417843 1.06250416701199 1.1472503950911195 1.3099973925795736 1.3483564914671504
40 480 -0.4183399222689883 -0.06740654049564501 0.16941351131202037 0.35623507767442913 0.48083836772206384 0.6895645649229214 0.7872257019907561 0.8547369171879039 0.9817019409417843 1.06250416701199 1.1472503950911195 1.3099973925795736 1.3483564914671504
41 492 -0.4183399222689883 -0.06740654049564501 0.16941351131202037 0.35623507767442913 0.48083836772206384 0.6895645649229214 0.7872257019907561 0.8547369171879039 0.9817019409417843 1.06250416701199 1.1472503950911195 1.3099973925795736 1.3483564914671504
42 504 -0.4183399222689883 -0.06740654049564501 0.16941351131202037 0.35623507767442913 0.48083836772206384 0.6895645649229214 0.7872257019907561 0.8547369171879039 0.9817019409417843 1.06250416701199 1.1472503950911195 1.3099973925795736 1.3483564914671504
43 516 -0.4183399222689883 -0.06740654049564501 0.16941351131202037 0.35623507767442913 0.48083836772206384 0.6895645649229214 0.7872257019907561 0.8547369171879039 0.9817019409417843 1.06250416701199 1.1472503950911195 1.3099973925795736 1.3483564914671504
44 528 -0.4183399222689883 -0.06740654049564501 0.16941351131202037 0.35623507767442913 0.48083836772206384 0.6895645649229214 0.7872257019907561 0.8547369171879039 0.9817019409417843 1.06250416701199 1.1472503950911195 1.3099973925795736 1.3483564914671504
45 540 -0.4183399222689883 -0.06740654049564501 0.16941351131202037 0.35623507767442913 0.48083836772206384 0.6895645649229214 0.7872257019907561 0.8547369171879039 0.9817019409417843 1.06250416701199 1.1472503950911195 1.3099973925795736 1.3483564914671504
46 552 -0.43382932313510947 -0.06185358578275101 0.18556964146808885 0.32605485261396827 0.4271218776640969 0.6476117273182923 0.8014921505742655 0.8579448389628148 0.9746536275495808 1.0727354835972522 1.2216496697304424 1.3011649845173956 1.3166387485466857
47 564 -0.43382932313510947 -0.06185358578275101 0.18556964146808885 0.32605485261396827 0.4271218776640969 0.6476117273182923 0.8014921505742655 0.8579448389628148 0.9746536275495808 1.0727354835972522 1.2216496697304424 1.3011649845173956 1.3166387485466857
48 576 -0.43382932313510947 -0.06185358578275101 0.18556964146808885 0.32605485261396827 0.4271218776640969 0.6476117273182923 0.8014921505742655 0.8579448389628148 0.9746536275495808 1.0727354835972522 1.2216496697304424 1.3011649845173956 1.3166387485466857
49 588 -0.43382932313510947 -0.06185358578275101 0.18556964146808885 0.32605485261396827 0.4271218776640969 0.6476117273182923 0.8014921505742655 0.8579448389628148 0.9746536275495808 1.0727354835972522 1.2216496697304424 1.3011649845173956 1.3166387485466857
50 600 -0.43382932313510947 -0.06185358578275101 0.18556964146808885 0.32605485261396827 0.4271218776640969 0.6476117273182923 0.8014921505742655 0.8579448389628148 0.9746536275495808 1.0727354835972522 1.2216496697304424 1.3011649845173956 1.3166387485466857
51 612 -0.43382932313510947 -0.06185358578275101 0.18556964146808885 0.32605485261396827 0.4271218776640969 0.6476117273182923 0.8014921505742655 0.8579448389628148 0.9746536275495808 1.0727354835972522 1.2216496697304424 1.3011649845173956 1.3166387485466857
52 624 -0.43382932313510947 -0.06185358578275101 0.18556964146808885 0.32605485261396827 0.4271218776640969 0.6476117273182923 0.8014921505742655 0.8579448389628148 0.9746536275495808 1.0727354835972522 1.2216496697304424 1.3011649845173956 1.3166387485466857
53 636 -0.43382932313510947 -0.06185358578275101 0.18556964146808885 0.32605485261396827 0.4271218776640969 0.6476117273182923 0.8014921505742655 0.8579448389628148 0.9746536275495808 1.0727354835972522 1.2216496697304424 1.3011649845173956 1.3166387485466857
54 648 -0.43382932313510947 -0.06185358578275101 0.18556964146808885 0.32605485261396827 0.4271218776640969 0.6476117273182923 0.8014921505742655 0.8579448389628148 0.9746536275495808 1.0727354835972522 1.2216496697304424 1.3011649845173956 1.3166387485466857
55 660 -0.5026414166344494 -0.07142284487755428 0.2015594539403326 0.4306321546083208 0.3709548500759482 0.5744862952442338 0.7707175297817089 0.8677439981408042 0.9299429976411622 1.1093967238887086 1.2212650104463778 1.2684676856259995 1.4104323002911832
56 672 -0.5026414166344494 -0.07142284487755428 0.2015594539403326 0.4306321546083208 0.3709548500759482 0.5744862952442338 0.7707175297817089 0.8677439981408042 0.9299429976411622 1.1093967238887086 1.2212650104463778 1.2684676856259995 1.4104323002911832
57 684 -0.5026414166344494 -0.07142284487755428 0.2015594539403326 0.4306321546083208 0.3709548500759482 0.5744862952442338 0.7707175297817089 0.8677439981408042 0.9299429976411622 1.1093967238887086 1.2212650104463778 1.2684676856259995 1.4104323002911832
58 696 -0.5026414166344494 -0.07142284487755428 0.2015594539403326 0.4306321546083208 0.3709548500759482 0.5744862952442338 0.7707175297817089 0.8677439981408042 0.9299429976411622 1.1093967238887086 1.2212650104463778 1.2684676856259995 1.4104323002911832
59 708 -0.5026414166344494 -0.07142284487755428 0.2015594539403326 0.4306321546083208 0.3709548500759482 0.5744862952442338 0.7707175297817089 0.8677439981408042 0.9299429976411622 1.1093967238887086 1.2212650104463778 1.2684676856259995 1.4104323002911832
60 720 -0.5026414166344494 -0.07142284487755428 0.2015594539403326 0.4306321546083208 0.3709548500759482 0.5744862952442338 0.7707175297817089 0.8677439981408042 0.9299429976411622 1.1093967238887086 1.2212650104463778 1.2684676856259995 1.4104323002911832
61 732 -0.5026414166344494 -0.07142284487755428 0.2015594539403326 0.4306321546083208 0.3709548500759482 0.5744862952442338 0.7707175297817089 0.8677439981408042 0.9299429976411622 1.1093967238887086 1.2212650104463778 1.2684676856259995 1.4104323002911832
62 744 -0.5026414166344494 -0.07142284487755428 0.2015594539403326 0.4306321546083208 0.3709548500759482 0.5744862952442338 0.7707175297817089 0.8677439981408042 0.9299429976411622 1.1093967238887086 1.2212650104463778 1.2684676856259995 1.4104323002911832
63 756 -0.5026414166344494 -0.07142284487755428 0.2015594539403326 0.4306321546083208 0.3709548500759482 0.5744862952442338 0.7707175297817089 0.8677439981408042 0.9299429976411622 1.1093967238887086 1.2212650104463778 1.2684676856259995 1.4104323002911832
64 768 -0.5344975888554235 -0.0957775839298091 0.1688123241727541 0.43947688630133863 0.31816732769839845 0.5200056788769968 0.7471735059129406 0.9115303720008955 0.9772908957790815 1.0638761585352938 1.1553255393797512 1.3181943269346255 1.442173504584095
65 780 -0.5344975888554235 -0.0957775839298091 0.1688123241727541 0.43947688630133863 0.31816732769839845 0.5200056788769968 0.7471735059129406 0.9115303720008955 0.9772908957790815 1.0638761585352938 1.1553255393797512 1.3181943269346255 1.442173504584095
66 792 -0.5344975888554235 -0.0957775839298091 0.1688123241727541 0.43947688630133863 0.31816732769839845 0.5200056788769968 0.7471735059129406 0.9115303720008955 0.9772908957790815 1.0638761585352938 1.1553255393797512 1.3181943269346255 1.442173504584095
67 804 -0.5344975888554235 -0.0957775839298091 0.1688123241727541 0.43947688630133863 0.31816732769839845 0.5200056788769968 0.7471735059129406 0.9115303720008955 0.9772908957790815 1.0638761585352938 1.1553255393797512 1.3181943269346255 1.442173504584095
68 816 -0.5344975888554235 -0.0957775839298091 0.1688123241727541 0.43947688630133863 0.31816732769839845 0.5200056788769968 0.7471735059129406 0.9115303720008955 0.9772908957790815 1.0638761585352938 1.1553255393797512 1.3181943269346255 1.442173504584095
69 828 -0.5344975888554235 -0.0957775839298091 0.1688123241727541 0.43947688630133863 0.31816732769839845 0.5200056788769968 0.7471735059129406 0.9115303720008955 0.9772908957790815 1.0638761585352938 1.1553255393797512 1.3181943269346255 1.442173504584095
70 840 -0.5344975888554235 -0.0957775839298091 0.1688123241727541 0.43947688630133863 0.31816732769839845 0.5200056788769968 0.7471735059129406 0.9115303720008955 0.9772908957790815 1.0638761585352938 1.1553255393797512 1.3181943269346255 1.442173504584095
71 852 -0.5344975888554235 -0.0957775839298091 0.1688123241727541 0.43947688630133863 0.31816732769839845 0.5200056788769968 0.7471735059129406 0.9115303720008955 0.9772908957790815 1.0638761585352938 1.1553255393797512 1.3181943269346255 1.442173504584095
72 864 -0.5344975888554235 -0.0957775839298091 0.1688123241727541 0.43947688630133863 0.31816732769839845 0.5200056788769968 0.7471735059129406 0.9115303720008955 0.9772908957790815 1.0638761585352938 1.1553255393797512 1.3181943269346255 1.442173504584095
73 876 -0.5379718436203088 -0.14149657341572006 0.18868797822712446 0.43095486993855947 0.3413718794643176 0.5045531702028005 0.7566259711932987 0.8558749704500088 1.0238476302553405 1.0682920134695872 1.131080752272383 1.3034124602259771 1.4683824458793158
74 888 -0.5379718436203088 -0.14149657341572006 0.18868797822712446 0.43095486993855947 0.3413718794643176 0.5045531702028005 0.7566259711932987 0.8558749704500088 1.0238476302553405 1.0682920134695872 1.131080752272383 1.3034124602259771 1.4683824458793158
75 900 -0.5379718436203088 -0.14149657341572006 0.18868797822712446 0.43095486993855947 0.3413718794643176 0.5045531702028005 0.7566259711932987 0.8558749704500088 1.0238476302553405 1.0682920134695872 1.131080752272383 1.3034124602259771 1.4683824458793158
76 912 -0.5379718436203088 -0.14149657341572006 0.18868797822712446 0.43095486993855947 0.3413718794643176 0.5045531702028005 0.7566259711932987 0.8558749704500088 1.0238476302553405 1.0682920134695872 1.131080752272383 1.3034124602259771 1.4683824458793158
77 924 -0.5379718436203088 -0.14149657341572006 0.18868797822712446 0.43095486993855947 0.3413718794643176 0.5045531702028005 0.7566259711932987 0.8558749704500088 1.0238476302553405 1.0682920134695872 1.131080752272383 1.3034124602259771 1.4683824458793158
78 936 -0.5379718436203088 -0.14149657341572006 0.18868797822712446 0.43095486993855947 0.3413718794643176 0.5045531702028005 0.7566259711932987 0.8558749704500088 1.0238476302553405 1.0682920134695872 1.131080752272383 1.3034124602259771 1.4683824458793158
79 948 -0.5379718436203088 -0.14149657341572006 0.18868797822712446 0.43095486993855947 0.3413718794643176 0.5045531702028005 0.7566259711932987 0.8558749704500088 1.0238476302553405 1.0682920134695872 1.131080752272383 1.3034124602259771 1.4683824458793158
80 960 -0.5379718436203088 -0.14149657341572006 0.18868797822712446 0.43095486993855947 0.3413718794643176 0.5045531702028005 0.7566259711932987 0.8558749704500088 1.0238476302553405 1.0682920134695872 1.131080752272383 1.3034124602259771 1.4683824458793158
81 972 -0.5379718436203088 -0.14149657341572006 0.18868797822712446 0.43095486993855947 0.3413718794643176 0.5045531702028005 0.7566259711932987 0.8558749704500088 1.0238476302553405 1.0682920134695872 1.131080752272383 1.3034124602259771 1.4683824458793158
82 984 -0.5162026119577166 -0.11712674786211824 0.17780209774561104 0.40309295595809486 0.3315964244821785 0.5089169635071362 0.6975848332411866 0.8989241281214778 0.936774486464966 1.0442071551580463 1.1351615045031849 1.2470070286900243 1.5889697780496022
83 996 -0.5162026119577166 -0.11712674786211824 0.17780209774561104 0.40309295595809486 0.3315964244821785 0.5089169635071362 0.6975848332411866 0.8989241281214778 0.936774486464966 1.0442071551580463 1.1351615045031849 1.2470070286900243 1.5889697780496022
84 1008 -0.5162026119577166 -0.11712674786211824 0.17780209774561104 0.40309295595809486 0.3315964244821785 0.5089169635071362 0.6975848332411866 0.8989241281214778 0.936774486464966 1.0442071551580463 1.1351615045031849 1.2470070286900243 1.5889697780496022
85 1020 -0.5162026119577166 -0.11712674786211824 0.17780209774561104 0.40309295595809486 0.3315964244821785 0.5089169635071362 0.6975848332411866 0.8989241281214778 0.936774486464966 1.0442071551580463 1.1351615045031849 1.2470070286900243 1.5889697780496022
86 1032 -0.5162026119577166 -0.11712674786211824 0.17780209774561104 0.40309295595809486 0.3315964244821785 0.5089169635071362 0.6975848332411866 0.8989241281214778 0.936774486464966 1.0442071551580463 1.1351615045031849 1.2470070286900243 1.5889697780496022
87 1044 -0.5162026119577166 -0.11712674786211824 0.17780209774561104 0.40309295595809486 0.3315964244821785 0.5089169635071362 0.6975848332411866 0.8989241281214778 0.936774486464966 1.0442071551580463 1.1351615045031849 1.2470070286900243 1.5889697780496022
88 1056 -0.5162026119577166 -0.11712674786211824 0.17780209774561104 0.40309295595809486 0.3315964244821785 0.5089169635071362 0.6975848332411866 0.8989241281214778 0.936774486464966 1.0442071551580463 1.1351615045031849 1.2470070286900243 1.5889697780496022
89 1068 -0.5162026119577166 -0.11712674786211824 0.17780209774561104 0.40309295595809486 0.3315964244821785 0.5089169635071362 0.6975848332411866 0.8989241281214778 0.936774486464966 1.0442071551580463 1.1351615045031849 1.2470070286900243 1.5889697780496022
90 1080 -0.5162026119577166 -0.11712674786211824 0.17780209774561104 0.40309295595809486 0.3315964244821785 0.5089169635071362 0.6975848332411866 0.8989241281214778 0.936774486464966 1.0442071551580463 1.1351615045031849 1.2470070286900243 1.5889697780496022
91 1092 -0.7350436799565407 -0.12395744976958072 0.1607059629221754 0.46739134294134527 0.32538827991071806 0.4580221043821847 0.666144360257632 0.8651720914294172 0.912010021745294 0.9671399157991437 1.1551929546506536 1.2697200754566549 1.6668189564900777
92 1104 -0.7350436799565407 -0.12395744976958072 0.1607059629221754 0.46739134294134527 0.32538827991071806 0.4580221043821847 0.666144360257632 0.8651720914294172 0.912010021745294 0.9671399157991437 1.1551929546506536 1.2697200754566549 1.6668189564900777
93 1116 -0.7350436799565407 -0.12395744976958072 0.1607059629221754 0.46739134294134527 0.32538827991071806 0.4580221043821847 0.666144360257632 0.8651720914294172 0.912010021745294 0.9671399157991437 1.1551929546506536 1.2697200754566549 1.6668189564900777
94 1128 -0.7350436799565407 -0.12395744976958072 0.1607059629221754 0.46739134294134527 0.32538827991071806 0.4580221043821847 0.666144360257632 0.8651720914294172 0.912010021745294 0.9671399157991437 1.1551929546506536 1.2697200754566549 1.6668189564900777
95 1140 -0.7350436799565407 -0.12395744976958072 0.1607059629221754 0.46739134294134527 0.32538827991071806 0.4580221043821847 0.666144360257632 0.8651720914294172 0.912010021745294 0.9671399157991437 1.1551929546506536 1.2697200754566549 1.6668189564900777
96 1152 -0.7350436799565407 -0.12395744976958072 0.1607059629221754 0.46739134294134527 0.32538827991071806 0.4580221043821847 0.666144360257632 0.8651720914294172 0.912010021745294 0.9671399157991437 1.1551929546506536 1.2697200754566549 1.6668189564900777
97 1164 -0.7350436799565407 -0.12395744976958072 0.1607059629221754 0.46739134294134527 0.32538827991071806 0.4580221043821847 0.666144360257632 0.8651720914294172 0.912010021745294 0.9671399157991437 1.1551929546506536 1.2697200754566549 1.6668189564900777
98 1176 -0.7350436799565407 -0.12395744976958072 0.1607059629221754 0.46739134294134527 0.32538827991071806 0.4580221043821847 0.666144360257632 0.8651720914294172 0.912010021745294 0.9671399157991437 1.1551929546506536 1.2697200754566549 1.6668189564900777
99 1188 -0.7350436799565407 -0.12395744976958072 0.1607059629221754 0.46739134294134527 0.32538827991071806 0.4580221043821847 0.666144360257632 0.8651720914294172 0.912010021745294 0.9671399157991437 1.1551929546506536 1.2697200754566549 1.6668189564900777
100 1200 -0.7365851109903875 -0.13971771495004073 0.14493831586359363 0.573258446788212 0.3382515305950709 0.4444797227241186 0.6556455818291756 0.8514632674939553 0.9051651970507003 1.0654137457182906 1.1405478472592938 1.2074487656058388 1.6792708108894758
101 1212 -0.7365851109903875 -0.13971771495004073 0.14493831586359363 0.573258446788212 0.3382515305950709 0.4444797227241186 0.6556455818291756 0.8514632674939553 0.9051651970507003 1.0654137457182906 1.1405478472592938 1.2074487656058388 1.6792708108894758
102 1224 -0.7365851109903875 -0.13971771495004073 0.14493831586359363 0.573258446788212 0.3382515305950709 0.4444797227241186 0.6556455818291756 0.8514632674939553 0.9051651970507003 1.0654137457182906 1.1405478472592938 1.2074487656058388 1.6792708108894758
103 1236 -0.7365851109903875 -0.13971771495004073 0.14493831586359363 0.573258446788212 0.3382515305950709 0.4444797227241186 0.6556455818291756 0.8514632674939553 0.9051651970507003 1.0654137457182906 1.1405478472592938 1.2074487656058388 1.6792708108894758
104 1248 -0.7365851109903875 -0.13971771495004073 0.14493831586359363 0.573258446788212 0.3382515305950709 0.4444797227241186 0.6556455818291756 0.8514632674939553 0.9051651970507003 1.0654137457182906 1.1405478472592938 1.2074487656058388 1.6792708108894758
105 1260 -0.7365851109903875 -0.13971771495004073 0.14493831586359363 0.573258446788212 0.3382515305950709 0.4444797227241186 0.6556455818291756 0.8514632674939553 0.9051651970507003 1.0654137457182906 1.1405478472592938 1.2074487656058388 1.6792708108894758
106 1272 -0.7365851109903875 -0.13971771495004073 0.14493831586359363 0.573258446788212 0.3382515305950709 0.4444797227241186 0.6556455818291756 0.8514632674939553 0.9051651970507003 1.0654137457182906 1.1405478472592938 1.2074487656058388 1.6792708108894758
107 1284 -0.7365851109903875 -0.13971771495004073 0.14493831586359363 0.573258446788212 0.3382515305950709 0.4444797227241186 0.6556455818291756 0.8514632674939553 0.9051651970507003 1.0654137457182906 1.1405478472592938 1.2074487656058388 1.6792708108894758
108 1296 -0.7365851109903875 -0.13971771495004073 0.14493831586359363 0.573258446788212 0.3382515305950709 0.4444797227241186 0.6556455818291756 0.8514632674939553 0.9051651970507003 1.0654137457182906 1.1405478472592938 1.2074487656058388 1.6792708108894758
109 1308 -0.7567966146163783 -0.20254880714414208 0.18125391096650614 0.5125602562659185 0.30287280757696855 0.44690654592140844 0.5697766281645471 0.7509695822787862 0.9594051434431307 1.0273355002445 1.0826873655746467 1.2828504279725768 1.739582786383092
110 1320 -0.7567966146163783 -0.20254880714414208 0.18125391096650614 0.5125602562659185 0.30287280757696855 0.44690654592140844 0.5697766281645471 0.7509695822787862 0.9594051434431307 1.0273355002445 1.0826873655746467 1.2828504279725768 1.739582786383092
111 1332 -0.7567966146163783 -0.20254880714414208 0.18125391096650614 0.5125602562659185 0.30287280757696855 0.44690654592140844 0.5697766281645471 0.7509695822787862 0.9594051434431307 1.0273355002445 1.0826873655746467 1.2828504279725768 1.739582786383092
112 1344 -0.7567966146163783 -0.20254880714414208 0.18125391096650614 0.5125602562659185 0.30287280757696855 0.44690654592140844 0.5697766281645471 0.7509695822787862 0.9594051434431307 1.0273355002445 1.0826873655746467 1.2828504279725768 1.739582786383092
113 1356 -0.7567966146163783 -0.20254880714414208 0.18125391096650614 0.5125602562659185 0.30287280757696855 0.44690654592140844 0.5697766281645471 0.7509695822787862 0.9594051434431307 1.0273355002445 1.0826873655746467 1.2828504279725768 1.739582786383092
114 1368 -0.7567966146163783 -0.20254880714414208 0.18125391096650614 0.5125602562659185 0.30287280757696855 0.44690654592140844 0.5697766281645471 0.7509695822787862 0.9594051434431307 1.0273355002445 1.0826873655746467 1.2828504279725768 1.739582786383092
115 1380 -0.7567966146163783 -0.20254880714414208 0.18125391096650614 0.5125602562659185 0.30287280757696855 0.44690654592140844 0.5697766281645471 0.7509695822787862 0.9594051434431307 1.0273355002445 1.0826873655746467 1.2828504279725768 1.739582786383092
116 1392 -0.7567966146163783 -0.20254880714414208 0.18125391096650614 0.5125602562659185 0.30287280757696855 0.44690654592140844 0.5697766281645471 0.7509695822787862 0.9594051434431307 1.0273355002445 1.0826873655746467 1.2828504279725768 1.739582786383092
117 1404 -0.7567966146163783 -0.20254880714414208 0.18125391096650614 0.5125602562659185 0.30287280757696855 0.44690654592140844 0.5697766281645471 0.7509695822787862 0.9594051434431307 1.0273355002445 1.0826873655746467 1.2828504279725768 1.739582786383092
118 1416 -0.7842147901440396 -0.22378550520863943 0.1966335627156221 0.5936128041798945 0.3164799734372118 0.4406972183335824 0.5707536714648833 0.8217014853028302 0.8967124380023762 0.9960092367191318 1.0576590805085582 1.3314071984842621 1.7370255751919108
119 1428 -0.7842147901440396 -0.22378550520863943 0.1966335627156221 0.5936128041798945 0.3164799734372118 0.4406972183335824 0.5707536714648833 0.8217014853028302 0.8967124380023762 0.9960092367191318 1.0576590805085582 1.3314071984842621 1.7370255751919108
120 1440 -0.7842147901440396 -0.22378550520863943 0.1966335627156221 0.5936128041798945 0.3164799734372118 0.4406972183335824 0.5707536714648833 0.8217014853028302 0.8967124380023762 0.9960092367191318 1.0576590805085582 1.3314071984842621 1.7370255751919108
121 1452 -0.7842147901440396 -0.22378550520863943 0.1966335627156221 0.5936128041798945 0.3164799734372118 0.4406972183335824 0.5707536714648833 0.8217014853028302 0.8967124380023762 0.9960092367191318 1.0576590805085582 1.3314071984842621 1.7370255751919108
122 1464 -0.7842147901440396 -0.22378550520863943 0.1966335627156221 0.5936128041798945 0.3164799734372118 0.4406972183335824 0.5707536714648833 0.8217014853028302 0.8967124380023762 0.9960092367191318 1.0576590805085582 1.3314071984842621 1.7370255751919108
123 1476 -0.7842147901440396 -0.22378550520863943 0.1966335627156221 0.5936128041798945 0.3164799734372118 0.4406972183335824 0.5707536714648833 0.8217014853028302 0.8967124380023762 0.9960092367191318 1.0576590805085582 1.3314071984842621 1.7370255751919108
124 1488 -0.7842147901440396 -0.22378550520863943 0.1966335627156221 0.5936128041798945 0.3164799734372118 0.4406972183335824 0.5707536714648833 0.8217014853028302 0.8967124380023762 0.9960092367191318 1.0576590805085582 1.3314071984842621 1.7370255751919108
125 1500 -0.7842147901440396 -0.22378550520863943 0.1966335627156221 0.5936128041798945 0.3164799734372118 0.4406972183335824 0.5707536714648833 0.8217014853028302 0.8967124380023762 0.9960092367191318 1.0576590805085582 1.3314071984842621 1.7370255751919108
126 1512 -0.7842147901440396 -0.22378550520863943 0.1966335627156221 0.5936128041798945 0.3164799734372118 0.4406972183335824 0.5707536714648833 0.8217014853028302 0.8967124380023762 0.9960092367191318 1.0576590805085582 1.3314071984842621 1.7370255751919108
127 1524 -0.8407264054083394 -0.27931229238860217 0.21975714340245966 0.5402915194197261 0.2965555839726905 0.42161188632335783 0.5687324613486311 0.7436885317952103 0.8763617257941516 0.953064578424157 1.1119347559024957 1.3216661101791716 1.7883586845893873
128 1536 -0.8407264054083394 -0.27931229238860217 0.21975714340245966 0.5402915194197261 0.2965555839726905 0.42161188632335783 0.5687324613486311 0.7436885317952103 0.8763617257941516 0.953064578424157 1.1119347559024957 1.3216661101791716 1.7883586845893873
129 1548 -0.8407264054083394 -0.27931229238860217 0.21975714340245966 0.5402915194197261 0.2965555839726905 0.42161188632335783 0.5687324613486311 0.7436885317952103 0.8763617257941516 0.953064578424157 1.1119347559024957 1.3216661101791716 1.7883586845893873
130 1560 -0.8407264054083394 -0.27931229238860217 0.21975714340245966 0.5402915194197261 0.2965555839726905 0.42161188632335783 0.5687324613486311 0.7436885317952103 0.8763617257941516 0.953064578424157 1.1119347559024957 1.3216661101791716 1.7883586845893873
131 1572 -0.8407264054083394 -0.27931229238860217 0.21975714340245966 0.5402915194197261 0.2965555839726905 0.42161188632335783 0.5687324613486311 0.7436885317952103 0.8763617257941516 0.953064578424157 1.1119347559024957 1.3216661101791716 1.7883586845893873
132 1584 -0.8407264054083394 -0.27931229238860217 0.21975714340245966 0.5402915194197261 0.2965555839726905 0.42161188632335783 0.5687324613486311 0.7436885317952103 0.8763617257941516 0.953064578424157 1.1119347559024957 1.3216661101791716 1.7883586845893873
133 1596 -0.8407264054083394 -0.27931229238860217 0.21975714340245966 0.5402915194197261 0.2965555839726905 0.42161188632335783 0.5687324613486311 0.7436885317952103 0.8763617257941516 0.953064578424157 1.1119347559024957 1.3216661101791716 1.7883586845893873
134 1608 -0.8407264054083394 -0.27931229238860217 0.21975714340245966 0.5402915194197261 0.2965555839726905 0.42161188632335783 0.5687324613486311 0.7436885317952103 0.8763617257941516 0.953064578424157 1.1119347559024957 1.3216661101791716 1.7883586845893873
135 1620 -0.8407264054083394 -0.27931229238860217 0.21975714340245966 0.5402915194197261 0.2965555839726905 0.42161188632335783 0.5687324613486311 0.7436885317952103 0.8763617257941516 0.953064578424157 1.1119347559024957 1.3216661101791716 1.7883586845893873
136 1632 -0.800559013094186 -0.2595459102426018 0.17162743237776734 0.5951799177891266 0.34269647841921674 0.4994803919672336 0.6042239722253365 0.690314840211676 0.8676595803515789 0.9722229856879964 1.1818491413700367 1.2886455059577253 1.7424212924069178
137 1644 -0.800559013094186 -0.2595459102426018 0.17162743237776734 0.5951799177891266 0.34269647841921674 0.4994803919672336 0.6042239722253365 0.690314840211676 0.8676595803515789 0.9722229856879964 1.1818491413700367 1.2886455059577253 1.7424212924069178
138 1656 -0.800559013094186 -0.2595459102426018 0.17162743237776734 0.5951799177891266 0.34269647841921674 0.4994803919672336 0.6042239722253365 0.690314840211676 0.8676595803515789 0.9722229856879964 1.1818491413700367 1.2886455059577253 1.7424212924069178
139 1668 -0.800559013094186 -0.2595459102426018 0.17162743237776734 0.5951799177891266 0.34269647841921674 0.4994803919672336 0.6042239722253365 0.690314840211676 0.8676595803515789 0.9722229856879964 1.1818491413700367 1.2886455059577253 1.7424212924069178
140 1680 -0.800559013094186 -0.2595459102426018 0.17162743237776734 0.5951799177891266 0.34269647841921674 0.4994803919672336 0.6042239722253365 0.690314840211676 0.8676595803515789 0.9722229856879964 1.1818491413700367 1.2886455059577253 1.7424212924069178
141 1692 -0.800559013094186 -0.2595459102426018 0.17162743237776734 0.5951799177891266 0.34269647841921674 0.4994803919672336 0.6042239722253365 0.690314840211676 0.8676595803515789 0.9722229856879964 1.1818491413700367 1.2886455059577253 1.7424212924069178
142 1704 -0.800559013094186 -0.2595459102426018 0.17162743237776734 0.5951799177891266 0.34269647841921674 0.4994803919672336 0.6042239722253365 0.690314840211676 0.8676595803515789 0.9722229856879964 1.1818491413700367 1.2886455059577253 1.7424212924069178
143 1716 -0.800559013094186 -0.2595459102426018 0.17162743237776734 0.5951799177891266 0.34269647841921674 0.4994803919672336 0.6042239722253365 0.690314840211676 0.8676595803515789 0.9722229856879964 1.1818491413700367 1.2886455059577253 1.7424212924069178
144 1728 -0.800559013094186 -0.2595459102426018 0.17162743237776734 0.5951799177891266 0.34269647841921674 0.4994803919672336 0.6042239722253365 0.690314840211676 0.8676595803515789 0.9722229856879964 1.1818491413700367 1.2886455059577253 1.7424212924069178
145 1740 -0.8061614320714585 -0.20269537610072388 0.15879892320368574 0.6876149879693181 0.3283779452455882 0.5326517162233281 0.5969597358115338 0.7362529224448433 0.8902169963866097 0.9435630095422348 1.1471253465253854 1.2650930618006078 1.7637648122702936
146 1752 -0.8061614320714585 -0.20269537610072388 0.15879892320368574 0.6876149879693181 0.3283779452455882 0.5326517162233281 0.5969597358115338 0.7362529224448433 0.8902169963866097 0.9435630095422348 1.1471253465253854 1.2650930618006078 1.7637648122702936
147 1764 -0.8061614320714585 -0.20269537610072388 0.15879892320368574 0.6876149879693181 0.3283779452455882 0.5326517162233281 0.5969597358115338 0.7362529224448433 0.8902169963866097 0.9435630095422348 1.1471253465253854 1.2650930618006078 1.7637648122702936
148 1776 -0.8061614320714585 -0.20269537610072388 0.15879892320368574 0.6876149879693181 0.3283779452455882 0.5326517162233281 0.5969597358115338 0.7362529224448433 0.8902169963866097 0.9435630095422348 1.1471253465253854 1.2650930618006078 1.7637648122702936
149 1788 -0.8061614320714585 -0.20269537610072388 0.15879892320368574 0.6876149879693181 0.3283779452455882 0.5326517162233281 0.5969597358115338 0.7362529224448433 0.8902169963866097 0.9435630095422348 1.1471253465253854 1.2650930618006078 1.7637648122702936
150 1800 -0.8061614320714585 -0.20269537610072388 0.15879892320368574 0.6876149879693181 0.3283779452455882 0.5326517162233281 0.5969597358115338 0.7362529224448433 0.8902169963866097 0.9435630095422348 1.1471253465253854 1.2650930618006078 1.7637648122702936
151 1812 -0.8061614320714585 -0.20269537610072388 0.15879892320368574 0.6876149879693181 0.3283779452455882 0.5326517162233281 0.5969597358115338 0.7362529224448433 0.8902169963866097 0.9435630095422348 1.1471253465253854 1.2650930618006078 1.7637648122702936
152 1824 -0.8061614320714585 -0.20269537610072388 0.15879892320368574 0.6876149879693181 0.3283779452455882 0.5326517162233281 0.5969597358115338 0.7362529224448433 0.8902169963866097 0.9435630095422348 1.1471253465253854 1.2650930618006078 1.7637648122702936
153 1836 -0.8061614320714585 -0.20269537610072388 0.15879892320368574 0.6876149879693181 0.3283779452455882 0.5326517162233281 0.5969597358115338 0.7362529224448433 0.8902169963866097 0.9435630095422348 1.1471253465253854 1.2650930618006078 1.7637648122702936
154 1848 -0.8174028483160407 -0.21232056495130747 0.13682119711767743 0.6518605775864944 0.303605938198722 0.5157086875506218 0.5473202309578267 0.7510825612477916 0.9055391302101844 0.953269157514625 1.005976028846329 1.3343405936449158 1.804718188908302
155 1860 -0.8174028483160407 -0.21232056495130747 0.13682119711767743 0.6518605775864944 0.303605938198722 0.5157086875506218 0.5473202309578267 0.7510825612477916 0.9055391302101844 0.953269157514625 1.005976028846329 1.3343405936449158 1.804718188908302
156 1872 -0.8174028483160407 -0.21232056495130747 0.13682119711767743 0.6518605775864944 0.303605938198722 0.5157086875506218 0.5473202309578267 0.7510825612477916 0.9055391302101844 0.953269157514625 1.005976028846329 1.3343405936449158 1.804718188908302
157 1884 -0.8174028483160407 -0.21232056495130747 0.13682119711767743 0.6518605775864944 0.303605938198722 0.5157086875506218 0.5473202309578267 0.7510825612477916 0.9055391302101844 0.953269157514625 1.005976028846329 1.3343405936449158 1.804718188908302
158 1896 -0.8174028483160407 -0.21232056495130747 0.13682119711767743 0.6518605775864944 0.303605938198722 0.5157086875506218 0.5473202309578267 0.7510825612477916 0.9055391302101844 0.953269157514625 1.005976028846329 1.3343405936449158 1.804718188908302
159 1908 -0.8174028483160407 -0.21232056495130747 0.13682119711767743 0.6518605775864944 0.303605938198722 0.5157086875506218 0.5473202309578267 0.7510825612477916 0.9055391302101844 0.953269157514625 1.005976028846329 1.3343405936449158 1.804718188908302
160 1920 -0.8174028483160407 -0.21232056495130747 0.13682119711767743 0.6518605775864944 0.303605938198722 0.5157086875506218 0.5473202309578267 0.7510825612477916 0.9055391302101844 0.953269157514625 1.005976028846329 1.3343405936449158 1.804718188908302
161 1932 -0.8174028483160407 -0.21232056495130747 0.13682119711767743 0.6518605775864944 0.303605938198722 0.5157086875506218 0.5473202309578267 0.7510825612477916 0.9055391302101844 0.953269157514625 1.005976028846329 1.3343405936449158 1.804718188908302
162 1944 -0.8174028483160407 -0.21232056495130747 0.13682119711767743 0.6518605775864944 0.303605938198722 0.5157086875506218 0.5473202309578267 0.7510825612477916 0.9055391302101844 0.953269157514625 1.005976028846329 1.3343405936449158 1.804718188908302
163 1956 -0.6533014784720897 -0.237106890723774 0.12034230431915383 0.6451652253853343 0.3333883053320391 0.547736542308315 0.5732718926210427 0.744721897253996 0.8696991390690233 0.9791867059674623 1.0225986031170127 1.3857451481030991 1.739081606693631
164 1968 -0.6533014784720897 -0.237106890723774 0.12034230431915383 0.6451652253853343 0.3333883053320391 0.547736542308315 0.5732718926210427 0.744721897253996 0.8696991390690233 0.9791867059674623 1.0225986031170127 1.3857451481030991 1.739081606693631
165 1980 -0.6533014784720897 -0.237106890723774 0.12034230431915383 0.6451652253853343 0.3333883053320391 0.547736542308315 0.5732718926210427 0.744721897253996 0.8696991390690233 0.9791867059674623 1.0225986031170127 1.3857451481030991 1.739081606693631
166 1992 -0.6533014784720897 -0.237106890723774 0.12034230431915383 0.6451652253853343 0.3333883053320391 0.547736542308315 0.5732718926210427 0.744721897253996 0.8696991390690233 0.9791867059674623 1.0225986031170127 1.3857451481030991 1.739081606693631
167 2004 -0.6533014784720897 -0.237106890723774 0.12034230431915383 0.6451652253853343 0.3333883053320391 0.547736542308315 0.5732718926210427 0.744721897253996 0.8696991390690233 0.9791867059674623 1.0225986031170127 1.3857451481030991 1.739081606693631
