% # columns="iteration, evaluation, sigma, beta, void,  sigvec==sigma_vec.scaling factors from diagonal decoding", seed=123450, Fri Apr 10 08:33:49 2026, <python>{}</python>
1 12 18.48580676419791 1 0 0.001 0.5 0.01 0.5 0.5 0.75 0.2 0.2 0.3
2 24 18.636751248314447 1 0 0.001 0.5 0.01 0.5 0.5 0.75 0.2 0.2 0.3
3 36 18.178442119004366 1 0 0.001 0.5 0.01 0.5 0.5 0.75 0.2 0.2 0.3
4 48 17.61180117281806 1 0 0.001 0.5 0.01 0.5 0.5 0.75 0.2 0.2 0.3
5 60 17.705246749716537 1 0 0.001 0.5 0.01 0.5 0.5 0.75 0.2 0.2 0.3
6 72 16.29678955248395 1 0 0.001 0.5 0.01 0.5 0.5 0.75 0.2 0.2 0.3
7 84 15.761144007973718 1 0 0.001 0.5 0.01 0.5 0.5 0.75 0.2 0.2 0.3
8 96 15.402662891602395 1 0 0.001 0.5 0.01 0.5 0.5 0.75 0.2 0.2 0.3
9 108 15.230284281150556 1 0 0.001 0.5 0.01 0.5 0.5 0.75 0.2 0.2 0.3
10 120 14.78007316458993 1 0 0.001 0.5 0.01 0.5 0.5 0.75 0.2 0.2 0.3
11 132 14.279781427079469 1 0 0.001 0.5 0.01 0.5 0.5 0.75 0.2 0.2 0.3
12 144 14.237079184398404 1 0 0.001 0.5 0.01 0.5 0.5 0.75 0.2 0.2 0.3
13 156 13.67967479687876 1 0 0.001 0.5 0.01 0.5 0.5 0.75 0.2 0.2 0.3
14 168 12.907420650760107 1 0 0.001 0.5 0.01 0.5 0.5 0.75 0.2 0.2 0.3
15 180 12.032315493457638 1 0 0.001 0.5 0.01 0.5 0.5 0.75 0.2 0.2 0.3
16 192 11.78962156436975 1 0 0.001 0.5 0.01 0.5 0.5 0.75 0.2 0.2 0.3
17 204 12.325965338715013 1 0 0.001 0.5 0.01 0.5 0.5 0.75 0.2 0.2 0.3
18 216 12.031877905554138 1 0 0.001 0.5 0.01 0.5 0.5 0.75 0.2 0.2 0.3
19 228 12.436033147995321 1 0 0.001 0.5 0.01 0.5 0.5 0.75 0.2 0.2 0.3
20 240 13.802335502520632 1 0 0.001 0.5 0.01 0.5 0.5 0.75 0.2 0.2 0.3
21 252 16.68581589507337 1 0 0.001 0.5 0.01 0.5 0.5 0.75 0.2 0.2 0.3
22 264 17.083052081957952 1 0 0.001 0.5 0.01 0.5 0.5 0.75 0.2 0.2 0.3
23 276 16.266632013888632 1 0 0.001 0.5 0.01 0.5 0.5 0.75 0.2 0.2 0.3
24 288 14.245880388918282 1 0 0.001 0.5 0.01 0.5 0.5 0.75 0.2 0.2 0.3
25 300 13.318138894572023 1 0 0.001 0.5 0.01 0.5 0.5 0.75 0.2 0.2 0.3
26 312 12.46241080088717 1 0 0.001 0.5 0.01 0.5 0.5 0.75 0.2 0.2 0.3
27 324 11.17123266912885 1 0 0.001 0.5 0.01 0.5 0.5 0.75 0.2 0.2 0.3
28 336 10.494375885268212 1 0 0.001 0.5 0.01 0.5 0.5 0.75 0.2 0.2 0.3
29 348 10.203092745554775 1 0 0.001 0.5 0.01 0.5 0.5 0.75 0.2 0.2 0.3
30 360 9.500487620918117 1 0 0.001 0.5 0.01 0.5 0.5 0.75 0.2 0.2 0.3
31 372 9.094406762621327 1 0 0.001 0.5 0.01 0.5 0.5 0.75 0.2 0.2 0.3
32 384 8.537627986593817 1 0 0.001 0.5 0.01 0.5 0.5 0.75 0.2 0.2 0.3
33 396 7.331667883939433 1 0 0.001 0.5 0.01 0.5 0.5 0.75 0.2 0.2 0.3
34 408 6.791567616698942 1 0 0.001 0.5 0.01 0.5 0.5 0.75 0.2 0.2 0.3
35 420 6.534088688404209 1 0 0.001 0.5 0.01 0.5 0.5 0.75 0.2 0.2 0.3
36 432 6.02028861876775 1 0 0.001 0.5 0.01 0.5 0.5 0.75 0.2 0.2 0.3
37 444 5.028777841526193 1 0 0.001 0.5 0.01 0.5 0.5 0.75 0.2 0.2 0.3
38 456 5.122220687033024 1 0 0.001 0.5 0.01 0.5 0.5 0.75 0.2 0.2 0.3
39 468 4.986128152139934 1 0 0.001 0.5 0.01 0.5 0.5 0.75 0.2 0.2 0.3
40 480 4.506007689491174 1 0 0.001 0.5 0.01 0.5 0.5 0.75 0.2 0.2 0.3
41 492 4.611881379038395 1 0 0.001 0.5 0.01 0.5 0.5 0.75 0.2 0.2 0.3
42 504 4.760827963441835 1 0 0.001 0.5 0.01 0.5 0.5 0.75 0.2 0.2 0.3
43 516 4.27461369858713 1 0 0.001 0.5 0.01 0.5 0.5 0.75 0.2 0.2 0.3
44 528 4.000700997482947 1 0 0.001 0.5 0.01 0.5 0.5 0.75 0.2 0.2 0.3
45 540 4.294193268268165 1 0 0.001 0.5 0.01 0.5 0.5 0.75 0.2 0.2 0.3
46 552 4.094377347220637 1 0 0.001 0.5 0.01 0.5 0.5 0.75 0.2 0.2 0.3
47 564 4.073752229405826 1 0 0.001 0.5 0.01 0.5 0.5 0.75 0.2 0.2 0.3
48 576 3.7988814308640073 1 0 0.001 0.5 0.01 0.5 0.5 0.75 0.2 0.2 0.3
49 588 3.570366192679486 1 0 0.001 0.5 0.01 0.5 0.5 0.75 0.2 0.2 0.3
50 600 3.1397148291817243 1 0 0.001 0.5 0.01 0.5 0.5 0.75 0.2 0.2 0.3
51 612 2.849605250152192 1 0 0.001 0.5 0.01 0.5 0.5 0.75 0.2 0.2 0.3
52 624 2.7979640498316085 1 0 0.001 0.5 0.01 0.5 0.5 0.75 0.2 0.2 0.3
53 636 2.729889607443646 1 0 0.001 0.5 0.01 0.5 0.5 0.75 0.2 0.2 0.3
54 648 2.7740456573225605 1 0 0.001 0.5 0.01 0.5 0.5 0.75 0.2 0.2 0.3
55 660 2.9014786650394133 1 0 0.001 0.5 0.01 0.5 0.5 0.75 0.2 0.2 0.3
56 672 2.9752370876312293 1 0 0.001 0.5 0.01 0.5 0.5 0.75 0.2 0.2 0.3
57 684 2.895638232953383 1 0 0.001 0.5 0.01 0.5 0.5 0.75 0.2 0.2 0.3
58 696 2.804923458379364 1 0 0.001 0.5 0.01 0.5 0.5 0.75 0.2 0.2 0.3
59 708 2.9942410744539165 1 0 0.001 0.5 0.01 0.5 0.5 0.75 0.2 0.2 0.3
60 720 3.33654432742017 1 0 0.001 0.5 0.01 0.5 0.5 0.75 0.2 0.2 0.3
61 732 3.5522019094306367 1 0 0.001 0.5 0.01 0.5 0.5 0.75 0.2 0.2 0.3
62 744 3.5722808785707505 1 0 0.001 0.5 0.01 0.5 0.5 0.75 0.2 0.2 0.3
63 756 3.833050802742659 1 0 0.001 0.5 0.01 0.5 0.5 0.75 0.2 0.2 0.3
64 768 4.498240709490186 1 0 0.001 0.5 0.01 0.5 0.5 0.75 0.2 0.2 0.3
65 780 5.215200979679046 1 0 0.001 0.5 0.01 0.5 0.5 0.75 0.2 0.2 0.3
66 792 5.745224915464057 1 0 0.001 0.5 0.01 0.5 0.5 0.75 0.2 0.2 0.3
67 804 6.875322082087664 1 0 0.001 0.5 0.01 0.5 0.5 0.75 0.2 0.2 0.3
68 816 7.308727801713167 1 0 0.001 0.5 0.01 0.5 0.5 0.75 0.2 0.2 0.3
69 828 6.689066730483699 1 0 0.001 0.5 0.01 0.5 0.5 0.75 0.2 0.2 0.3
70 840 6.5213199652102976 1 0 0.001 0.5 0.01 0.5 0.5 0.75 0.2 0.2 0.3
71 852 6.933798175994589 1 0 0.001 0.5 0.01 0.5 0.5 0.75 0.2 0.2 0.3
72 864 7.190379534326716 1 0 0.001 0.5 0.01 0.5 0.5 0.75 0.2 0.2 0.3
73 876 7.716639339080073 1 0 0.001 0.5 0.01 0.5 0.5 0.75 0.2 0.2 0.3
74 888 7.572668304698038 1 0 0.001 0.5 0.01 0.5 0.5 0.75 0.2 0.2 0.3
75 900 7.251165103013442 1 0 0.001 0.5 0.01 0.5 0.5 0.75 0.2 0.2 0.3
76 912 6.965063573355058 1 0 0.001 0.5 0.01 0.5 0.5 0.75 0.2 0.2 0.3
77 924 7.622353248174289 1 0 0.001 0.5 0.01 0.5 0.5 0.75 0.2 0.2 0.3
78 936 9.037037145289212 1 0 0.001 0.5 0.01 0.5 0.5 0.75 0.2 0.2 0.3
79 948 10.800344856042356 1 0 0.001 0.5 0.01 0.5 0.5 0.75 0.2 0.2 0.3
80 960 11.75704993614556 1 0 0.001 0.5 0.01 0.5 0.5 0.75 0.2 0.2 0.3
81 972 13.179023208907752 1 0 0.001 0.5 0.01 0.5 0.5 0.75 0.2 0.2 0.3
82 984 15.24106470414467 1 0 0.001 0.5 0.01 0.5 0.5 0.75 0.2 0.2 0.3
83 996 17.275644749946302 1 0 0.001 0.5 0.01 0.5 0.5 0.75 0.2 0.2 0.3
84 1008 18.88738502250799 1 0 0.001 0.5 0.01 0.5 0.5 0.75 0.2 0.2 0.3
85 1020 19.46503864944547 1 0 0.001 0.5 0.01 0.5 0.5 0.75 0.2 0.2 0.3
86 1032 18.640242452328064 1 0 0.001 0.5 0.01 0.5 0.5 0.75 0.2 0.2 0.3
87 1044 20.017239438499296 1 0 0.001 0.5 0.01 0.5 0.5 0.75 0.2 0.2 0.3
88 1056 21.75523035784034 1 0 0.001 0.5 0.01 0.5 0.5 0.75 0.2 0.2 0.3
89 1068 25.744405129535103 1 0 0.001 0.5 0.01 0.5 0.5 0.75 0.2 0.2 0.3
90 1080 29.46381981012673 1 0 0.001 0.5 0.01 0.5 0.5 0.75 0.2 0.2 0.3
91 1092 30.03825032787057 1 0 0.001 0.5 0.01 0.5 0.5 0.75 0.2 0.2 0.3
92 1104 29.24574900798619 1 0 0.001 0.5 0.01 0.5 0.5 0.75 0.2 0.2 0.3
93 1116 27.572162920214232 1 0 0.001 0.5 0.01 0.5 0.5 0.75 0.2 0.2 0.3
94 1128 28.90701400611874 1 0 0.001 0.5 0.01 0.5 0.5 0.75 0.2 0.2 0.3
95 1140 30.381738891897825 1 0 0.001 0.5 0.01 0.5 0.5 0.75 0.2 0.2 0.3
96 1152 32.03081008680737 1 0 0.001 0.5 0.01 0.5 0.5 0.75 0.2 0.2 0.3
97 1164 31.34264453575524 1 0 0.001 0.5 0.01 0.5 0.5 0.75 0.2 0.2 0.3
98 1176 30.067501164560312 1 0 0.001 0.5 0.01 0.5 0.5 0.75 0.2 0.2 0.3
99 1188 27.624699138804036 1 0 0.001 0.5 0.01 0.5 0.5 0.75 0.2 0.2 0.3
100 1200 25.617126708470757 1 0 0.001 0.5 0.01 0.5 0.5 0.75 0.2 0.2 0.3
101 1212 23.137300386910603 1 0 0.001 0.5 0.01 0.5 0.5 0.75 0.2 0.2 0.3
102 1224 20.751165052989496 1 0 0.001 0.5 0.01 0.5 0.5 0.75 0.2 0.2 0.3
103 1236 20.16464227327851 1 0 0.001 0.5 0.01 0.5 0.5 0.75 0.2 0.2 0.3
104 1248 17.785664060808053 1 0 0.001 0.5 0.01 0.5 0.5 0.75 0.2 0.2 0.3
105 1260 15.850335601740277 1 0 0.001 0.5 0.01 0.5 0.5 0.75 0.2 0.2 0.3
106 1272 16.614912409271334 1 0 0.001 0.5 0.01 0.5 0.5 0.75 0.2 0.2 0.3
107 1284 17.832672611610224 1 0 0.001 0.5 0.01 0.5 0.5 0.75 0.2 0.2 0.3
108 1296 17.265249799667064 1 0 0.001 0.5 0.01 0.5 0.5 0.75 0.2 0.2 0.3
109 1308 17.568419473242134 1 0 0.001 0.5 0.01 0.5 0.5 0.75 0.2 0.2 0.3
