% # columns="iteration, evaluation, min 25%tile 75%tile max correlation, correlation matrix principal axes lengths  (sorted square roots of eigenvalues of correlation matrix)", seed=123450, Fri Apr 10 08:33:49 2026
1 12 -0.08903403275083972 -0.020354330603692378 0.01863379281305576 0.03933312207849766 0.9163697505372166 0.9426484828007013 0.9778042698182992 0.998917457274006 1.0031286986693955 1.0121916093829189 1.0339340286724887 1.0379355901413896 1.0679953822577206
2 24 -0.10255199810841448 -0.02378877905652582 0.03835588379292755 0.0752441307784556 0.9163697505372166 0.9426484828007013 0.9778042698182992 0.998917457274006 1.0031286986693955 1.0121916093829189 1.0339340286724887 1.0379355901413896 1.0679953822577206
3 36 -0.13978934666967313 -0.03556235040927383 0.05532660863721803 0.11872545448150014 0.9163697505372166 0.9426484828007013 0.9778042698182992 0.998917457274006 1.0031286986693955 1.0121916093829189 1.0339340286724887 1.0379355901413896 1.0679953822577206
4 48 -0.13930841920741202 -0.041528698370020295 0.0684881067724109 0.16302968601818343 0.9163697505372166 0.9426484828007013 0.9778042698182992 0.998917457274006 1.0031286986693955 1.0121916093829189 1.0339340286724887 1.0379355901413896 1.0679953822577206
5 60 -0.1667688131832178 -0.05031272995989092 0.07881128414610658 0.18818208840299022 0.9163697505372166 0.9426484828007013 0.9778042698182992 0.998917457274006 1.0031286986693955 1.0121916093829189 1.0339340286724887 1.0379355901413896 1.0679953822577206
6 72 -0.165141309411332 -0.07153848744720473 0.09658415830177702 0.2350575259198892 0.9163697505372166 0.9426484828007013 0.9778042698182992 0.998917457274006 1.0031286986693955 1.0121916093829189 1.0339340286724887 1.0379355901413896 1.0679953822577206
7 84 -0.1753468968602342 -0.06048051553393533 0.0876042824983107 0.22895024107684112 0.9163697505372166 0.9426484828007013 0.9778042698182992 0.998917457274006 1.0031286986693955 1.0121916093829189 1.0339340286724887 1.0379355901413896 1.0679953822577206
8 96 -0.17075105371036473 -0.06879644560285872 0.09115033310051343 0.2305756799682903 0.9163697505372166 0.9426484828007013 0.9778042698182992 0.998917457274006 1.0031286986693955 1.0121916093829189 1.0339340286724887 1.0379355901413896 1.0679953822577206
9 108 -0.20790690749740268 -0.03565468080543593 0.08437834652457345 0.2213146446255235 0.9163697505372166 0.9426484828007013 0.9778042698182992 0.998917457274006 1.0031286986693955 1.0121916093829189 1.0339340286724887 1.0379355901413896 1.0679953822577206
10 120 -0.2239928527449677 -0.040860076055566644 0.08629352078455277 0.2318933580773655 0.7236879755385159 0.815064509503859 0.9082884350355137 0.9447827405967962 0.9943535075314812 1.040917477557926 1.0747122338433543 1.1809340143161775 1.2134593633460222
11 132 -0.20516619620723764 -0.03780050988086889 0.09999443597463831 0.26169623574151063 0.7236879755385159 0.815064509503859 0.9082884350355137 0.9447827405967962 0.9943535075314812 1.040917477557926 1.0747122338433543 1.1809340143161775 1.2134593633460222
12 144 -0.23621186795811455 -0.043297047116567636 0.10450804060418463 0.2901867253714254 0.7236879755385159 0.815064509503859 0.9082884350355137 0.9447827405967962 0.9943535075314812 1.040917477557926 1.0747122338433543 1.1809340143161775 1.2134593633460222
13 156 -0.22818121820995252 -0.044168597494515204 0.1064702060025673 0.29619926996843055 0.7236879755385159 0.815064509503859 0.9082884350355137 0.9447827405967962 0.9943535075314812 1.040917477557926 1.0747122338433543 1.1809340143161775 1.2134593633460222
14 168 -0.2651334452166787 -0.06006264692396773 0.10108621869778558 0.2879142508848412 0.7236879755385159 0.815064509503859 0.9082884350355137 0.9447827405967962 0.9943535075314812 1.040917477557926 1.0747122338433543 1.1809340143161775 1.2134593633460222
15 180 -0.20393143403196018 -0.07640893664191376 0.0918607468119399 0.27820309356750456 0.7236879755385159 0.815064509503859 0.9082884350355137 0.9447827405967962 0.9943535075314812 1.040917477557926 1.0747122338433543 1.1809340143161775 1.2134593633460222
16 192 -0.20082652617249894 -0.08432874363846105 0.11132551727688644 0.2956186199036855 0.7236879755385159 0.815064509503859 0.9082884350355137 0.9447827405967962 0.9943535075314812 1.040917477557926 1.0747122338433543 1.1809340143161775 1.2134593633460222
17 204 -0.24575413454530987 -0.06604281636029077 0.0926438087281396 0.30164070874270393 0.7236879755385159 0.815064509503859 0.9082884350355137 0.9447827405967962 0.9943535075314812 1.040917477557926 1.0747122338433543 1.1809340143161775 1.2134593633460222
18 216 -0.2791525997476679 -0.09199167070016653 0.1134381208470627 0.3971825193348392 0.7236879755385159 0.815064509503859 0.9082884350355137 0.9447827405967962 0.9943535075314812 1.040917477557926 1.0747122338433543 1.1809340143161775 1.2134593633460222
19 228 -0.34419543934770375 -0.09759339416870955 0.1405630405534311 0.41758899191630067 0.5484661866962872 0.7159216323702777 0.8201498595440241 0.8418376976043 0.9883218489883483 1.0874844400077999 1.1316330281281766 1.273812113601315 1.3201179726003656
20 240 -0.41288834356642234 -0.07797339754395807 0.1672840687250161 0.4790896531716321 0.5484661866962872 0.7159216323702777 0.8201498595440241 0.8418376976043 0.9883218489883483 1.0874844400077999 1.1316330281281766 1.273812113601315 1.3201179726003656
21 252 -0.4413462169474607 -0.11661504710275694 0.17002360280404166 0.5072895336643038 0.5484661866962872 0.7159216323702777 0.8201498595440241 0.8418376976043 0.9883218489883483 1.0874844400077999 1.1316330281281766 1.273812113601315 1.3201179726003656
22 264 -0.48324400739612977 -0.10035825712659027 0.16168984208189388 0.5642896114354395 0.5484661866962872 0.7159216323702777 0.8201498595440241 0.8418376976043 0.9883218489883483 1.0874844400077999 1.1316330281281766 1.273812113601315 1.3201179726003656
23 276 -0.5030948098450796 -0.10842796646549688 0.15173348186120678 0.5778334326201517 0.5484661866962872 0.7159216323702777 0.8201498595440241 0.8418376976043 0.9883218489883483 1.0874844400077999 1.1316330281281766 1.273812113601315 1.3201179726003656
24 288 -0.542235933400749 -0.16215937334069608 0.16289130210556338 0.5338748612746417 0.5484661866962872 0.7159216323702777 0.8201498595440241 0.8418376976043 0.9883218489883483 1.0874844400077999 1.1316330281281766 1.273812113601315 1.3201179726003656
25 300 -0.5895367497091931 -0.16212283439115152 0.17181311168086655 0.5198985467169496 0.5484661866962872 0.7159216323702777 0.8201498595440241 0.8418376976043 0.9883218489883483 1.0874844400077999 1.1316330281281766 1.273812113601315 1.3201179726003656
26 312 -0.6220820559921553 -0.16474546218772418 0.1590058565439663 0.5360375405436573 0.5484661866962872 0.7159216323702777 0.8201498595440241 0.8418376976043 0.9883218489883483 1.0874844400077999 1.1316330281281766 1.273812113601315 1.3201179726003656
27 324 -0.6421748506253027 -0.16450328851051466 0.16687034987147753 0.5591465617518679 0.5484661866962872 0.7159216323702777 0.8201498595440241 0.8418376976043 0.9883218489883483 1.0874844400077999 1.1316330281281766 1.273812113601315 1.3201179726003656
28 336 -0.6581702403596629 -0.16476267983021436 0.17882190262548103 0.5802634023704777 0.4942317086978852 0.5736532312669135 0.7293401094369888 0.798221868722675 0.864377887477964 0.9830155829792221 1.2355353208800957 1.3055995657617792 1.5208403326560767
29 348 -0.6626443745266652 -0.1909143758069179 0.18178806145411497 0.5787764300793138 0.4942317086978852 0.5736532312669135 0.7293401094369888 0.798221868722675 0.864377887477964 0.9830155829792221 1.2355353208800957 1.3055995657617792 1.5208403326560767
30 360 -0.6595883463471394 -0.1549631092115613 0.20085375222549828 0.5755744314961498 0.4942317086978852 0.5736532312669135 0.7293401094369888 0.798221868722675 0.864377887477964 0.9830155829792221 1.2355353208800957 1.3055995657617792 1.5208403326560767
31 372 -0.6977522657565932 -0.18326988668572253 0.19196002302324894 0.5882721864361918 0.4942317086978852 0.5736532312669135 0.7293401094369888 0.798221868722675 0.864377887477964 0.9830155829792221 1.2355353208800957 1.3055995657617792 1.5208403326560767
32 384 -0.718675864757344 -0.1678978653147874 0.21523423825175608 0.5684406222934043 0.4942317086978852 0.5736532312669135 0.7293401094369888 0.798221868722675 0.864377887477964 0.9830155829792221 1.2355353208800957 1.3055995657617792 1.5208403326560767
33 396 -0.7008290145845693 -0.15878795015440392 0.2013218995691548 0.5631601603380825 0.4942317086978852 0.5736532312669135 0.7293401094369888 0.798221868722675 0.864377887477964 0.9830155829792221 1.2355353208800957 1.3055995657617792 1.5208403326560767
34 408 -0.7254894103281961 -0.17147167223032833 0.20176667470658166 0.5690030923538146 0.4942317086978852 0.5736532312669135 0.7293401094369888 0.798221868722675 0.864377887477964 0.9830155829792221 1.2355353208800957 1.3055995657617792 1.5208403326560767
35 420 -0.718651307984999 -0.14866992968737613 0.19867032161581555 0.5485464026999072 0.4942317086978852 0.5736532312669135 0.7293401094369888 0.798221868722675 0.864377887477964 0.9830155829792221 1.2355353208800957 1.3055995657617792 1.5208403326560767
36 432 -0.7370210950669499 -0.13849628342805625 0.20859851013682337 0.5404631624498741 0.4942317086978852 0.5736532312669135 0.7293401094369888 0.798221868722675 0.864377887477964 0.9830155829792221 1.2355353208800957 1.3055995657617792 1.5208403326560767
37 444 -0.7411590999065889 -0.13906963719160353 0.19165738990977657 0.5439570082904982 0.4240563666664897 0.5606181208182757 0.7378701428038363 0.7908887810224373 0.9070208380027437 1.0369531420061062 1.1318797814282442 1.3258939062983446 1.5488127708856934
38 456 -0.7550375395316358 -0.18107961595521807 0.18052029017801263 0.5272621087289449 0.4240563666664897 0.5606181208182757 0.7378701428038363 0.7908887810224373 0.9070208380027437 1.0369531420061062 1.1318797814282442 1.3258939062983446 1.5488127708856934
39 468 -0.7570791081514724 -0.1841415819706082 0.1802330084586557 0.5047841595943974 0.4240563666664897 0.5606181208182757 0.7378701428038363 0.7908887810224373 0.9070208380027437 1.0369531420061062 1.1318797814282442 1.3258939062983446 1.5488127708856934
40 480 -0.7530638522156482 -0.17756544156679244 0.19588700780513402 0.49497668167081493 0.4240563666664897 0.5606181208182757 0.7378701428038363 0.7908887810224373 0.9070208380027437 1.0369531420061062 1.1318797814282442 1.3258939062983446 1.5488127708856934
41 492 -0.7650012868875559 -0.1647002275556988 0.21797487189852016 0.4690473324092652 0.4240563666664897 0.5606181208182757 0.7378701428038363 0.7908887810224373 0.9070208380027437 1.0369531420061062 1.1318797814282442 1.3258939062983446 1.5488127708856934
42 504 -0.7756356054972805 -0.16548642303275882 0.21469227474223906 0.46514885861254845 0.4240563666664897 0.5606181208182757 0.7378701428038363 0.7908887810224373 0.9070208380027437 1.0369531420061062 1.1318797814282442 1.3258939062983446 1.5488127708856934
43 516 -0.7994950563327734 -0.17169710516602105 0.2120840055222946 0.456634854957921 0.4240563666664897 0.5606181208182757 0.7378701428038363 0.7908887810224373 0.9070208380027437 1.0369531420061062 1.1318797814282442 1.3258939062983446 1.5488127708856934
44 528 -0.8038140689821694 -0.1519239946959346 0.20467932830296537 0.46823656698113003 0.4240563666664897 0.5606181208182757 0.7378701428038363 0.7908887810224373 0.9070208380027437 1.0369531420061062 1.1318797814282442 1.3258939062983446 1.5488127708856934
45 540 -0.8462198673943043 -0.16031027207713394 0.21945605717591687 0.5596939120712077 0.4240563666664897 0.5606181208182757 0.7378701428038363 0.7908887810224373 0.9070208380027437 1.0369531420061062 1.1318797814282442 1.3258939062983446 1.5488127708856934
46 552 -0.8780974080335189 -0.18691360133022755 0.24164276473176363 0.575692459689485 0.3258547487200995 0.444955128478458 0.7102725211877041 0.8153562980443935 0.8843601353244777 0.9847872479998879 1.0940898494665012 1.2617343961888885 1.7278991901312388
47 564 -0.8908329902231303 -0.14834573990986788 0.24961461066503793 0.5802607395970466 0.3258547487200995 0.444955128478458 0.7102725211877041 0.8153562980443935 0.8843601353244777 0.9847872479998879 1.0940898494665012 1.2617343961888885 1.7278991901312388
48 576 -0.8950937872471548 -0.16785442143934787 0.23888291545889337 0.6111191419061757 0.3258547487200995 0.444955128478458 0.7102725211877041 0.8153562980443935 0.8843601353244777 0.9847872479998879 1.0940898494665012 1.2617343961888885 1.7278991901312388
49 588 -0.8915191249711358 -0.18676572438274003 0.21868681214415758 0.5884040419242468 0.3258547487200995 0.444955128478458 0.7102725211877041 0.8153562980443935 0.8843601353244777 0.9847872479998879 1.0940898494665012 1.2617343961888885 1.7278991901312388
50 600 -0.8951420812935434 -0.18759717364408618 0.25280155238282054 0.5810694620069963 0.3258547487200995 0.444955128478458 0.7102725211877041 0.8153562980443935 0.8843601353244777 0.9847872479998879 1.0940898494665012 1.2617343961888885 1.7278991901312388
51 612 -0.9058786390916475 -0.21388037556485223 0.23325444009869006 0.574291429841273 0.3258547487200995 0.444955128478458 0.7102725211877041 0.8153562980443935 0.8843601353244777 0.9847872479998879 1.0940898494665012 1.2617343961888885 1.7278991901312388
52 624 -0.9090038055367314 -0.21174057284377723 0.24821983591874075 0.619626684424248 0.3258547487200995 0.444955128478458 0.7102725211877041 0.8153562980443935 0.8843601353244777 0.9847872479998879 1.0940898494665012 1.2617343961888885 1.7278991901312388
53 636 -0.9145358917055815 -0.20666613898150554 0.2329738433921948 0.641490443739318 0.3258547487200995 0.444955128478458 0.7102725211877041 0.8153562980443935 0.8843601353244777 0.9847872479998879 1.0940898494665012 1.2617343961888885 1.7278991901312388
54 648 -0.908654355648747 -0.20138705072731358 0.23203397620503718 0.6573923456573242 0.3258547487200995 0.444955128478458 0.7102725211877041 0.8153562980443935 0.8843601353244777 0.9847872479998879 1.0940898494665012 1.2617343961888885 1.7278991901312388
55 660 -0.9076897148012046 -0.24118609298544152 0.2219237603648836 0.6612250023064319 0.28703189327895284 0.36443425836187565 0.6496559665258715 0.7382924939934425 0.8721580092713097 0.9494020808469756 1.0991689053812295 1.333353921800225 1.7803490709558993
56 672 -0.9167595770515249 -0.2292796401296618 0.19609067167520655 0.6753450337679957 0.28703189327895284 0.36443425836187565 0.6496559665258715 0.7382924939934425 0.8721580092713097 0.9494020808469756 1.0991689053812295 1.333353921800225 1.7803490709558993
57 684 -0.9108767054332637 -0.24811445280162042 0.16355962751734496 0.6781539042395037 0.28703189327895284 0.36443425836187565 0.6496559665258715 0.7382924939934425 0.8721580092713097 0.9494020808469756 1.0991689053812295 1.333353921800225 1.7803490709558993
58 696 -0.9156646164808855 -0.2142249881633599 0.1791538655086056 0.6856344517708736 0.28703189327895284 0.36443425836187565 0.6496559665258715 0.7382924939934425 0.8721580092713097 0.9494020808469756 1.0991689053812295 1.333353921800225 1.7803490709558993
59 708 -0.9308990928469212 -0.26089868405664374 0.19868985460345384 0.6961874154201559 0.28703189327895284 0.36443425836187565 0.6496559665258715 0.7382924939934425 0.8721580092713097 0.9494020808469756 1.0991689053812295 1.333353921800225 1.7803490709558993
60 720 -0.94173413677915 -0.3259130987789579 0.2671270196234098 0.6995759369600898 0.28703189327895284 0.36443425836187565 0.6496559665258715 0.7382924939934425 0.8721580092713097 0.9494020808469756 1.0991689053812295 1.333353921800225 1.7803490709558993
61 732 -0.953266501251804 -0.35033488585804645 0.28713016875262487 0.6785372276308234 0.28703189327895284 0.36443425836187565 0.6496559665258715 0.7382924939934425 0.8721580092713097 0.9494020808469756 1.0991689053812295 1.333353921800225 1.7803490709558993
62 744 -0.9559561715386632 -0.32979308728673584 0.30152966044043206 0.6822722202047207 0.28703189327895284 0.36443425836187565 0.6496559665258715 0.7382924939934425 0.8721580092713097 0.9494020808469756 1.0991689053812295 1.333353921800225 1.7803490709558993
63 756 -0.9615226512554269 -0.3673716658876434 0.3327285868009482 0.7208367887431116 0.28703189327895284 0.36443425836187565 0.6496559665258715 0.7382924939934425 0.8721580092713097 0.9494020808469756 1.0991689053812295 1.333353921800225 1.7803490709558993
64 768 -0.9667644849446957 -0.3670346496946132 0.36402273956228054 0.7386634064608647 0.1633149556062659 0.332268666581473 0.6098176002716131 0.7072739899186774 0.7679878827452677 0.8890005333606167 0.939282838504021 1.1642474778112388 2.0911623512797752
65 780 -0.9712156151487961 -0.43209243416997173 0.39312045201655177 0.7651901887759395 0.1633149556062659 0.332268666581473 0.6098176002716131 0.7072739899186774 0.7679878827452677 0.8890005333606167 0.939282838504021 1.1642474778112388 2.0911623512797752
66 792 -0.9723684079265255 -0.4429163041363411 0.40078423957949183 0.7774084247580169 0.1633149556062659 0.332268666581473 0.6098176002716131 0.7072739899186774 0.7679878827452677 0.8890005333606167 0.939282838504021 1.1642474778112388 2.0911623512797752
67 804 -0.9754653120923162 -0.4782356422656725 0.4315463349506332 0.8162387571767291 0.1633149556062659 0.332268666581473 0.6098176002716131 0.7072739899186774 0.7679878827452677 0.8890005333606167 0.939282838504021 1.1642474778112388 2.0911623512797752
68 816 -0.9753726247799714 -0.49331170722617934 0.44158873487775274 0.833820256708206 0.1633149556062659 0.332268666581473 0.6098176002716131 0.7072739899186774 0.7679878827452677 0.8890005333606167 0.939282838504021 1.1642474778112388 2.0911623512797752
69 828 -0.9758730870587242 -0.4829483369555513 0.4557378698224137 0.8234736335548636 0.1633149556062659 0.332268666581473 0.6098176002716131 0.7072739899186774 0.7679878827452677 0.8890005333606167 0.939282838504021 1.1642474778112388 2.0911623512797752
70 840 -0.9769544921145478 -0.49339071969218024 0.4571681968688269 0.8434164799626428 0.1633149556062659 0.332268666581473 0.6098176002716131 0.7072739899186774 0.7679878827452677 0.8890005333606167 0.939282838504021 1.1642474778112388 2.0911623512797752
71 852 -0.9788040787163478 -0.5427041593111098 0.5082882337556418 0.8503646439213014 0.1633149556062659 0.332268666581473 0.6098176002716131 0.7072739899186774 0.7679878827452677 0.8890005333606167 0.939282838504021 1.1642474778112388 2.0911623512797752
72 864 -0.978227341051404 -0.5537965762789517 0.5254060420769757 0.8456187730113929 0.1633149556062659 0.332268666581473 0.6098176002716131 0.7072739899186774 0.7679878827452677 0.8890005333606167 0.939282838504021 1.1642474778112388 2.0911623512797752
73 876 -0.9802716562051544 -0.5687660441028277 0.5319217265648536 0.8624796141592513 0.1162317022662957 0.23262124397150188 0.5451073560246174 0.6134673130523821 0.6637682563085843 0.7202411555677327 0.8421491010287869 1.09660004425789 2.3211658684331655
74 888 -0.9810609827586668 -0.5577274058022654 0.5203979251639317 0.8801177717199912 0.1162317022662957 0.23262124397150188 0.5451073560246174 0.6134673130523821 0.6637682563085843 0.7202411555677327 0.8421491010287869 1.09660004425789 2.3211658684331655
75 900 -0.9803023030389252 -0.5401996957046453 0.5075106401585702 0.8904036986450827 0.1162317022662957 0.23262124397150188 0.5451073560246174 0.6134673130523821 0.6637682563085843 0.7202411555677327 0.8421491010287869 1.09660004425789 2.3211658684331655
76 912 -0.9794891120092238 -0.53076039210074 0.5123579973647755 0.9042500616598784 0.1162317022662957 0.23262124397150188 0.5451073560246174 0.6134673130523821 0.6637682563085843 0.7202411555677327 0.8421491010287869 1.09660004425789 2.3211658684331655
77 924 -0.981888310419597 -0.5559429026378928 0.5566340628182318 0.9034884746816655 0.1162317022662957 0.23262124397150188 0.5451073560246174 0.6134673130523821 0.6637682563085843 0.7202411555677327 0.8421491010287869 1.09660004425789 2.3211658684331655
78 936 -0.9821117679131163 -0.5430952253913048 0.5625844923220422 0.8922259527648172 0.1162317022662957 0.23262124397150188 0.5451073560246174 0.6134673130523821 0.6637682563085843 0.7202411555677327 0.8421491010287869 1.09660004425789 2.3211658684331655
79 948 -0.9806308221047978 -0.5194500316464932 0.5204162282712328 0.8839526231009155 0.1162317022662957 0.23262124397150188 0.5451073560246174 0.6134673130523821 0.6637682563085843 0.7202411555677327 0.8421491010287869 1.09660004425789 2.3211658684331655
80 960 -0.9820619068046816 -0.5122355830127766 0.52198929760324 0.8849353381674467 0.1162317022662957 0.23262124397150188 0.5451073560246174 0.6134673130523821 0.6637682563085843 0.7202411555677327 0.8421491010287869 1.09660004425789 2.3211658684331655
81 972 -0.9824859128488662 -0.5345743947178085 0.5200656176495948 0.8842428757321179 0.1162317022662957 0.23262124397150188 0.5451073560246174 0.6134673130523821 0.6637682563085843 0.7202411555677327 0.8421491010287869 1.09660004425789 2.3211658684331655
82 984 -0.9813401916594431 -0.5376839315522701 0.5331087875052647 0.8633157903291969 0.09148553734790318 0.22443264470648108 0.48787959099493755 0.5408959625619116 0.6841844802696732 0.7454968746905417 0.8874594821182634 1.1408961125327584 2.3016435826625785
83 996 -0.9813755285108757 -0.49434911456601943 0.5239576771628565 0.8614475413264625 0.09148553734790318 0.22443264470648108 0.48787959099493755 0.5408959625619116 0.6841844802696732 0.7454968746905417 0.8874594821182634 1.1408961125327584 2.3016435826625785
84 1008 -0.9798876953913643 -0.4604947104902286 0.5332401897830045 0.8627754940856861 0.09148553734790318 0.22443264470648108 0.48787959099493755 0.5408959625619116 0.6841844802696732 0.7454968746905417 0.8874594821182634 1.1408961125327584 2.3016435826625785
85 1020 -0.980810585821427 -0.44452867511086747 0.5044335471114394 0.8559819636687463 0.09148553734790318 0.22443264470648108 0.48787959099493755 0.5408959625619116 0.6841844802696732 0.7454968746905417 0.8874594821182634 1.1408961125327584 2.3016435826625785
86 1032 -0.9812704553508131 -0.4313841798113206 0.49765353706996385 0.8641217055833469 0.09148553734790318 0.22443264470648108 0.48787959099493755 0.5408959625619116 0.6841844802696732 0.7454968746905417 0.8874594821182634 1.1408961125327584 2.3016435826625785
87 1044 -0.9806658359237241 -0.40456886075477516 0.4163829527363408 0.8628397418946061 0.09148553734790318 0.22443264470648108 0.48787959099493755 0.5408959625619116 0.6841844802696732 0.7454968746905417 0.8874594821182634 1.1408961125327584 2.3016435826625785
88 1056 -0.9815603912722153 -0.4098888340498942 0.372523636205073 0.8682912407565024 0.09148553734790318 0.22443264470648108 0.48787959099493755 0.5408959625619116 0.6841844802696732 0.7454968746905417 0.8874594821182634 1.1408961125327584 2.3016435826625785
89 1068 -0.9827293167193606 -0.38426187524536076 0.3767708770810281 0.8800425183765717 0.09148553734790318 0.22443264470648108 0.48787959099493755 0.5408959625619116 0.6841844802696732 0.7454968746905417 0.8874594821182634 1.1408961125327584 2.3016435826625785
90 1080 -0.984608057487846 -0.3808659749738609 0.32983502379581514 0.8849278614826638 0.09148553734790318 0.22443264470648108 0.48787959099493755 0.5408959625619116 0.6841844802696732 0.7454968746905417 0.8874594821182634 1.1408961125327584 2.3016435826625785
91 1092 -0.9843022866910347 -0.3799204554931676 0.3311112706641699 0.8886152966111843 0.07722065274537436 0.22027108988202904 0.44065942447884887 0.6179873675090015 0.7785730197347429 0.877760410222089 0.9329249384765723 1.2960908574055525 2.1077449482029658
92 1104 -0.9850159720662982 -0.34876884499082605 0.3605729995741554 0.8840287972275057 0.07722065274537436 0.22027108988202904 0.44065942447884887 0.6179873675090015 0.7785730197347429 0.877760410222089 0.9329249384765723 1.2960908574055525 2.1077449482029658
93 1116 -0.9837365546250998 -0.3147823111386322 0.31726161512812223 0.8864010491717799 0.07722065274537436 0.22027108988202904 0.44065942447884887 0.6179873675090015 0.7785730197347429 0.877760410222089 0.9329249384765723 1.2960908574055525 2.1077449482029658
94 1128 -0.9853495486369145 -0.2727077871403734 0.3092834413971089 0.8852348658107861 0.07722065274537436 0.22027108988202904 0.44065942447884887 0.6179873675090015 0.7785730197347429 0.877760410222089 0.9329249384765723 1.2960908574055525 2.1077449482029658
95 1140 -0.9862218381461467 -0.24923450710792044 0.2822756082428483 0.8857245633452505 0.07722065274537436 0.22027108988202904 0.44065942447884887 0.6179873675090015 0.7785730197347429 0.877760410222089 0.9329249384765723 1.2960908574055525 2.1077449482029658
96 1152 -0.9845289137482064 -0.27589854055121826 0.30527220005373074 0.8928018980428235 0.07722065274537436 0.22027108988202904 0.44065942447884887 0.6179873675090015 0.7785730197347429 0.877760410222089 0.9329249384765723 1.2960908574055525 2.1077449482029658
97 1164 -0.9851446013038113 -0.25851993420395214 0.298685706085262 0.8953300987086574 0.07722065274537436 0.22027108988202904 0.44065942447884887 0.6179873675090015 0.7785730197347429 0.877760410222089 0.9329249384765723 1.2960908574055525 2.1077449482029658
98 1176 -0.9833604610500256 -0.2156667923849695 0.2552441595810213 0.8790393379635223 0.07722065274537436 0.22027108988202904 0.44065942447884887 0.6179873675090015 0.7785730197347429 0.877760410222089 0.9329249384765723 1.2960908574055525 2.1077449482029658
99 1188 -0.9825940044326503 -0.20924712100828008 0.2810499071114624 0.8762939031490772 0.07722065274537436 0.22027108988202904 0.44065942447884887 0.6179873675090015 0.7785730197347429 0.877760410222089 0.9329249384765723 1.2960908574055525 2.1077449482029658
100 1200 -0.9841396729909823 -0.2077678998971751 0.2704302487327672 0.873885601895901 0.06786932577253724 0.27191212424673095 0.44778237952255234 0.6813815454107449 0.8143648444588547 0.8937216828534913 1.1717074177758053 1.3738430295242012 1.8799989873756702
101 1212 -0.9856377037589622 -0.17977880749160208 0.2760569320135561 0.877833570341295 0.06786932577253724 0.27191212424673095 0.44778237952255234 0.6813815454107449 0.8143648444588547 0.8937216828534913 1.1717074177758053 1.3738430295242012 1.8799989873756702
102 1224 -0.984697002937704 -0.16419267136158328 0.25791799285549977 0.8821032694913172 0.06786932577253724 0.27191212424673095 0.44778237952255234 0.6813815454107449 0.8143648444588547 0.8937216828534913 1.1717074177758053 1.3738430295242012 1.8799989873756702
103 1236 -0.9841879028708104 -0.1520927461774821 0.23580326451154326 0.8913584867732988 0.06786932577253724 0.27191212424673095 0.44778237952255234 0.6813815454107449 0.8143648444588547 0.8937216828534913 1.1717074177758053 1.3738430295242012 1.8799989873756702
104 1248 -0.9850932589306494 -0.11775331072292503 0.241596932396736 0.9008291542222379 0.06786932577253724 0.27191212424673095 0.44778237952255234 0.6813815454107449 0.8143648444588547 0.8937216828534913 1.1717074177758053 1.3738430295242012 1.8799989873756702
105 1260 -0.9848422011013311 -0.13842704599792 0.2553714051054312 0.9018540853289874 0.06786932577253724 0.27191212424673095 0.44778237952255234 0.6813815454107449 0.8143648444588547 0.8937216828534913 1.1717074177758053 1.3738430295242012 1.8799989873756702
106 1272 -0.9866541192740771 -0.1533849800815068 0.2571083053488018 0.9009770176238876 0.06786932577253724 0.27191212424673095 0.44778237952255234 0.6813815454107449 0.8143648444588547 0.8937216828534913 1.1717074177758053 1.3738430295242012 1.8799989873756702
107 1284 -0.9867948454799035 -0.16250458724660827 0.2468922718962478 0.9051276916824212 0.06786932577253724 0.27191212424673095 0.44778237952255234 0.6813815454107449 0.8143648444588547 0.8937216828534913 1.1717074177758053 1.3738430295242012 1.8799989873756702
108 1296 -0.9875992798722203 -0.17155810530813267 0.2636091198477215 0.9137874682946915 0.06786932577253724 0.27191212424673095 0.44778237952255234 0.6813815454107449 0.8143648444588547 0.8937216828534913 1.1717074177758053 1.3738430295242012 1.8799989873756702
109 1308 -0.9873862974562619 -0.13546499978730953 0.2866241468733892 0.9149723542705672 0.06079393867701861 0.24511404669674272 0.417115049451908 0.7234085461609788 0.7766022046480362 0.9188837748878704 1.1033230871231827 1.4930665999155341 1.8289041061836275
