% # columns="iteration, evaluation, sigma, beta, void,  sigvec==sigma_vec.scaling factors from diagonal decoding", seed=74070, Mon Apr 13 08:28:16 2026, <python>{}</python>
1 12 18.394479091689256 1 0 0.00045 0.23 0.0011 0.42 0.42 0.7 0.13 0.13 0.37
2 24 17.55916393220433 1 0 0.00045 0.23 0.0011 0.42 0.42 0.7 0.13 0.13 0.37
3 36 16.494298286322554 1 0 0.00045 0.23 0.0011 0.42 0.42 0.7 0.13 0.13 0.37
4 48 15.867699172660839 1 0 0.00045 0.23 0.0011 0.42 0.42 0.7 0.13 0.13 0.37
5 60 14.867102477277207 1 0 0.00045 0.23 0.0011 0.42 0.42 0.7 0.13 0.13 0.37
6 72 15.022031982179596 1 0 0.00045 0.23 0.0011 0.42 0.42 0.7 0.13 0.13 0.37
7 84 14.573233296919124 1 0 0.00045 0.23 0.0011 0.42 0.42 0.7 0.13 0.13 0.37
8 96 13.262815217204288 1 0 0.00045 0.23 0.0011 0.42 0.42 0.7 0.13 0.13 0.37
9 108 13.293759590689117 1 0 0.00045 0.23 0.0011 0.42 0.42 0.7 0.13 0.13 0.37
10 120 14.078291024848381 1 0 0.00045 0.23 0.0011 0.42 0.42 0.7 0.13 0.13 0.37
11 132 13.510495353429201 1 0 0.00045 0.23 0.0011 0.42 0.42 0.7 0.13 0.13 0.37
12 144 13.774310196166734 1 0 0.00045 0.23 0.0011 0.42 0.42 0.7 0.13 0.13 0.37
13 156 14.087243020717606 1 0 0.00045 0.23 0.0011 0.42 0.42 0.7 0.13 0.13 0.37
14 168 13.972227733110879 1 0 0.00045 0.23 0.0011 0.42 0.42 0.7 0.13 0.13 0.37
15 180 15.452907887100773 1 0 0.00045 0.23 0.0011 0.42 0.42 0.7 0.13 0.13 0.37
16 192 16.036724205492643 1 0 0.00045 0.23 0.0011 0.42 0.42 0.7 0.13 0.13 0.37
17 204 14.788018051593744 1 0 0.00045 0.23 0.0011 0.42 0.42 0.7 0.13 0.13 0.37
18 216 14.016858073232079 1 0 0.00045 0.23 0.0011 0.42 0.42 0.7 0.13 0.13 0.37
19 228 14.13389500235025 1 0 0.00045 0.23 0.0011 0.42 0.42 0.7 0.13 0.13 0.37
20 240 13.5810698147149 1 0 0.00045 0.23 0.0011 0.42 0.42 0.7 0.13 0.13 0.37
21 252 13.591016854061987 1 0 0.00045 0.23 0.0011 0.42 0.42 0.7 0.13 0.13 0.37
22 264 12.73528859077307 1 0 0.00045 0.23 0.0011 0.42 0.42 0.7 0.13 0.13 0.37
23 276 14.406105531360323 1 0 0.00045 0.23 0.0011 0.42 0.42 0.7 0.13 0.13 0.37
24 288 14.62227865285788 1 0 0.00045 0.23 0.0011 0.42 0.42 0.7 0.13 0.13 0.37
25 300 15.716275608074728 1 0 0.00045 0.23 0.0011 0.42 0.42 0.7 0.13 0.13 0.37
26 312 16.5880033064415 1 0 0.00045 0.23 0.0011 0.42 0.42 0.7 0.13 0.13 0.37
27 324 16.290741622633615 1 0 0.00045 0.23 0.0011 0.42 0.42 0.7 0.13 0.13 0.37
28 336 16.879890081890913 1 0 0.00045 0.23 0.0011 0.42 0.42 0.7 0.13 0.13 0.37
29 348 16.796520996793625 1 0 0.00045 0.23 0.0011 0.42 0.42 0.7 0.13 0.13 0.37
30 360 14.926540596186074 1 0 0.00045 0.23 0.0011 0.42 0.42 0.7 0.13 0.13 0.37
31 372 15.495617287109608 1 0 0.00045 0.23 0.0011 0.42 0.42 0.7 0.13 0.13 0.37
32 384 16.37824763184596 1 0 0.00045 0.23 0.0011 0.42 0.42 0.7 0.13 0.13 0.37
33 396 15.739059885428334 1 0 0.00045 0.23 0.0011 0.42 0.42 0.7 0.13 0.13 0.37
34 408 14.963082156804443 1 0 0.00045 0.23 0.0011 0.42 0.42 0.7 0.13 0.13 0.37
35 420 14.92129117714956 1 0 0.00045 0.23 0.0011 0.42 0.42 0.7 0.13 0.13 0.37
36 432 14.801501639305325 1 0 0.00045 0.23 0.0011 0.42 0.42 0.7 0.13 0.13 0.37
37 444 13.033586895956853 1 0 0.00045 0.23 0.0011 0.42 0.42 0.7 0.13 0.13 0.37
38 456 13.820507535146623 1 0 0.00045 0.23 0.0011 0.42 0.42 0.7 0.13 0.13 0.37
39 468 14.476896361513395 1 0 0.00045 0.23 0.0011 0.42 0.42 0.7 0.13 0.13 0.37
40 480 16.12491478584553 1 0 0.00045 0.23 0.0011 0.42 0.42 0.7 0.13 0.13 0.37
41 492 18.666015978194192 1 0 0.00045 0.23 0.0011 0.42 0.42 0.7 0.13 0.13 0.37
42 504 20.55931646832322 1 0 0.00045 0.23 0.0011 0.42 0.42 0.7 0.13 0.13 0.37
43 516 20.985116043601785 1 0 0.00045 0.23 0.0011 0.42 0.42 0.7 0.13 0.13 0.37
44 528 21.519533540174397 1 0 0.00045 0.23 0.0011 0.42 0.42 0.7 0.13 0.13 0.37
45 540 21.28930755612368 1 0 0.00045 0.23 0.0011 0.42 0.42 0.7 0.13 0.13 0.37
46 552 22.317558251308984 1 0 0.00045 0.23 0.0011 0.42 0.42 0.7 0.13 0.13 0.37
47 564 21.965891013094243 1 0 0.00045 0.23 0.0011 0.42 0.42 0.7 0.13 0.13 0.37
48 576 21.510549846238725 1 0 0.00045 0.23 0.0011 0.42 0.42 0.7 0.13 0.13 0.37
49 588 22.279138296434116 1 0 0.00045 0.23 0.0011 0.42 0.42 0.7 0.13 0.13 0.37
50 600 23.05398877104709 1 0 0.00045 0.23 0.0011 0.42 0.42 0.7 0.13 0.13 0.37
51 612 21.29537404348588 1 0 0.00045 0.23 0.0011 0.42 0.42 0.7 0.13 0.13 0.37
52 624 21.058342476867487 1 0 0.00045 0.23 0.0011 0.42 0.42 0.7 0.13 0.13 0.37
53 636 20.046517792827974 1 0 0.00045 0.23 0.0011 0.42 0.42 0.7 0.13 0.13 0.37
54 648 18.87908757126428 1 0 0.00045 0.23 0.0011 0.42 0.42 0.7 0.13 0.13 0.37
55 660 17.871860391415687 1 0 0.00045 0.23 0.0011 0.42 0.42 0.7 0.13 0.13 0.37
56 672 16.858732808555914 1 0 0.00045 0.23 0.0011 0.42 0.42 0.7 0.13 0.13 0.37
57 684 14.826097920594732 1 0 0.00045 0.23 0.0011 0.42 0.42 0.7 0.13 0.13 0.37
58 696 14.940093800939179 1 0 0.00045 0.23 0.0011 0.42 0.42 0.7 0.13 0.13 0.37
59 708 13.885026895338147 1 0 0.00045 0.23 0.0011 0.42 0.42 0.7 0.13 0.13 0.37
60 720 14.40681687427399 1 0 0.00045 0.23 0.0011 0.42 0.42 0.7 0.13 0.13 0.37
61 732 14.528023171282525 1 0 0.00045 0.23 0.0011 0.42 0.42 0.7 0.13 0.13 0.37
62 744 13.227383190419099 1 0 0.00045 0.23 0.0011 0.42 0.42 0.7 0.13 0.13 0.37
63 756 12.693563154829457 1 0 0.00045 0.23 0.0011 0.42 0.42 0.7 0.13 0.13 0.37
64 768 12.99711793022417 1 0 0.00045 0.23 0.0011 0.42 0.42 0.7 0.13 0.13 0.37
65 780 12.163452189261191 1 0 0.00045 0.23 0.0011 0.42 0.42 0.7 0.13 0.13 0.37
66 792 11.68904644005551 1 0 0.00045 0.23 0.0011 0.42 0.42 0.7 0.13 0.13 0.37
67 804 11.33046220463441 1 0 0.00045 0.23 0.0011 0.42 0.42 0.7 0.13 0.13 0.37
68 816 10.617347142156483 1 0 0.00045 0.23 0.0011 0.42 0.42 0.7 0.13 0.13 0.37
69 828 9.986007532214021 1 0 0.00045 0.23 0.0011 0.42 0.42 0.7 0.13 0.13 0.37
70 840 9.618486458104872 1 0 0.00045 0.23 0.0011 0.42 0.42 0.7 0.13 0.13 0.37
71 852 10.35280713111666 1 0 0.00045 0.23 0.0011 0.42 0.42 0.7 0.13 0.13 0.37
72 864 11.559947895718446 1 0 0.00045 0.23 0.0011 0.42 0.42 0.7 0.13 0.13 0.37
73 876 12.082262884586296 1 0 0.00045 0.23 0.0011 0.42 0.42 0.7 0.13 0.13 0.37
74 888 11.823284345110553 1 0 0.00045 0.23 0.0011 0.42 0.42 0.7 0.13 0.13 0.37
75 900 11.811625696232502 1 0 0.00045 0.23 0.0011 0.42 0.42 0.7 0.13 0.13 0.37
76 912 11.974256061357984 1 0 0.00045 0.23 0.0011 0.42 0.42 0.7 0.13 0.13 0.37
77 924 12.002024892828903 1 0 0.00045 0.23 0.0011 0.42 0.42 0.7 0.13 0.13 0.37
78 936 13.406340063870777 1 0 0.00045 0.23 0.0011 0.42 0.42 0.7 0.13 0.13 0.37
79 948 14.178008235453976 1 0 0.00045 0.23 0.0011 0.42 0.42 0.7 0.13 0.13 0.37
80 960 16.629423209736615 1 0 0.00045 0.23 0.0011 0.42 0.42 0.7 0.13 0.13 0.37
81 972 17.625669389664946 1 0 0.00045 0.23 0.0011 0.42 0.42 0.7 0.13 0.13 0.37
82 984 18.186194198203367 1 0 0.00045 0.23 0.0011 0.42 0.42 0.7 0.13 0.13 0.37
83 996 19.33914749809571 1 0 0.00045 0.23 0.0011 0.42 0.42 0.7 0.13 0.13 0.37
84 1008 18.41085582376312 1 0 0.00045 0.23 0.0011 0.42 0.42 0.7 0.13 0.13 0.37
85 1020 16.572515028295516 1 0 0.00045 0.23 0.0011 0.42 0.42 0.7 0.13 0.13 0.37
86 1032 15.981306441322406 1 0 0.00045 0.23 0.0011 0.42 0.42 0.7 0.13 0.13 0.37
87 1044 15.579584444403984 1 0 0.00045 0.23 0.0011 0.42 0.42 0.7 0.13 0.13 0.37
88 1056 15.258467969784089 1 0 0.00045 0.23 0.0011 0.42 0.42 0.7 0.13 0.13 0.37
89 1068 14.049888563680298 1 0 0.00045 0.23 0.0011 0.42 0.42 0.7 0.13 0.13 0.37
90 1080 13.206043294178885 1 0 0.00045 0.23 0.0011 0.42 0.42 0.7 0.13 0.13 0.37
91 1092 12.892862389832247 1 0 0.00045 0.23 0.0011 0.42 0.42 0.7 0.13 0.13 0.37
92 1104 12.544475275217305 1 0 0.00045 0.23 0.0011 0.42 0.42 0.7 0.13 0.13 0.37
93 1116 11.364499612669459 1 0 0.00045 0.23 0.0011 0.42 0.42 0.7 0.13 0.13 0.37
94 1128 10.660894290297142 1 0 0.00045 0.23 0.0011 0.42 0.42 0.7 0.13 0.13 0.37
95 1140 10.645848826267342 1 0 0.00045 0.23 0.0011 0.42 0.42 0.7 0.13 0.13 0.37
96 1152 9.859827796199403 1 0 0.00045 0.23 0.0011 0.42 0.42 0.7 0.13 0.13 0.37
97 1164 9.608346599743317 1 0 0.00045 0.23 0.0011 0.42 0.42 0.7 0.13 0.13 0.37
98 1176 8.451436752759708 1 0 0.00045 0.23 0.0011 0.42 0.42 0.7 0.13 0.13 0.37
99 1188 8.252991730013441 1 0 0.00045 0.23 0.0011 0.42 0.42 0.7 0.13 0.13 0.37
100 1200 8.504371134749672 1 0 0.00045 0.23 0.0011 0.42 0.42 0.7 0.13 0.13 0.37
101 1212 9.008642187960673 1 0 0.00045 0.23 0.0011 0.42 0.42 0.7 0.13 0.13 0.37
102 1224 9.469352384930366 1 0 0.00045 0.23 0.0011 0.42 0.42 0.7 0.13 0.13 0.37
103 1236 9.521888239513038 1 0 0.00045 0.23 0.0011 0.42 0.42 0.7 0.13 0.13 0.37
104 1248 9.68493668084473 1 0 0.00045 0.23 0.0011 0.42 0.42 0.7 0.13 0.13 0.37
105 1260 9.432883126400352 1 0 0.00045 0.23 0.0011 0.42 0.42 0.7 0.13 0.13 0.37
106 1272 9.078554058136 1 0 0.00045 0.23 0.0011 0.42 0.42 0.7 0.13 0.13 0.37
107 1284 8.842313923695679 1 0 0.00045 0.23 0.0011 0.42 0.42 0.7 0.13 0.13 0.37
108 1296 8.970239917464685 1 0 0.00045 0.23 0.0011 0.42 0.42 0.7 0.13 0.13 0.37
109 1308 9.664722747828328 1 0 0.00045 0.23 0.0011 0.42 0.42 0.7 0.13 0.13 0.37
