% # columns="iteration, evaluation, sigma, beta, void,  sigvec==sigma_vec.scaling factors from diagonal decoding", seed=49380, Mon Apr 13 04:19:55 2026, <python>{}</python>
1 12 18.22223586336835 1 0 0.00045 0.23 0.0011 0.42 0.42 0.7 0.13 0.13 0.37
2 24 17.842778206037487 1 0 0.00045 0.23 0.0011 0.42 0.42 0.7 0.13 0.13 0.37
3 36 15.646740028981252 1 0 0.00045 0.23 0.0011 0.42 0.42 0.7 0.13 0.13 0.37
4 48 14.837828296073427 1 0 0.00045 0.23 0.0011 0.42 0.42 0.7 0.13 0.13 0.37
5 60 13.263469569348407 1 0 0.00045 0.23 0.0011 0.42 0.42 0.7 0.13 0.13 0.37
6 72 12.307474725882413 1 0 0.00045 0.23 0.0011 0.42 0.42 0.7 0.13 0.13 0.37
7 84 11.842780118549364 1 0 0.00045 0.23 0.0011 0.42 0.42 0.7 0.13 0.13 0.37
8 96 11.81351637599246 1 0 0.00045 0.23 0.0011 0.42 0.42 0.7 0.13 0.13 0.37
9 108 10.12023301970337 1 0 0.00045 0.23 0.0011 0.42 0.42 0.7 0.13 0.13 0.37
10 120 10.227498026224197 1 0 0.00045 0.23 0.0011 0.42 0.42 0.7 0.13 0.13 0.37
11 132 10.025701486699107 1 0 0.00045 0.23 0.0011 0.42 0.42 0.7 0.13 0.13 0.37
12 144 8.920417958999247 1 0 0.00045 0.23 0.0011 0.42 0.42 0.7 0.13 0.13 0.37
13 156 8.91482347838172 1 0 0.00045 0.23 0.0011 0.42 0.42 0.7 0.13 0.13 0.37
14 168 9.096904820955071 1 0 0.00045 0.23 0.0011 0.42 0.42 0.7 0.13 0.13 0.37
15 180 8.676369847885356 1 0 0.00045 0.23 0.0011 0.42 0.42 0.7 0.13 0.13 0.37
16 192 8.131642123376578 1 0 0.00045 0.23 0.0011 0.42 0.42 0.7 0.13 0.13 0.37
17 204 7.2480064814099165 1 0 0.00045 0.23 0.0011 0.42 0.42 0.7 0.13 0.13 0.37
18 216 7.093702302064728 1 0 0.00045 0.23 0.0011 0.42 0.42 0.7 0.13 0.13 0.37
19 228 6.576856083990128 1 0 0.00045 0.23 0.0011 0.42 0.42 0.7 0.13 0.13 0.37
20 240 6.159130263882852 1 0 0.00045 0.23 0.0011 0.42 0.42 0.7 0.13 0.13 0.37
21 252 5.564045347130402 1 0 0.00045 0.23 0.0011 0.42 0.42 0.7 0.13 0.13 0.37
22 264 5.060080821147122 1 0 0.00045 0.23 0.0011 0.42 0.42 0.7 0.13 0.13 0.37
23 276 5.085206353820794 1 0 0.00045 0.23 0.0011 0.42 0.42 0.7 0.13 0.13 0.37
24 288 4.951160039681999 1 0 0.00045 0.23 0.0011 0.42 0.42 0.7 0.13 0.13 0.37
25 300 4.987763629521993 1 0 0.00045 0.23 0.0011 0.42 0.42 0.7 0.13 0.13 0.37
26 312 5.247601907532143 1 0 0.00045 0.23 0.0011 0.42 0.42 0.7 0.13 0.13 0.37
27 324 5.40832355117904 1 0 0.00045 0.23 0.0011 0.42 0.42 0.7 0.13 0.13 0.37
28 336 5.524743438605967 1 0 0.00045 0.23 0.0011 0.42 0.42 0.7 0.13 0.13 0.37
29 348 5.326585534383291 1 0 0.00045 0.23 0.0011 0.42 0.42 0.7 0.13 0.13 0.37
30 360 5.015496524861891 1 0 0.00045 0.23 0.0011 0.42 0.42 0.7 0.13 0.13 0.37
31 372 5.166136485292933 1 0 0.00045 0.23 0.0011 0.42 0.42 0.7 0.13 0.13 0.37
32 384 4.887192443362818 1 0 0.00045 0.23 0.0011 0.42 0.42 0.7 0.13 0.13 0.37
33 396 4.863390646949861 1 0 0.00045 0.23 0.0011 0.42 0.42 0.7 0.13 0.13 0.37
34 408 4.32687274412989 1 0 0.00045 0.23 0.0011 0.42 0.42 0.7 0.13 0.13 0.37
35 420 4.642574647545591 1 0 0.00045 0.23 0.0011 0.42 0.42 0.7 0.13 0.13 0.37
36 432 4.602363414174239 1 0 0.00045 0.23 0.0011 0.42 0.42 0.7 0.13 0.13 0.37
37 444 4.662604144688747 1 0 0.00045 0.23 0.0011 0.42 0.42 0.7 0.13 0.13 0.37
38 456 4.627747629813668 1 0 0.00045 0.23 0.0011 0.42 0.42 0.7 0.13 0.13 0.37
39 468 4.647941265134453 1 0 0.00045 0.23 0.0011 0.42 0.42 0.7 0.13 0.13 0.37
40 480 4.219881271378672 1 0 0.00045 0.23 0.0011 0.42 0.42 0.7 0.13 0.13 0.37
41 492 3.9492111266469196 1 0 0.00045 0.23 0.0011 0.42 0.42 0.7 0.13 0.13 0.37
42 504 3.8174855306824442 1 0 0.00045 0.23 0.0011 0.42 0.42 0.7 0.13 0.13 0.37
43 516 3.4723756175757656 1 0 0.00045 0.23 0.0011 0.42 0.42 0.7 0.13 0.13 0.37
44 528 3.0659481608798447 1 0 0.00045 0.23 0.0011 0.42 0.42 0.7 0.13 0.13 0.37
45 540 2.769343401407396 1 0 0.00045 0.23 0.0011 0.42 0.42 0.7 0.13 0.13 0.37
46 552 2.6941835643572096 1 0 0.00045 0.23 0.0011 0.42 0.42 0.7 0.13 0.13 0.37
47 564 2.5321897597519634 1 0 0.00045 0.23 0.0011 0.42 0.42 0.7 0.13 0.13 0.37
48 576 2.458795140601446 1 0 0.00045 0.23 0.0011 0.42 0.42 0.7 0.13 0.13 0.37
49 588 2.3200101608769716 1 0 0.00045 0.23 0.0011 0.42 0.42 0.7 0.13 0.13 0.37
50 600 2.2549040640190654 1 0 0.00045 0.23 0.0011 0.42 0.42 0.7 0.13 0.13 0.37
51 612 2.403468484523488 1 0 0.00045 0.23 0.0011 0.42 0.42 0.7 0.13 0.13 0.37
52 624 2.3623285119044253 1 0 0.00045 0.23 0.0011 0.42 0.42 0.7 0.13 0.13 0.37
53 636 2.4847604182488254 1 0 0.00045 0.23 0.0011 0.42 0.42 0.7 0.13 0.13 0.37
54 648 2.660054093231172 1 0 0.00045 0.23 0.0011 0.42 0.42 0.7 0.13 0.13 0.37
55 660 2.7277347111295125 1 0 0.00045 0.23 0.0011 0.42 0.42 0.7 0.13 0.13 0.37
56 672 2.8744070903455117 1 0 0.00045 0.23 0.0011 0.42 0.42 0.7 0.13 0.13 0.37
57 684 3.085946945717938 1 0 0.00045 0.23 0.0011 0.42 0.42 0.7 0.13 0.13 0.37
58 696 3.396474607665018 1 0 0.00045 0.23 0.0011 0.42 0.42 0.7 0.13 0.13 0.37
59 708 3.783430093230084 1 0 0.00045 0.23 0.0011 0.42 0.42 0.7 0.13 0.13 0.37
60 720 4.39467270248025 1 0 0.00045 0.23 0.0011 0.42 0.42 0.7 0.13 0.13 0.37
61 732 4.557844789990648 1 0 0.00045 0.23 0.0011 0.42 0.42 0.7 0.13 0.13 0.37
62 744 4.410777843225981 1 0 0.00045 0.23 0.0011 0.42 0.42 0.7 0.13 0.13 0.37
63 756 4.425107976348583 1 0 0.00045 0.23 0.0011 0.42 0.42 0.7 0.13 0.13 0.37
64 768 4.36845216895094 1 0 0.00045 0.23 0.0011 0.42 0.42 0.7 0.13 0.13 0.37
65 780 4.344735463923175 1 0 0.00045 0.23 0.0011 0.42 0.42 0.7 0.13 0.13 0.37
66 792 4.438825328487953 1 0 0.00045 0.23 0.0011 0.42 0.42 0.7 0.13 0.13 0.37
67 804 4.772670991207368 1 0 0.00045 0.23 0.0011 0.42 0.42 0.7 0.13 0.13 0.37
68 816 4.3802778790905545 1 0 0.00045 0.23 0.0011 0.42 0.42 0.7 0.13 0.13 0.37
69 828 4.186315346412284 1 0 0.00045 0.23 0.0011 0.42 0.42 0.7 0.13 0.13 0.37
70 840 3.9682262169307005 1 0 0.00045 0.23 0.0011 0.42 0.42 0.7 0.13 0.13 0.37
71 852 3.85792063140783 1 0 0.00045 0.23 0.0011 0.42 0.42 0.7 0.13 0.13 0.37
72 864 3.7853268280212404 1 0 0.00045 0.23 0.0011 0.42 0.42 0.7 0.13 0.13 0.37
73 876 3.67408211412093 1 0 0.00045 0.23 0.0011 0.42 0.42 0.7 0.13 0.13 0.37
74 888 3.5697913680422957 1 0 0.00045 0.23 0.0011 0.42 0.42 0.7 0.13 0.13 0.37
75 900 3.32553870958492 1 0 0.00045 0.23 0.0011 0.42 0.42 0.7 0.13 0.13 0.37
76 912 3.339298785907171 1 0 0.00045 0.23 0.0011 0.42 0.42 0.7 0.13 0.13 0.37
77 924 3.1836073021305773 1 0 0.00045 0.23 0.0011 0.42 0.42 0.7 0.13 0.13 0.37
78 936 2.763384110065757 1 0 0.00045 0.23 0.0011 0.42 0.42 0.7 0.13 0.13 0.37
79 948 2.5816089100134834 1 0 0.00045 0.23 0.0011 0.42 0.42 0.7 0.13 0.13 0.37
80 960 2.4224275943926723 1 0 0.00045 0.23 0.0011 0.42 0.42 0.7 0.13 0.13 0.37
81 972 2.480801267711342 1 0 0.00045 0.23 0.0011 0.42 0.42 0.7 0.13 0.13 0.37
82 984 2.638151747444706 1 0 0.00045 0.23 0.0011 0.42 0.42 0.7 0.13 0.13 0.37
83 996 2.5937041719461185 1 0 0.00045 0.23 0.0011 0.42 0.42 0.7 0.13 0.13 0.37
84 1008 2.6574311172450638 1 0 0.00045 0.23 0.0011 0.42 0.42 0.7 0.13 0.13 0.37
85 1020 2.5185554028918213 1 0 0.00045 0.23 0.0011 0.42 0.42 0.7 0.13 0.13 0.37
86 1032 2.375046890051881 1 0 0.00045 0.23 0.0011 0.42 0.42 0.7 0.13 0.13 0.37
87 1044 2.5094670985844694 1 0 0.00045 0.23 0.0011 0.42 0.42 0.7 0.13 0.13 0.37
88 1056 2.550466850823589 1 0 0.00045 0.23 0.0011 0.42 0.42 0.7 0.13 0.13 0.37
89 1068 2.63169711237592 1 0 0.00045 0.23 0.0011 0.42 0.42 0.7 0.13 0.13 0.37
90 1080 2.9105828764111408 1 0 0.00045 0.23 0.0011 0.42 0.42 0.7 0.13 0.13 0.37
91 1092 2.9424681192403015 1 0 0.00045 0.23 0.0011 0.42 0.42 0.7 0.13 0.13 0.37
92 1104 2.974373390778162 1 0 0.00045 0.23 0.0011 0.42 0.42 0.7 0.13 0.13 0.37
93 1116 2.8136233061807845 1 0 0.00045 0.23 0.0011 0.42 0.42 0.7 0.13 0.13 0.37
94 1128 2.5400640816058977 1 0 0.00045 0.23 0.0011 0.42 0.42 0.7 0.13 0.13 0.37
95 1140 2.4153660084776885 1 0 0.00045 0.23 0.0011 0.42 0.42 0.7 0.13 0.13 0.37
96 1152 2.292503223459149 1 0 0.00045 0.23 0.0011 0.42 0.42 0.7 0.13 0.13 0.37
97 1164 2.1611692604258375 1 0 0.00045 0.23 0.0011 0.42 0.42 0.7 0.13 0.13 0.37
98 1176 2.0727917315102062 1 0 0.00045 0.23 0.0011 0.42 0.42 0.7 0.13 0.13 0.37
99 1188 2.036274982765036 1 0 0.00045 0.23 0.0011 0.42 0.42 0.7 0.13 0.13 0.37
100 1200 2.0119134770951237 1 0 0.00045 0.23 0.0011 0.42 0.42 0.7 0.13 0.13 0.37
101 1212 1.9093221060275467 1 0 0.00045 0.23 0.0011 0.42 0.42 0.7 0.13 0.13 0.37
102 1224 1.794659632445541 1 0 0.00045 0.23 0.0011 0.42 0.42 0.7 0.13 0.13 0.37
103 1236 1.5775695790803987 1 0 0.00045 0.23 0.0011 0.42 0.42 0.7 0.13 0.13 0.37
104 1248 1.4195298726732577 1 0 0.00045 0.23 0.0011 0.42 0.42 0.7 0.13 0.13 0.37
105 1260 1.2754893466351491 1 0 0.00045 0.23 0.0011 0.42 0.42 0.7 0.13 0.13 0.37
106 1272 1.1899768128142045 1 0 0.00045 0.23 0.0011 0.42 0.42 0.7 0.13 0.13 0.37
107 1284 1.2353907466845382 1 0 0.00045 0.23 0.0011 0.42 0.42 0.7 0.13 0.13 0.37
108 1296 1.3526504686919445 1 0 0.00045 0.23 0.0011 0.42 0.42 0.7 0.13 0.13 0.37
109 1308 1.3961344017204957 1 0 0.00045 0.23 0.0011 0.42 0.42 0.7 0.13 0.13 0.37
