% # columns="iteration, evaluation, min 25%tile 75%tile max correlation, correlation matrix principal axes lengths  (sorted square roots of eigenvalues of correlation matrix)", seed=98760, Mon Apr 13 12:38:37 2026
1 12 -0.10749761812843492 -0.015078110767921121 0.02314624039241981 0.05663999080589213 0.8927490149832679 0.9594505846638908 0.9700043971330133 0.9842210770342282 0.9929095510836115 1.0161030811727898 1.037108412593877 1.0586503549417734 1.076189960557844
2 24 -0.10749761812843492 -0.015078110767921121 0.02314624039241981 0.05663999080589213 0.8927490149832679 0.9594505846638908 0.9700043971330133 0.9842210770342282 0.9929095510836115 1.0161030811727898 1.037108412593877 1.0586503549417734 1.076189960557844
3 36 -0.10749761812843492 -0.015078110767921121 0.02314624039241981 0.05663999080589213 0.8927490149832679 0.9594505846638908 0.9700043971330133 0.9842210770342282 0.9929095510836115 1.0161030811727898 1.037108412593877 1.0586503549417734 1.076189960557844
4 48 -0.10749761812843492 -0.015078110767921121 0.02314624039241981 0.05663999080589213 0.8927490149832679 0.9594505846638908 0.9700043971330133 0.9842210770342282 0.9929095510836115 1.0161030811727898 1.037108412593877 1.0586503549417734 1.076189960557844
5 60 -0.10749761812843492 -0.015078110767921121 0.02314624039241981 0.05663999080589213 0.8927490149832679 0.9594505846638908 0.9700043971330133 0.9842210770342282 0.9929095510836115 1.0161030811727898 1.037108412593877 1.0586503549417734 1.076189960557844
6 72 -0.10749761812843492 -0.015078110767921121 0.02314624039241981 0.05663999080589213 0.8927490149832679 0.9594505846638908 0.9700043971330133 0.9842210770342282 0.9929095510836115 1.0161030811727898 1.037108412593877 1.0586503549417734 1.076189960557844
7 84 -0.10749761812843492 -0.015078110767921121 0.02314624039241981 0.05663999080589213 0.8927490149832679 0.9594505846638908 0.9700043971330133 0.9842210770342282 0.9929095510836115 1.0161030811727898 1.037108412593877 1.0586503549417734 1.076189960557844
8 96 -0.10749761812843492 -0.015078110767921121 0.02314624039241981 0.05663999080589213 0.8927490149832679 0.9594505846638908 0.9700043971330133 0.9842210770342282 0.9929095510836115 1.0161030811727898 1.037108412593877 1.0586503549417734 1.076189960557844
9 108 -0.10749761812843492 -0.015078110767921121 0.02314624039241981 0.05663999080589213 0.8927490149832679 0.9594505846638908 0.9700043971330133 0.9842210770342282 0.9929095510836115 1.0161030811727898 1.037108412593877 1.0586503549417734 1.076189960557844
10 120 -0.23639945083068453 -0.08485714545965918 0.09145723394442792 0.16017789473176847 0.7093495088934001 0.8466343039504688 0.8678906046636221 0.9067185886105125 1.0101705453281102 1.029466200789017 1.1097875286606995 1.1544946576255324 1.2489713633785153
11 132 -0.23639945083068453 -0.08485714545965918 0.09145723394442792 0.16017789473176847 0.7093495088934001 0.8466343039504688 0.8678906046636221 0.9067185886105125 1.0101705453281102 1.029466200789017 1.1097875286606995 1.1544946576255324 1.2489713633785153
12 144 -0.23639945083068453 -0.08485714545965918 0.09145723394442792 0.16017789473176847 0.7093495088934001 0.8466343039504688 0.8678906046636221 0.9067185886105125 1.0101705453281102 1.029466200789017 1.1097875286606995 1.1544946576255324 1.2489713633785153
13 156 -0.23639945083068453 -0.08485714545965918 0.09145723394442792 0.16017789473176847 0.7093495088934001 0.8466343039504688 0.8678906046636221 0.9067185886105125 1.0101705453281102 1.029466200789017 1.1097875286606995 1.1544946576255324 1.2489713633785153
14 168 -0.23639945083068453 -0.08485714545965918 0.09145723394442792 0.16017789473176847 0.7093495088934001 0.8466343039504688 0.8678906046636221 0.9067185886105125 1.0101705453281102 1.029466200789017 1.1097875286606995 1.1544946576255324 1.2489713633785153
15 180 -0.23639945083068453 -0.08485714545965918 0.09145723394442792 0.16017789473176847 0.7093495088934001 0.8466343039504688 0.8678906046636221 0.9067185886105125 1.0101705453281102 1.029466200789017 1.1097875286606995 1.1544946576255324 1.2489713633785153
16 192 -0.23639945083068453 -0.08485714545965918 0.09145723394442792 0.16017789473176847 0.7093495088934001 0.8466343039504688 0.8678906046636221 0.9067185886105125 1.0101705453281102 1.029466200789017 1.1097875286606995 1.1544946576255324 1.2489713633785153
17 204 -0.23639945083068453 -0.08485714545965918 0.09145723394442792 0.16017789473176847 0.7093495088934001 0.8466343039504688 0.8678906046636221 0.9067185886105125 1.0101705453281102 1.029466200789017 1.1097875286606995 1.1544946576255324 1.2489713633785153
18 216 -0.23639945083068453 -0.08485714545965918 0.09145723394442792 0.16017789473176847 0.7093495088934001 0.8466343039504688 0.8678906046636221 0.9067185886105125 1.0101705453281102 1.029466200789017 1.1097875286606995 1.1544946576255324 1.2489713633785153
19 228 -0.2778940040633628 -0.12118248489923877 0.12607539856606242 0.5341995417826757 0.46782044813475676 0.7949410081773526 0.8133789814580258 0.9131241194845108 0.9986109624224079 1.048135591599736 1.133007235228378 1.1771824898320316 1.3742473266001214
20 240 -0.2778940040633628 -0.12118248489923877 0.12607539856606242 0.5341995417826757 0.46782044813475676 0.7949410081773526 0.8133789814580258 0.9131241194845108 0.9986109624224079 1.048135591599736 1.133007235228378 1.1771824898320316 1.3742473266001214
21 252 -0.2778940040633628 -0.12118248489923877 0.12607539856606242 0.5341995417826757 0.46782044813475676 0.7949410081773526 0.8133789814580258 0.9131241194845108 0.9986109624224079 1.048135591599736 1.133007235228378 1.1771824898320316 1.3742473266001214
22 264 -0.2778940040633628 -0.12118248489923877 0.12607539856606242 0.5341995417826757 0.46782044813475676 0.7949410081773526 0.8133789814580258 0.9131241194845108 0.9986109624224079 1.048135591599736 1.133007235228378 1.1771824898320316 1.3742473266001214
23 276 -0.2778940040633628 -0.12118248489923877 0.12607539856606242 0.5341995417826757 0.46782044813475676 0.7949410081773526 0.8133789814580258 0.9131241194845108 0.9986109624224079 1.048135591599736 1.133007235228378 1.1771824898320316 1.3742473266001214
24 288 -0.2778940040633628 -0.12118248489923877 0.12607539856606242 0.5341995417826757 0.46782044813475676 0.7949410081773526 0.8133789814580258 0.9131241194845108 0.9986109624224079 1.048135591599736 1.133007235228378 1.1771824898320316 1.3742473266001214
25 300 -0.2778940040633628 -0.12118248489923877 0.12607539856606242 0.5341995417826757 0.46782044813475676 0.7949410081773526 0.8133789814580258 0.9131241194845108 0.9986109624224079 1.048135591599736 1.133007235228378 1.1771824898320316 1.3742473266001214
26 312 -0.2778940040633628 -0.12118248489923877 0.12607539856606242 0.5341995417826757 0.46782044813475676 0.7949410081773526 0.8133789814580258 0.9131241194845108 0.9986109624224079 1.048135591599736 1.133007235228378 1.1771824898320316 1.3742473266001214
27 324 -0.2778940040633628 -0.12118248489923877 0.12607539856606242 0.5341995417826757 0.46782044813475676 0.7949410081773526 0.8133789814580258 0.9131241194845108 0.9986109624224079 1.048135591599736 1.133007235228378 1.1771824898320316 1.3742473266001214
28 336 -0.3573618249708577 -0.13473299124729587 0.1173201154745308 0.802168716337792 0.2756008651116833 0.7093933482921235 0.7840069030994062 0.8992112227926791 0.9657972961255072 1.0321828828194684 1.1275826049821027 1.2204254884380905 1.4961653546878875
29 348 -0.3573618249708577 -0.13473299124729587 0.1173201154745308 0.802168716337792 0.2756008651116833 0.7093933482921235 0.7840069030994062 0.8992112227926791 0.9657972961255072 1.0321828828194684 1.1275826049821027 1.2204254884380905 1.4961653546878875
30 360 -0.3573618249708577 -0.13473299124729587 0.1173201154745308 0.802168716337792 0.2756008651116833 0.7093933482921235 0.7840069030994062 0.8992112227926791 0.9657972961255072 1.0321828828194684 1.1275826049821027 1.2204254884380905 1.4961653546878875
31 372 -0.3573618249708577 -0.13473299124729587 0.1173201154745308 0.802168716337792 0.2756008651116833 0.7093933482921235 0.7840069030994062 0.8992112227926791 0.9657972961255072 1.0321828828194684 1.1275826049821027 1.2204254884380905 1.4961653546878875
32 384 -0.3573618249708577 -0.13473299124729587 0.1173201154745308 0.802168716337792 0.2756008651116833 0.7093933482921235 0.7840069030994062 0.8992112227926791 0.9657972961255072 1.0321828828194684 1.1275826049821027 1.2204254884380905 1.4961653546878875
33 396 -0.3573618249708577 -0.13473299124729587 0.1173201154745308 0.802168716337792 0.2756008651116833 0.7093933482921235 0.7840069030994062 0.8992112227926791 0.9657972961255072 1.0321828828194684 1.1275826049821027 1.2204254884380905 1.4961653546878875
34 408 -0.3573618249708577 -0.13473299124729587 0.1173201154745308 0.802168716337792 0.2756008651116833 0.7093933482921235 0.7840069030994062 0.8992112227926791 0.9657972961255072 1.0321828828194684 1.1275826049821027 1.2204254884380905 1.4961653546878875
35 420 -0.3573618249708577 -0.13473299124729587 0.1173201154745308 0.802168716337792 0.2756008651116833 0.7093933482921235 0.7840069030994062 0.8992112227926791 0.9657972961255072 1.0321828828194684 1.1275826049821027 1.2204254884380905 1.4961653546878875
36 432 -0.3573618249708577 -0.13473299124729587 0.1173201154745308 0.802168716337792 0.2756008651116833 0.7093933482921235 0.7840069030994062 0.8992112227926791 0.9657972961255072 1.0321828828194684 1.1275826049821027 1.2204254884380905 1.4961653546878875
37 444 -0.5217917921226107 -0.1571123061190668 0.11873590737327447 0.9033051147008784 0.17901572581390263 0.6045209934245067 0.7266966695647712 0.8517309439309094 0.8991599003345869 0.9974088329420129 1.1220188762445613 1.219905405818024 1.6728913963018655
38 456 -0.5217917921226107 -0.1571123061190668 0.11873590737327447 0.9033051147008784 0.17901572581390263 0.6045209934245067 0.7266966695647712 0.8517309439309094 0.8991599003345869 0.9974088329420129 1.1220188762445613 1.219905405818024 1.6728913963018655
39 468 -0.5217917921226107 -0.1571123061190668 0.11873590737327447 0.9033051147008784 0.17901572581390263 0.6045209934245067 0.7266966695647712 0.8517309439309094 0.8991599003345869 0.9974088329420129 1.1220188762445613 1.219905405818024 1.6728913963018655
40 480 -0.5217917921226107 -0.1571123061190668 0.11873590737327447 0.9033051147008784 0.17901572581390263 0.6045209934245067 0.7266966695647712 0.8517309439309094 0.8991599003345869 0.9974088329420129 1.1220188762445613 1.219905405818024 1.6728913963018655
41 492 -0.5217917921226107 -0.1571123061190668 0.11873590737327447 0.9033051147008784 0.17901572581390263 0.6045209934245067 0.7266966695647712 0.8517309439309094 0.8991599003345869 0.9974088329420129 1.1220188762445613 1.219905405818024 1.6728913963018655
42 504 -0.5217917921226107 -0.1571123061190668 0.11873590737327447 0.9033051147008784 0.17901572581390263 0.6045209934245067 0.7266966695647712 0.8517309439309094 0.8991599003345869 0.9974088329420129 1.1220188762445613 1.219905405818024 1.6728913963018655
43 516 -0.5217917921226107 -0.1571123061190668 0.11873590737327447 0.9033051147008784 0.17901572581390263 0.6045209934245067 0.7266966695647712 0.8517309439309094 0.8991599003345869 0.9974088329420129 1.1220188762445613 1.219905405818024 1.6728913963018655
44 528 -0.5217917921226107 -0.1571123061190668 0.11873590737327447 0.9033051147008784 0.17901572581390263 0.6045209934245067 0.7266966695647712 0.8517309439309094 0.8991599003345869 0.9974088329420129 1.1220188762445613 1.219905405818024 1.6728913963018655
45 540 -0.5217917921226107 -0.1571123061190668 0.11873590737327447 0.9033051147008784 0.17901572581390263 0.6045209934245067 0.7266966695647712 0.8517309439309094 0.8991599003345869 0.9974088329420129 1.1220188762445613 1.219905405818024 1.6728913963018655
46 552 -0.6225774733924836 -0.12349413456618728 0.17877793954826354 0.9531442570873772 0.11264709947122807 0.5121562173397832 0.6588126211949266 0.7120635679080395 0.7974451358922933 0.9898918548393212 1.0485348765803602 1.1961242072074565 1.9073528540688793
47 564 -0.6225774733924836 -0.12349413456618728 0.17877793954826354 0.9531442570873772 0.11264709947122807 0.5121562173397832 0.6588126211949266 0.7120635679080395 0.7974451358922933 0.9898918548393212 1.0485348765803602 1.1961242072074565 1.9073528540688793
48 576 -0.6225774733924836 -0.12349413456618728 0.17877793954826354 0.9531442570873772 0.11264709947122807 0.5121562173397832 0.6588126211949266 0.7120635679080395 0.7974451358922933 0.9898918548393212 1.0485348765803602 1.1961242072074565 1.9073528540688793
49 588 -0.6225774733924836 -0.12349413456618728 0.17877793954826354 0.9531442570873772 0.11264709947122807 0.5121562173397832 0.6588126211949266 0.7120635679080395 0.7974451358922933 0.9898918548393212 1.0485348765803602 1.1961242072074565 1.9073528540688793
50 600 -0.6225774733924836 -0.12349413456618728 0.17877793954826354 0.9531442570873772 0.11264709947122807 0.5121562173397832 0.6588126211949266 0.7120635679080395 0.7974451358922933 0.9898918548393212 1.0485348765803602 1.1961242072074565 1.9073528540688793
51 612 -0.6225774733924836 -0.12349413456618728 0.17877793954826354 0.9531442570873772 0.11264709947122807 0.5121562173397832 0.6588126211949266 0.7120635679080395 0.7974451358922933 0.9898918548393212 1.0485348765803602 1.1961242072074565 1.9073528540688793
52 624 -0.6225774733924836 -0.12349413456618728 0.17877793954826354 0.9531442570873772 0.11264709947122807 0.5121562173397832 0.6588126211949266 0.7120635679080395 0.7974451358922933 0.9898918548393212 1.0485348765803602 1.1961242072074565 1.9073528540688793
53 636 -0.6225774733924836 -0.12349413456618728 0.17877793954826354 0.9531442570873772 0.11264709947122807 0.5121562173397832 0.6588126211949266 0.7120635679080395 0.7974451358922933 0.9898918548393212 1.0485348765803602 1.1961242072074565 1.9073528540688793
54 648 -0.6225774733924836 -0.12349413456618728 0.17877793954826354 0.9531442570873772 0.11264709947122807 0.5121562173397832 0.6588126211949266 0.7120635679080395 0.7974451358922933 0.9898918548393212 1.0485348765803602 1.1961242072074565 1.9073528540688793
55 660 -0.7199269344696292 -0.33709740540727073 0.17087441461163722 0.9775884919498212 0.07393071779806877 0.4156948738235701 0.5804533781814215 0.613446714794833 0.7195625431641505 0.9614631824320212 1.0363196452229668 1.1270322094421263 2.078977467847029
56 672 -0.7199269344696292 -0.33709740540727073 0.17087441461163722 0.9775884919498212 0.07393071779806877 0.4156948738235701 0.5804533781814215 0.613446714794833 0.7195625431641505 0.9614631824320212 1.0363196452229668 1.1270322094421263 2.078977467847029
57 684 -0.7199269344696292 -0.33709740540727073 0.17087441461163722 0.9775884919498212 0.07393071779806877 0.4156948738235701 0.5804533781814215 0.613446714794833 0.7195625431641505 0.9614631824320212 1.0363196452229668 1.1270322094421263 2.078977467847029
58 696 -0.7199269344696292 -0.33709740540727073 0.17087441461163722 0.9775884919498212 0.07393071779806877 0.4156948738235701 0.5804533781814215 0.613446714794833 0.7195625431641505 0.9614631824320212 1.0363196452229668 1.1270322094421263 2.078977467847029
59 708 -0.7199269344696292 -0.33709740540727073 0.17087441461163722 0.9775884919498212 0.07393071779806877 0.4156948738235701 0.5804533781814215 0.613446714794833 0.7195625431641505 0.9614631824320212 1.0363196452229668 1.1270322094421263 2.078977467847029
60 720 -0.7199269344696292 -0.33709740540727073 0.17087441461163722 0.9775884919498212 0.07393071779806877 0.4156948738235701 0.5804533781814215 0.613446714794833 0.7195625431641505 0.9614631824320212 1.0363196452229668 1.1270322094421263 2.078977467847029
61 732 -0.7199269344696292 -0.33709740540727073 0.17087441461163722 0.9775884919498212 0.07393071779806877 0.4156948738235701 0.5804533781814215 0.613446714794833 0.7195625431641505 0.9614631824320212 1.0363196452229668 1.1270322094421263 2.078977467847029
62 744 -0.7199269344696292 -0.33709740540727073 0.17087441461163722 0.9775884919498212 0.07393071779806877 0.4156948738235701 0.5804533781814215 0.613446714794833 0.7195625431641505 0.9614631824320212 1.0363196452229668 1.1270322094421263 2.078977467847029
63 756 -0.7199269344696292 -0.33709740540727073 0.17087441461163722 0.9775884919498212 0.07393071779806877 0.4156948738235701 0.5804533781814215 0.613446714794833 0.7195625431641505 0.9614631824320212 1.0363196452229668 1.1270322094421263 2.078977467847029
64 768 -0.8053104258562731 -0.37270363893949493 0.15350558252236182 0.9829593982350848 0.06162106965179652 0.31781649807036927 0.4670152364593116 0.5475318175287837 0.5882240447703042 0.9709861044209607 1.034107924586169 1.0871438105866407 2.1993678156744156
65 780 -0.8053104258562731 -0.37270363893949493 0.15350558252236182 0.9829593982350848 0.06162106965179652 0.31781649807036927 0.4670152364593116 0.5475318175287837 0.5882240447703042 0.9709861044209607 1.034107924586169 1.0871438105866407 2.1993678156744156
66 792 -0.8053104258562731 -0.37270363893949493 0.15350558252236182 0.9829593982350848 0.06162106965179652 0.31781649807036927 0.4670152364593116 0.5475318175287837 0.5882240447703042 0.9709861044209607 1.034107924586169 1.0871438105866407 2.1993678156744156
67 804 -0.8053104258562731 -0.37270363893949493 0.15350558252236182 0.9829593982350848 0.06162106965179652 0.31781649807036927 0.4670152364593116 0.5475318175287837 0.5882240447703042 0.9709861044209607 1.034107924586169 1.0871438105866407 2.1993678156744156
68 816 -0.8053104258562731 -0.37270363893949493 0.15350558252236182 0.9829593982350848 0.06162106965179652 0.31781649807036927 0.4670152364593116 0.5475318175287837 0.5882240447703042 0.9709861044209607 1.034107924586169 1.0871438105866407 2.1993678156744156
69 828 -0.8053104258562731 -0.37270363893949493 0.15350558252236182 0.9829593982350848 0.06162106965179652 0.31781649807036927 0.4670152364593116 0.5475318175287837 0.5882240447703042 0.9709861044209607 1.034107924586169 1.0871438105866407 2.1993678156744156
70 840 -0.8053104258562731 -0.37270363893949493 0.15350558252236182 0.9829593982350848 0.06162106965179652 0.31781649807036927 0.4670152364593116 0.5475318175287837 0.5882240447703042 0.9709861044209607 1.034107924586169 1.0871438105866407 2.1993678156744156
71 852 -0.8053104258562731 -0.37270363893949493 0.15350558252236182 0.9829593982350848 0.06162106965179652 0.31781649807036927 0.4670152364593116 0.5475318175287837 0.5882240447703042 0.9709861044209607 1.034107924586169 1.0871438105866407 2.1993678156744156
72 864 -0.8053104258562731 -0.37270363893949493 0.15350558252236182 0.9829593982350848 0.06162106965179652 0.31781649807036927 0.4670152364593116 0.5475318175287837 0.5882240447703042 0.9709861044209607 1.034107924586169 1.0871438105866407 2.1993678156744156
73 876 -0.8938366229375053 -0.43124724684327087 0.13689231333488866 0.9900418981864674 0.05388480123387598 0.20335233632912045 0.3663642910917255 0.42751744512861894 0.503638430039843 0.9385137240465259 1.0169490690690148 1.1089409418648895 2.2891822111330122
74 888 -0.8938366229375053 -0.43124724684327087 0.13689231333488866 0.9900418981864674 0.05388480123387598 0.20335233632912045 0.3663642910917255 0.42751744512861894 0.503638430039843 0.9385137240465259 1.0169490690690148 1.1089409418648895 2.2891822111330122
75 900 -0.8938366229375053 -0.43124724684327087 0.13689231333488866 0.9900418981864674 0.05388480123387598 0.20335233632912045 0.3663642910917255 0.42751744512861894 0.503638430039843 0.9385137240465259 1.0169490690690148 1.1089409418648895 2.2891822111330122
76 912 -0.8938366229375053 -0.43124724684327087 0.13689231333488866 0.9900418981864674 0.05388480123387598 0.20335233632912045 0.3663642910917255 0.42751744512861894 0.503638430039843 0.9385137240465259 1.0169490690690148 1.1089409418648895 2.2891822111330122
77 924 -0.8938366229375053 -0.43124724684327087 0.13689231333488866 0.9900418981864674 0.05388480123387598 0.20335233632912045 0.3663642910917255 0.42751744512861894 0.503638430039843 0.9385137240465259 1.0169490690690148 1.1089409418648895 2.2891822111330122
78 936 -0.8938366229375053 -0.43124724684327087 0.13689231333488866 0.9900418981864674 0.05388480123387598 0.20335233632912045 0.3663642910917255 0.42751744512861894 0.503638430039843 0.9385137240465259 1.0169490690690148 1.1089409418648895 2.2891822111330122
79 948 -0.8938366229375053 -0.43124724684327087 0.13689231333488866 0.9900418981864674 0.05388480123387598 0.20335233632912045 0.3663642910917255 0.42751744512861894 0.503638430039843 0.9385137240465259 1.0169490690690148 1.1089409418648895 2.2891822111330122
80 960 -0.8938366229375053 -0.43124724684327087 0.13689231333488866 0.9900418981864674 0.05388480123387598 0.20335233632912045 0.3663642910917255 0.42751744512861894 0.503638430039843 0.9385137240465259 1.0169490690690148 1.1089409418648895 2.2891822111330122
81 972 -0.8938366229375053 -0.43124724684327087 0.13689231333488866 0.9900418981864674 0.05388480123387598 0.20335233632912045 0.3663642910917255 0.42751744512861894 0.503638430039843 0.9385137240465259 1.0169490690690148 1.1089409418648895 2.2891822111330122
82 984 -0.9459094244283139 -0.5398504805057129 0.1860011266946273 0.9929635193043393 0.047131152321695416 0.1452132750994436 0.2705023843268785 0.32946943087357794 0.42604741382689376 0.8990390393309227 1.0100139893743862 1.078877682755214 2.370881103568916
83 996 -0.9459094244283139 -0.5398504805057129 0.1860011266946273 0.9929635193043393 0.047131152321695416 0.1452132750994436 0.2705023843268785 0.32946943087357794 0.42604741382689376 0.8990390393309227 1.0100139893743862 1.078877682755214 2.370881103568916
84 1008 -0.9459094244283139 -0.5398504805057129 0.1860011266946273 0.9929635193043393 0.047131152321695416 0.1452132750994436 0.2705023843268785 0.32946943087357794 0.42604741382689376 0.8990390393309227 1.0100139893743862 1.078877682755214 2.370881103568916
85 1020 -0.9459094244283139 -0.5398504805057129 0.1860011266946273 0.9929635193043393 0.047131152321695416 0.1452132750994436 0.2705023843268785 0.32946943087357794 0.42604741382689376 0.8990390393309227 1.0100139893743862 1.078877682755214 2.370881103568916
86 1032 -0.9459094244283139 -0.5398504805057129 0.1860011266946273 0.9929635193043393 0.047131152321695416 0.1452132750994436 0.2705023843268785 0.32946943087357794 0.42604741382689376 0.8990390393309227 1.0100139893743862 1.078877682755214 2.370881103568916
87 1044 -0.9459094244283139 -0.5398504805057129 0.1860011266946273 0.9929635193043393 0.047131152321695416 0.1452132750994436 0.2705023843268785 0.32946943087357794 0.42604741382689376 0.8990390393309227 1.0100139893743862 1.078877682755214 2.370881103568916
88 1056 -0.9459094244283139 -0.5398504805057129 0.1860011266946273 0.9929635193043393 0.047131152321695416 0.1452132750994436 0.2705023843268785 0.32946943087357794 0.42604741382689376 0.8990390393309227 1.0100139893743862 1.078877682755214 2.370881103568916
89 1068 -0.9459094244283139 -0.5398504805057129 0.1860011266946273 0.9929635193043393 0.047131152321695416 0.1452132750994436 0.2705023843268785 0.32946943087357794 0.42604741382689376 0.8990390393309227 1.0100139893743862 1.078877682755214 2.370881103568916
90 1080 -0.9459094244283139 -0.5398504805057129 0.1860011266946273 0.9929635193043393 0.047131152321695416 0.1452132750994436 0.2705023843268785 0.32946943087357794 0.42604741382689376 0.8990390393309227 1.0100139893743862 1.078877682755214 2.370881103568916
91 1092 -0.9558077398828535 -0.540985314618593 0.18784183504372554 0.9893169829217391 0.06209796156228012 0.1448853599312994 0.2514928828820487 0.33133244436732784 0.43635813618292707 0.8856559655300075 1.0071397308417414 1.079602358660516 2.376437588967861
92 1104 -0.9558077398828535 -0.540985314618593 0.18784183504372554 0.9893169829217391 0.06209796156228012 0.1448853599312994 0.2514928828820487 0.33133244436732784 0.43635813618292707 0.8856559655300075 1.0071397308417414 1.079602358660516 2.376437588967861
93 1116 -0.9558077398828535 -0.540985314618593 0.18784183504372554 0.9893169829217391 0.06209796156228012 0.1448853599312994 0.2514928828820487 0.33133244436732784 0.43635813618292707 0.8856559655300075 1.0071397308417414 1.079602358660516 2.376437588967861
94 1128 -0.9558077398828535 -0.540985314618593 0.18784183504372554 0.9893169829217391 0.06209796156228012 0.1448853599312994 0.2514928828820487 0.33133244436732784 0.43635813618292707 0.8856559655300075 1.0071397308417414 1.079602358660516 2.376437588967861
95 1140 -0.9558077398828535 -0.540985314618593 0.18784183504372554 0.9893169829217391 0.06209796156228012 0.1448853599312994 0.2514928828820487 0.33133244436732784 0.43635813618292707 0.8856559655300075 1.0071397308417414 1.079602358660516 2.376437588967861
96 1152 -0.9558077398828535 -0.540985314618593 0.18784183504372554 0.9893169829217391 0.06209796156228012 0.1448853599312994 0.2514928828820487 0.33133244436732784 0.43635813618292707 0.8856559655300075 1.0071397308417414 1.079602358660516 2.376437588967861
97 1164 -0.9558077398828535 -0.540985314618593 0.18784183504372554 0.9893169829217391 0.06209796156228012 0.1448853599312994 0.2514928828820487 0.33133244436732784 0.43635813618292707 0.8856559655300075 1.0071397308417414 1.079602358660516 2.376437588967861
98 1176 -0.9558077398828535 -0.540985314618593 0.18784183504372554 0.9893169829217391 0.06209796156228012 0.1448853599312994 0.2514928828820487 0.33133244436732784 0.43635813618292707 0.8856559655300075 1.0071397308417414 1.079602358660516 2.376437588967861
99 1188 -0.9558077398828535 -0.540985314618593 0.18784183504372554 0.9893169829217391 0.06209796156228012 0.1448853599312994 0.2514928828820487 0.33133244436732784 0.43635813618292707 0.8856559655300075 1.0071397308417414 1.079602358660516 2.376437588967861
100 1200 -0.964676670779826 -0.5421010120313043 0.26996117165921973 0.9853017882175134 0.07665973939842982 0.13051428749744465 0.22746535419951247 0.32566022263251926 0.4355217582890618 0.9081696886763759 0.9934696625870133 1.0556667939616742 2.3881851899340654
101 1212 -0.964676670779826 -0.5421010120313043 0.26996117165921973 0.9853017882175134 0.07665973939842982 0.13051428749744465 0.22746535419951247 0.32566022263251926 0.4355217582890618 0.9081696886763759 0.9934696625870133 1.0556667939616742 2.3881851899340654
102 1224 -0.964676670779826 -0.5421010120313043 0.26996117165921973 0.9853017882175134 0.07665973939842982 0.13051428749744465 0.22746535419951247 0.32566022263251926 0.4355217582890618 0.9081696886763759 0.9934696625870133 1.0556667939616742 2.3881851899340654
103 1236 -0.964676670779826 -0.5421010120313043 0.26996117165921973 0.9853017882175134 0.07665973939842982 0.13051428749744465 0.22746535419951247 0.32566022263251926 0.4355217582890618 0.9081696886763759 0.9934696625870133 1.0556667939616742 2.3881851899340654
104 1248 -0.964676670779826 -0.5421010120313043 0.26996117165921973 0.9853017882175134 0.07665973939842982 0.13051428749744465 0.22746535419951247 0.32566022263251926 0.4355217582890618 0.9081696886763759 0.9934696625870133 1.0556667939616742 2.3881851899340654
105 1260 -0.964676670779826 -0.5421010120313043 0.26996117165921973 0.9853017882175134 0.07665973939842982 0.13051428749744465 0.22746535419951247 0.32566022263251926 0.4355217582890618 0.9081696886763759 0.9934696625870133 1.0556667939616742 2.3881851899340654
106 1272 -0.964676670779826 -0.5421010120313043 0.26996117165921973 0.9853017882175134 0.07665973939842982 0.13051428749744465 0.22746535419951247 0.32566022263251926 0.4355217582890618 0.9081696886763759 0.9934696625870133 1.0556667939616742 2.3881851899340654
107 1284 -0.964676670779826 -0.5421010120313043 0.26996117165921973 0.9853017882175134 0.07665973939842982 0.13051428749744465 0.22746535419951247 0.32566022263251926 0.4355217582890618 0.9081696886763759 0.9934696625870133 1.0556667939616742 2.3881851899340654
108 1296 -0.964676670779826 -0.5421010120313043 0.26996117165921973 0.9853017882175134 0.07665973939842982 0.13051428749744465 0.22746535419951247 0.32566022263251926 0.4355217582890618 0.9081696886763759 0.9934696625870133 1.0556667939616742 2.3881851899340654
109 1308 -0.9797445828750038 -0.6840453953809322 0.3390140644148601 0.9799912472375307 0.09337794280340453 0.09942278498176894 0.18859738961118802 0.24615518342696738 0.308933428844979 0.8051374529619304 0.9975436920247155 1.0648054331844286 2.452069352663344
