% # columns="iter, evals, sigma, 0, fitness, xbest" seed=24690, Wed Apr  8 01:14:17 2026, <python>{}</python>
1 12 18.31878520274659 0 0.5943074024953335 323.05139329818206 279.0870938581664 23.222456316150435 1.5652678671390328 4.044934075009499 0.23392907584679776 0.33896673829676693 0.7570403985309153 1.2033737000821818
2 24 17.12377544125587 0 0.7016203351499648 313.5219409518237 280.3304444048033 24.48785669561181 1.629819917175827 5.158564189146999 0.20062448143042014 1.0214618304247496 0.609284278398417 0.6437961552873204
3 36 16.275167807652508 0 0.783218881901619 310.471703705536 294.90958989858416 25.531502671797504 1.2975322393793882 5.090050798267676 0.25029348153313696 1.0088769964817375 0.24232686140009457 1.1533139909085948
4 48 16.083147526462696 0 0.6776438112077122 319.75280705813515 282.7947344052574 26.943027023005957 1.7896913006200952 5.04558288297533 0.29966851903741476 0.17335026099599804 0.41554563624704716 0.8551001209612045
5 60 16.51524603038212 0 0.7743319377673632 326.6237805038173 281.8050541583214 22.962499922372636 1.4777216709136354 5.239131562767082 0.2786783425852255 0.5241951022045974 0.4698691267433442 0.9363427966004894
6 72 15.723636219142245 0 0.6983074548623036 313.5736369657962 285.80079985907656 21.28104690424103 1.1295851099704077 4.8868752046384 0.2803207205736732 0.638415951358793 0.05903137105307492 0.8238655086350114
7 84 15.343596997123925 0 0.6299123207193638 322.5090027527795 284.13437677998274 23.198397503534103 2.0008712701731124 5.6042376023703415 0.2667843129781803 0.7183789754495438 0.28739160852320267 0.563199037899907
8 96 16.85708954808699 0 0.7440806495869925 338.33365502452324 284.37838211460377 22.91050209864962 1.294501662802245 5.35710627740299 0.2553142215422658 0.4452743992059633 0.05201987083997105 0.4865864843694018
9 108 17.819830695686555 0 0.6274775245110004 335.94249258571307 283.77038199631085 28.82390162914109 0.8465969444863727 5.679462549950055 0.40070186260920154 0.22190911828980875 0.06639265379916194 0.896254201116754
10 120 17.179533120642308 0 0.6410736151195195 331.6871308993757 284.12088707201224 25.064803785705596 0.9321174196462015 5.409448727806248 0.30914109666320666 0.5983718206747951 0.11282264764273323 0.32988533943933707
11 132 17.50263261608017 0 0.6006844843319078 346.8976069197747 293.2062028611814 27.424018827767775 0.5068409985418928 5.442069138777786 0.3217741918812546 0.10294745958860652 0.1605296040334176 0.6269535720564415
12 144 18.11818599040438 0 0.5946435601163677 352.3258917360585 295.20339471863275 23.44518201581351 1.1037094924566464 5.985485084300597 0.2537436231341791 0.2076247903071095 0.10641475399484387 0.42618273375047405
13 156 18.910950498532266 0 0.5990429921931533 355.24936707958307 285.05043787819693 23.70862445342463 0.6238058438535184 5.988811480229744 0.24281188796632316 0.4459719379292743 0.09410413107812088 0.5453634824235853
14 168 18.62509602172394 0 0.575363814893507 369.0069546039037 287.56211843510187 24.02927015723795 0.683804207838608 5.842752531589977 0.22653027110277935 0.2374573009133186 0.13403476324747576 0.3000241546076346
15 180 18.879639855974926 0 0.5788952804255996 363.2847131685884 291.41134444756284 27.450466178620562 0.6962300235741337 5.979679115140021 0.31192766372261377 0.37392559055748664 0.21953922481606333 0.9526264500751994
16 192 19.840185065905473 0 0.5692430537082642 368.7195753006929 300.0352252395512 29.468213330673628 0.7943101216943689 5.98471818969111 0.14239066103545242 0.15606891696611425 0.1273841010086911 0.8737839211462523
17 204 19.463728194548445 0 0.5864011099791995 362.5775317531624 287.3252955484169 29.444345342598698 0.6493117900973483 5.989565449149298 0.1049091800266024 0.3603198443873994 0.13690445980587157 0.30336648679714323
18 216 20.123985537114113 0 0.5614451580987954 373.4607296786013 298.42906430927445 32.99908486520356 0.8011767922485452 5.29528211145082 0.1138953014513644 0.1477195841602547 0.13991904334659588 0.9356697495398676
19 228 20.64736293181892 0 0.5565287088811428 380.39194894447735 304.7350265968023 34.71379853360355 0.664976488214298 5.388770623949863 0.12324487489031545 0.2757858917214122 0.15408447069449038 1.0825100028111636
20 240 21.05071606428044 0 0.5588061838581264 375.45954073091934 299.0630717339083 35.459242175378925 0.6037673602234291 5.9724003902347995 0.31476973013987075 0.31287612598828823 0.1453033789577366 1.057600708627209
21 252 23.379723822695876 0 0.5508288280988669 392.89764400789085 316.130516970168 33.098965713853055 0.8653726079734998 5.866276545315917 0.1310320769678517 0.19915563951202248 0.11713060644532991 1.8941775836435932
22 264 24.47433153073367 0 0.5563028493779303 379.4551034750896 312.79484871431646 25.099250009903873 1.1876558173601781 5.9749360262615445 0.260834075689637 0.17578469580660733 0.16277677412358618 1.742797099170918
23 276 22.725444520116703 0 0.5470317955783977 385.27387424052756 313.43709058155963 25.443253486697298 1.3559490824051488 5.9767830873835885 0.1571781332608508 0.21739284847077217 0.2122027521642622 1.722230802670873
24 288 22.71531380837098 0 0.5315932243271906 386.9719574945317 322.77931297925863 29.35664822649386 0.576048041626336 5.943820343582602 0.4232495841617213 0.20005798973318786 0.23885183127162118 2.2466051354810044
25 300 25.7520215483917 0 0.5555333040030502 387.40909157910676 319.9605002580695 21.81983894769583 0.7132240026201819 5.622835845845634 0.3987827249629111 0.5861219203285828 0.2956748053210433 2.341536190756643
26 312 25.193171753733 0 0.5508258598928468 388.6833632972254 329.45803512030943 24.874710172036444 0.8674157662241624 5.921279136038381 0.30192015151180884 0.3354513999765764 0.22391801964951566 1.8316594149670273
27 324 24.299163190341396 0 0.5395477208520764 395.5825126662411 331.16818669492403 20.682593934271242 1.0396583282152918 5.997800062687321 0.21713203966610223 0.10499745254522361 0.2024156155697652 2.2861267903871005
28 336 25.46758509695994 0 0.5401139024334395 404.8256698698652 336.51423680496197 22.805523476216397 0.8521032990923155 5.98014423161139 0.3866881401483836 0.49055793535672393 0.2480252063425004 2.139667588799695
29 348 27.66107998042786 0 0.56202430040557 405.9374559866536 334.7370889980194 27.69120997211744 0.5031563839643577 5.986367547821025 0.23662607932512947 0.618578504480827 0.2660403132541581 1.80998525590486
30 360 25.416949293485757 0 0.5505923109972195 383.9350626866332 318.8830727107158 17.99391968324739 0.5548788955210353 5.963539616193902 0.2516934202796128 0.12974412914104427 0.16180950535753058 1.6310763906197698
31 372 24.202628335458105 0 0.517458237316491 414.79426580296786 334.65872193207673 14.585914924569488 1.1028825353983356 5.978304148015768 0.43497484254772417 0.104475181774011 0.22352914057095705 2.4983962093730803
32 384 24.65963452615007 0 0.5365241855399082 407.17649662735954 329.2528883862204 19.018047210963914 1.1730949881362203 5.355740322934212 0.4452728230161852 0.1000048540107105 0.14648029247686564 1.5997700968666215
33 396 22.393131748619048 0 0.5178600050633587 407.3812107149195 324.7390675917369 31.39267582954199 0.8770716461394421 5.9875956808865505 0.44930634615953013 0.15547180784055195 0.19566452479417368 2.184954270132054
34 408 20.623545977010775 0 0.531322031374404 413.0487587248727 335.28770743156156 16.04065247683837 1.6007829838773593 5.892161612491213 0.426826779991772 0.4010821721682895 0.26236809090237234 2.0901698856523003
35 420 18.85949498609495 0 0.5218142983621668 421.82505831646966 340.21229546629957 23.615570506263502 0.8905592954684154 5.743079713785547 0.39995870822083013 0.10421822648890623 0.1917695823009431 2.2988267800015265
36 432 18.596215060377226 0 0.5296735157941508 408.0935713943778 335.5052500064217 28.909764716158808 0.8761524264000049 5.9802929478635996 0.4136277855552236 0.12973369859892 0.16781657684865675 2.3757869051097997
37 444 17.852635608882583 0 0.5278923647094683 412.3623859175457 336.15468191780906 25.253480673920006 1.0366204973772333 5.370220041969451 0.4286532850950766 0.13150441441687133 0.2191713027459527 2.1917630373187977
38 456 18.200738204984226 0 0.5165962103051871 419.85064654398604 333.0081404299621 31.0210921422212 0.5000031893005438 5.795620422853898 0.447725382965467 0.1655534391826362 0.207199570289401 1.9920077644384506
39 468 17.839713485126357 0 0.5187847396182713 413.41259975322015 334.6814365826238 25.040146127512 0.631371935747727 5.673260171986144 0.43794768850873933 0.16322496517315838 0.24012810295761783 2.499919327046036
40 480 16.401631216962343 0 0.5150293138010833 425.901864056461 336.42258560647537 28.019070381674403 1.0645472432668044 5.878780391171697 0.4387790101517752 0.23263352196826348 0.23615643923105661 2.4633419150265485
41 492 15.16360168326603 0 0.51622015366045 430.9200567746245 335.69003498428015 28.758194774860065 0.9007158765833423 5.869843748329938 0.44734299451371756 0.2970022092594837 0.24653440582099787 2.4926648088355807
42 504 14.227567220786325 0 0.5147895699169178 417.3194171222826 341.77029846118154 30.64841882804648 1.025051100468319 5.997466637731926 0.44773219206597387 0.2603784040681226 0.22326109531022034 2.484751821198204
43 516 12.985439419337796 0 0.5167465907607252 421.186391727881 342.87159470566127 29.31939879342193 0.6168266301162808 5.660275545446289 0.4495719511984369 0.14590938020192412 0.21265878221271275 2.4806106665357364
44 528 11.806005660853328 0 0.5128784873097425 422.74101480074427 339.7899720622584 27.555280964481998 0.7090084756091459 5.955070187750404 0.4438097612599558 0.13901078518753013 0.2257181389524533 2.4428137050957184
45 540 10.665799176907786 0 0.513289917430708 418.5662712745211 328.3997192991008 27.30556910293506 0.8317121876365978 5.957426818176146 0.4443842884363294 0.15839946517039086 0.22188118395619416 2.3752028905144917
46 552 9.573365234312487 0 0.5133285958415557 415.2435172380787 336.369209177045 29.66123980300002 0.7686710604857521 5.969863949592073 0.44515448217976405 0.1553763374792242 0.2252038867718074 2.4286176910803707
47 564 8.726925064506956 0 0.5146684993587827 420.62498301497806 338.6840927311613 29.279739157434893 0.8507976866835801 5.92385371131136 0.4498510049902411 0.10109022435582779 0.21578842247984492 2.4839491795638784
48 576 7.953663958179551 0 0.5128145910591915 420.064141596369 335.34396785044174 28.52711706408567 0.6083396897249895 5.908358430692201 0.44989106056103717 0.11834298189689728 0.21535679107131403 2.4994352960419053
49 588 7.434804935486947 0 0.5138881289980524 418.21857678702156 336.49197038469697 28.83722296817309 0.5495847581881427 5.943689835628251 0.4497520731057185 0.11015356793039192 0.22460594206615922 2.3991851437543
50 600 7.992970248819933 0 0.5131133680285445 413.7395871515711 332.6028649384513 30.536002117552698 0.5238147684925221 5.961647371837669 0.44996515552659927 0.10568482610421041 0.21653462586303468 2.444365982977901
51 612 9.173334789809333 0 0.5115968398552035 418.25670506356596 330.0387098744568 32.47836011958004 0.5182280847339835 5.994963250260545 0.4494572592774458 0.10056764869973893 0.2109734158911068 2.4971317426222392
