% # columns="iteration, evaluation, min 25%tile 75%tile max correlation, correlation matrix principal axes lengths  (sorted square roots of eigenvalues of correlation matrix)", seed=24690, Wed Apr  8 01:14:17 2026
1 12 -0.05100218280526073 -0.022705606070545947 0.015442457927105746 0.045712169450289414 0.952705344862149 0.9688337860092582 0.9754509695354437 0.9796923454979884 0.9910931873801133 1.0015608147461061 1.0110654825629948 1.041980084841133 1.0719357519091535
2 24 -0.05100218280526073 -0.022705606070545947 0.015442457927105746 0.045712169450289414 0.952705344862149 0.9688337860092582 0.9754509695354437 0.9796923454979884 0.9910931873801133 1.0015608147461061 1.0110654825629948 1.041980084841133 1.0719357519091535
3 36 -0.05100218280526073 -0.022705606070545947 0.015442457927105746 0.045712169450289414 0.952705344862149 0.9688337860092582 0.9754509695354437 0.9796923454979884 0.9910931873801133 1.0015608147461061 1.0110654825629948 1.041980084841133 1.0719357519091535
4 48 -0.05100218280526073 -0.022705606070545947 0.015442457927105746 0.045712169450289414 0.952705344862149 0.9688337860092582 0.9754509695354437 0.9796923454979884 0.9910931873801133 1.0015608147461061 1.0110654825629948 1.041980084841133 1.0719357519091535
5 60 -0.05100218280526073 -0.022705606070545947 0.015442457927105746 0.045712169450289414 0.952705344862149 0.9688337860092582 0.9754509695354437 0.9796923454979884 0.9910931873801133 1.0015608147461061 1.0110654825629948 1.041980084841133 1.0719357519091535
6 72 -0.05100218280526073 -0.022705606070545947 0.015442457927105746 0.045712169450289414 0.952705344862149 0.9688337860092582 0.9754509695354437 0.9796923454979884 0.9910931873801133 1.0015608147461061 1.0110654825629948 1.041980084841133 1.0719357519091535
7 84 -0.05100218280526073 -0.022705606070545947 0.015442457927105746 0.045712169450289414 0.952705344862149 0.9688337860092582 0.9754509695354437 0.9796923454979884 0.9910931873801133 1.0015608147461061 1.0110654825629948 1.041980084841133 1.0719357519091535
8 96 -0.05100218280526073 -0.022705606070545947 0.015442457927105746 0.045712169450289414 0.952705344862149 0.9688337860092582 0.9754509695354437 0.9796923454979884 0.9910931873801133 1.0015608147461061 1.0110654825629948 1.041980084841133 1.0719357519091535
9 108 -0.05100218280526073 -0.022705606070545947 0.015442457927105746 0.045712169450289414 0.952705344862149 0.9688337860092582 0.9754509695354437 0.9796923454979884 0.9910931873801133 1.0015608147461061 1.0110654825629948 1.041980084841133 1.0719357519091535
10 120 -0.2350439405019971 -0.044313384668833174 0.057655307118448455 0.23714497706298243 0.77284297006354 0.8148466744205722 0.8447071928054319 0.9667580549624102 1.0034420602488647 1.0633899903570583 1.0875744370649179 1.133251025850233 1.218940925058065
11 132 -0.2350439405019971 -0.044313384668833174 0.057655307118448455 0.23714497706298243 0.77284297006354 0.8148466744205722 0.8447071928054319 0.9667580549624102 1.0034420602488647 1.0633899903570583 1.0875744370649179 1.133251025850233 1.218940925058065
12 144 -0.2350439405019971 -0.044313384668833174 0.057655307118448455 0.23714497706298243 0.77284297006354 0.8148466744205722 0.8447071928054319 0.9667580549624102 1.0034420602488647 1.0633899903570583 1.0875744370649179 1.133251025850233 1.218940925058065
13 156 -0.2350439405019971 -0.044313384668833174 0.057655307118448455 0.23714497706298243 0.77284297006354 0.8148466744205722 0.8447071928054319 0.9667580549624102 1.0034420602488647 1.0633899903570583 1.0875744370649179 1.133251025850233 1.218940925058065
14 168 -0.2350439405019971 -0.044313384668833174 0.057655307118448455 0.23714497706298243 0.77284297006354 0.8148466744205722 0.8447071928054319 0.9667580549624102 1.0034420602488647 1.0633899903570583 1.0875744370649179 1.133251025850233 1.218940925058065
15 180 -0.2350439405019971 -0.044313384668833174 0.057655307118448455 0.23714497706298243 0.77284297006354 0.8148466744205722 0.8447071928054319 0.9667580549624102 1.0034420602488647 1.0633899903570583 1.0875744370649179 1.133251025850233 1.218940925058065
16 192 -0.2350439405019971 -0.044313384668833174 0.057655307118448455 0.23714497706298243 0.77284297006354 0.8148466744205722 0.8447071928054319 0.9667580549624102 1.0034420602488647 1.0633899903570583 1.0875744370649179 1.133251025850233 1.218940925058065
17 204 -0.2350439405019971 -0.044313384668833174 0.057655307118448455 0.23714497706298243 0.77284297006354 0.8148466744205722 0.8447071928054319 0.9667580549624102 1.0034420602488647 1.0633899903570583 1.0875744370649179 1.133251025850233 1.218940925058065
18 216 -0.2350439405019971 -0.044313384668833174 0.057655307118448455 0.23714497706298243 0.77284297006354 0.8148466744205722 0.8447071928054319 0.9667580549624102 1.0034420602488647 1.0633899903570583 1.0875744370649179 1.133251025850233 1.218940925058065
19 228 -0.3779011197707143 -0.07750956636838285 0.10338445358190544 0.28320701394621883 0.6109432218601939 0.707658442227807 0.8839405428849584 0.9832767162270999 1.0173306061074021 1.0401847375992561 1.0700388389457864 1.1906932107079342 1.303113439206653
20 240 -0.3779011197707143 -0.07750956636838285 0.10338445358190544 0.28320701394621883 0.6109432218601939 0.707658442227807 0.8839405428849584 0.9832767162270999 1.0173306061074021 1.0401847375992561 1.0700388389457864 1.1906932107079342 1.303113439206653
21 252 -0.3779011197707143 -0.07750956636838285 0.10338445358190544 0.28320701394621883 0.6109432218601939 0.707658442227807 0.8839405428849584 0.9832767162270999 1.0173306061074021 1.0401847375992561 1.0700388389457864 1.1906932107079342 1.303113439206653
22 264 -0.3779011197707143 -0.07750956636838285 0.10338445358190544 0.28320701394621883 0.6109432218601939 0.707658442227807 0.8839405428849584 0.9832767162270999 1.0173306061074021 1.0401847375992561 1.0700388389457864 1.1906932107079342 1.303113439206653
23 276 -0.3779011197707143 -0.07750956636838285 0.10338445358190544 0.28320701394621883 0.6109432218601939 0.707658442227807 0.8839405428849584 0.9832767162270999 1.0173306061074021 1.0401847375992561 1.0700388389457864 1.1906932107079342 1.303113439206653
24 288 -0.3779011197707143 -0.07750956636838285 0.10338445358190544 0.28320701394621883 0.6109432218601939 0.707658442227807 0.8839405428849584 0.9832767162270999 1.0173306061074021 1.0401847375992561 1.0700388389457864 1.1906932107079342 1.303113439206653
25 300 -0.3779011197707143 -0.07750956636838285 0.10338445358190544 0.28320701394621883 0.6109432218601939 0.707658442227807 0.8839405428849584 0.9832767162270999 1.0173306061074021 1.0401847375992561 1.0700388389457864 1.1906932107079342 1.303113439206653
26 312 -0.3779011197707143 -0.07750956636838285 0.10338445358190544 0.28320701394621883 0.6109432218601939 0.707658442227807 0.8839405428849584 0.9832767162270999 1.0173306061074021 1.0401847375992561 1.0700388389457864 1.1906932107079342 1.303113439206653
27 324 -0.3779011197707143 -0.07750956636838285 0.10338445358190544 0.28320701394621883 0.6109432218601939 0.707658442227807 0.8839405428849584 0.9832767162270999 1.0173306061074021 1.0401847375992561 1.0700388389457864 1.1906932107079342 1.303113439206653
28 336 -0.40660627751529327 -0.08012518140653485 0.1063970855540525 0.3127590455858965 0.5708352892298268 0.7084990040894301 0.8319629795137691 0.9398644458800285 0.9600139307914122 1.0559797596709768 1.158489390623171 1.246366456650501 1.2901246626838279
29 348 -0.40660627751529327 -0.08012518140653485 0.1063970855540525 0.3127590455858965 0.5708352892298268 0.7084990040894301 0.8319629795137691 0.9398644458800285 0.9600139307914122 1.0559797596709768 1.158489390623171 1.246366456650501 1.2901246626838279
30 360 -0.40660627751529327 -0.08012518140653485 0.1063970855540525 0.3127590455858965 0.5708352892298268 0.7084990040894301 0.8319629795137691 0.9398644458800285 0.9600139307914122 1.0559797596709768 1.158489390623171 1.246366456650501 1.2901246626838279
31 372 -0.40660627751529327 -0.08012518140653485 0.1063970855540525 0.3127590455858965 0.5708352892298268 0.7084990040894301 0.8319629795137691 0.9398644458800285 0.9600139307914122 1.0559797596709768 1.158489390623171 1.246366456650501 1.2901246626838279
32 384 -0.40660627751529327 -0.08012518140653485 0.1063970855540525 0.3127590455858965 0.5708352892298268 0.7084990040894301 0.8319629795137691 0.9398644458800285 0.9600139307914122 1.0559797596709768 1.158489390623171 1.246366456650501 1.2901246626838279
33 396 -0.40660627751529327 -0.08012518140653485 0.1063970855540525 0.3127590455858965 0.5708352892298268 0.7084990040894301 0.8319629795137691 0.9398644458800285 0.9600139307914122 1.0559797596709768 1.158489390623171 1.246366456650501 1.2901246626838279
34 408 -0.40660627751529327 -0.08012518140653485 0.1063970855540525 0.3127590455858965 0.5708352892298268 0.7084990040894301 0.8319629795137691 0.9398644458800285 0.9600139307914122 1.0559797596709768 1.158489390623171 1.246366456650501 1.2901246626838279
35 420 -0.40660627751529327 -0.08012518140653485 0.1063970855540525 0.3127590455858965 0.5708352892298268 0.7084990040894301 0.8319629795137691 0.9398644458800285 0.9600139307914122 1.0559797596709768 1.158489390623171 1.246366456650501 1.2901246626838279
36 432 -0.40660627751529327 -0.08012518140653485 0.1063970855540525 0.3127590455858965 0.5708352892298268 0.7084990040894301 0.8319629795137691 0.9398644458800285 0.9600139307914122 1.0559797596709768 1.158489390623171 1.246366456650501 1.2901246626838279
37 444 -0.4792362491699471 -0.10349958435454339 0.08915350638919271 0.32624644238929706 0.4996830509414216 0.7356867256298508 0.8690701474800798 0.9261623758271788 0.955722800169189 1.0250175587637649 1.161814457451962 1.2332285594724364 1.3271358795220956
38 456 -0.4792362491699471 -0.10349958435454339 0.08915350638919271 0.32624644238929706 0.4996830509414216 0.7356867256298508 0.8690701474800798 0.9261623758271788 0.955722800169189 1.0250175587637649 1.161814457451962 1.2332285594724364 1.3271358795220956
39 468 -0.4792362491699471 -0.10349958435454339 0.08915350638919271 0.32624644238929706 0.4996830509414216 0.7356867256298508 0.8690701474800798 0.9261623758271788 0.955722800169189 1.0250175587637649 1.161814457451962 1.2332285594724364 1.3271358795220956
40 480 -0.4792362491699471 -0.10349958435454339 0.08915350638919271 0.32624644238929706 0.4996830509414216 0.7356867256298508 0.8690701474800798 0.9261623758271788 0.955722800169189 1.0250175587637649 1.161814457451962 1.2332285594724364 1.3271358795220956
41 492 -0.4792362491699471 -0.10349958435454339 0.08915350638919271 0.32624644238929706 0.4996830509414216 0.7356867256298508 0.8690701474800798 0.9261623758271788 0.955722800169189 1.0250175587637649 1.161814457451962 1.2332285594724364 1.3271358795220956
42 504 -0.4792362491699471 -0.10349958435454339 0.08915350638919271 0.32624644238929706 0.4996830509414216 0.7356867256298508 0.8690701474800798 0.9261623758271788 0.955722800169189 1.0250175587637649 1.161814457451962 1.2332285594724364 1.3271358795220956
43 516 -0.4792362491699471 -0.10349958435454339 0.08915350638919271 0.32624644238929706 0.4996830509414216 0.7356867256298508 0.8690701474800798 0.9261623758271788 0.955722800169189 1.0250175587637649 1.161814457451962 1.2332285594724364 1.3271358795220956
44 528 -0.4792362491699471 -0.10349958435454339 0.08915350638919271 0.32624644238929706 0.4996830509414216 0.7356867256298508 0.8690701474800798 0.9261623758271788 0.955722800169189 1.0250175587637649 1.161814457451962 1.2332285594724364 1.3271358795220956
45 540 -0.4792362491699471 -0.10349958435454339 0.08915350638919271 0.32624644238929706 0.4996830509414216 0.7356867256298508 0.8690701474800798 0.9261623758271788 0.955722800169189 1.0250175587637649 1.161814457451962 1.2332285594724364 1.3271358795220956
46 552 -0.44670348202566634 -0.12217496944314518 0.07576409547248417 0.40134925715446845 0.5235447875662693 0.6854268959083772 0.7604857134953132 0.959735730052625 0.985692222644001 1.061918743955918 1.1035851919545585 1.272233731156534 1.3494147304175368
47 564 -0.44670348202566634 -0.12217496944314518 0.07576409547248417 0.40134925715446845 0.5235447875662693 0.6854268959083772 0.7604857134953132 0.959735730052625 0.985692222644001 1.061918743955918 1.1035851919545585 1.272233731156534 1.3494147304175368
48 576 -0.44670348202566634 -0.12217496944314518 0.07576409547248417 0.40134925715446845 0.5235447875662693 0.6854268959083772 0.7604857134953132 0.959735730052625 0.985692222644001 1.061918743955918 1.1035851919545585 1.272233731156534 1.3494147304175368
49 588 -0.44670348202566634 -0.12217496944314518 0.07576409547248417 0.40134925715446845 0.5235447875662693 0.6854268959083772 0.7604857134953132 0.959735730052625 0.985692222644001 1.061918743955918 1.1035851919545585 1.272233731156534 1.3494147304175368
50 600 -0.44670348202566634 -0.12217496944314518 0.07576409547248417 0.40134925715446845 0.5235447875662693 0.6854268959083772 0.7604857134953132 0.959735730052625 0.985692222644001 1.061918743955918 1.1035851919545585 1.272233731156534 1.3494147304175368
51 612 -0.44670348202566634 -0.12217496944314518 0.07576409547248417 0.40134925715446845 0.5235447875662693 0.6854268959083772 0.7604857134953132 0.959735730052625 0.985692222644001 1.061918743955918 1.1035851919545585 1.272233731156534 1.3494147304175368
