% # columns="iteration, evaluation, min 25%tile 75%tile max correlation, correlation matrix principal axes lengths  (sorted square roots of eigenvalues of correlation matrix)", seed=24690, Tue Apr  7 17:40:03 2026
1 12 -0.03930204431282341 -0.018415757366885284 0.017850838938669095 0.09143433884774634 0.9229344648800686 0.9433542364787656 0.987019231254282 0.9975309396000267 1.007458863339573 1.0094267059975288 1.0180248789885815 1.0277641257540726 1.0781513953057644
2 24 -0.07908792151500013 -0.026170368859350417 0.0282581232382918 0.11906899122929518 0.9229344648800686 0.9433542364787656 0.987019231254282 0.9975309396000267 1.007458863339573 1.0094267059975288 1.0180248789885815 1.0277641257540726 1.0781513953057644
3 36 -0.12467240893217171 -0.031414379285746113 0.05612814497096633 0.12527705460823663 0.9229344648800686 0.9433542364787656 0.987019231254282 0.9975309396000267 1.007458863339573 1.0094267059975288 1.0180248789885815 1.0277641257540726 1.0781513953057644
4 48 -0.14512751452524958 -0.05661336067692873 0.0658301309116914 0.1436217270693143 0.9229344648800686 0.9433542364787656 0.987019231254282 0.9975309396000267 1.007458863339573 1.0094267059975288 1.0180248789885815 1.0277641257540726 1.0781513953057644
5 60 -0.15720290032937986 -0.0839435730598482 0.0694252126924418 0.2149621137394494 0.9229344648800686 0.9433542364787656 0.987019231254282 0.9975309396000267 1.007458863339573 1.0094267059975288 1.0180248789885815 1.0277641257540726 1.0781513953057644
6 72 -0.1674260469615677 -0.05974379380776529 0.07296480821545287 0.2721483658929772 0.9229344648800686 0.9433542364787656 0.987019231254282 0.9975309396000267 1.007458863339573 1.0094267059975288 1.0180248789885815 1.0277641257540726 1.0781513953057644
7 84 -0.22339612327647407 -0.09578913228414504 0.05568699296525736 0.27980977950101144 0.9229344648800686 0.9433542364787656 0.987019231254282 0.9975309396000267 1.007458863339573 1.0094267059975288 1.0180248789885815 1.0277641257540726 1.0781513953057644
8 96 -0.22700479685671207 -0.06755047761978492 0.08488868703694534 0.2927568649801503 0.9229344648800686 0.9433542364787656 0.987019231254282 0.9975309396000267 1.007458863339573 1.0094267059975288 1.0180248789885815 1.0277641257540726 1.0781513953057644
9 108 -0.2570817077147955 -0.07141102904537985 0.09635783423925406 0.29055813551878357 0.9229344648800686 0.9433542364787656 0.987019231254282 0.9975309396000267 1.007458863339573 1.0094267059975288 1.0180248789885815 1.0277641257540726 1.0781513953057644
10 120 -0.3181238720259404 -0.08031996019610466 0.11836462441569631 0.29245936939225636 0.718477211756979 0.7874700193908242 0.8007425095027333 0.8555742751239608 0.950176876694815 1.0194066796583596 1.0947591182956764 1.187117090841982 1.393095462619004
11 132 -0.35834300988045886 -0.12171006077034618 0.11474703914492307 0.3309948980779685 0.718477211756979 0.7874700193908242 0.8007425095027333 0.8555742751239608 0.950176876694815 1.0194066796583596 1.0947591182956764 1.187117090841982 1.393095462619004
12 144 -0.36510686504038375 -0.10185639172255903 0.12487747208557026 0.3475973504713678 0.718477211756979 0.7874700193908242 0.8007425095027333 0.8555742751239608 0.950176876694815 1.0194066796583596 1.0947591182956764 1.187117090841982 1.393095462619004
13 156 -0.3554950031352604 -0.09682560363731108 0.13295259048980457 0.3621645324304283 0.718477211756979 0.7874700193908242 0.8007425095027333 0.8555742751239608 0.950176876694815 1.0194066796583596 1.0947591182956764 1.187117090841982 1.393095462619004
14 168 -0.3306095199199021 -0.10171514539542376 0.1416346288798231 0.3273813818292123 0.718477211756979 0.7874700193908242 0.8007425095027333 0.8555742751239608 0.950176876694815 1.0194066796583596 1.0947591182956764 1.187117090841982 1.393095462619004
15 180 -0.372381903112876 -0.09716294077247042 0.14903916395667988 0.3681242466185266 0.718477211756979 0.7874700193908242 0.8007425095027333 0.8555742751239608 0.950176876694815 1.0194066796583596 1.0947591182956764 1.187117090841982 1.393095462619004
16 192 -0.35298100057042037 -0.08430006955452285 0.13803888470554043 0.3750598769083968 0.718477211756979 0.7874700193908242 0.8007425095027333 0.8555742751239608 0.950176876694815 1.0194066796583596 1.0947591182956764 1.187117090841982 1.393095462619004
17 204 -0.32546628612138534 -0.09278598125205556 0.1493614364322925 0.37868294111174383 0.718477211756979 0.7874700193908242 0.8007425095027333 0.8555742751239608 0.950176876694815 1.0194066796583596 1.0947591182956764 1.187117090841982 1.393095462619004
18 216 -0.3126125211650197 -0.07019996735414673 0.1394741761209526 0.3840505406104838 0.718477211756979 0.7874700193908242 0.8007425095027333 0.8555742751239608 0.950176876694815 1.0194066796583596 1.0947591182956764 1.187117090841982 1.393095462619004
19 228 -0.3107672666549761 -0.08395392222170935 0.1493933873384095 0.3847227189181417 0.6164632202851481 0.7560625627921076 0.7920171128453095 0.8592919950660071 0.9174607910134236 1.0783884578415635 1.128841329125496 1.2122545954781494 1.3907439518843745
20 240 -0.33973962801921165 -0.07983632409961039 0.16808521270121096 0.38788079134537246 0.6164632202851481 0.7560625627921076 0.7920171128453095 0.8592919950660071 0.9174607910134236 1.0783884578415635 1.128841329125496 1.2122545954781494 1.3907439518843745
21 252 -0.3743535266628975 -0.06833557955403136 0.1314278063129382 0.429188084576757 0.6164632202851481 0.7560625627921076 0.7920171128453095 0.8592919950660071 0.9174607910134236 1.0783884578415635 1.128841329125496 1.2122545954781494 1.3907439518843745
22 264 -0.41290315501912095 -0.07318570167578957 0.1212312485977054 0.42949089998362466 0.6164632202851481 0.7560625627921076 0.7920171128453095 0.8592919950660071 0.9174607910134236 1.0783884578415635 1.128841329125496 1.2122545954781494 1.3907439518843745
23 276 -0.41333119412957603 -0.07111824506468892 0.12663247903314284 0.4555649091074557 0.6164632202851481 0.7560625627921076 0.7920171128453095 0.8592919950660071 0.9174607910134236 1.0783884578415635 1.128841329125496 1.2122545954781494 1.3907439518843745
24 288 -0.45066724568888816 -0.06869221363711954 0.11184236035086642 0.40129030940982674 0.6164632202851481 0.7560625627921076 0.7920171128453095 0.8592919950660071 0.9174607910134236 1.0783884578415635 1.128841329125496 1.2122545954781494 1.3907439518843745
25 300 -0.4373309798513512 -0.0605413286887821 0.10515300107512293 0.39032963642471874 0.6164632202851481 0.7560625627921076 0.7920171128453095 0.8592919950660071 0.9174607910134236 1.0783884578415635 1.128841329125496 1.2122545954781494 1.3907439518843745
26 312 -0.4660607128197475 -0.08823642590522994 0.11375583940291972 0.4051238107094851 0.6164632202851481 0.7560625627921076 0.7920171128453095 0.8592919950660071 0.9174607910134236 1.0783884578415635 1.128841329125496 1.2122545954781494 1.3907439518843745
27 324 -0.4275021445237747 -0.07203114510345143 0.11169435241380342 0.44906259093963213 0.6164632202851481 0.7560625627921076 0.7920171128453095 0.8592919950660071 0.9174607910134236 1.0783884578415635 1.128841329125496 1.2122545954781494 1.3907439518843745
28 336 -0.43003223275237823 -0.08106938289468887 0.09940041293905306 0.45795761289871323 0.5343358111930654 0.7089142072235607 0.7898157321009043 0.821209199070251 0.8929557668594429 1.091927896399172 1.1932436715224728 1.2869979291818625 1.3578887239065125
29 348 -0.4274697128873565 -0.08424849155893915 0.1090301661710677 0.4927852786951637 0.5343358111930654 0.7089142072235607 0.7898157321009043 0.821209199070251 0.8929557668594429 1.091927896399172 1.1932436715224728 1.2869979291818625 1.3578887239065125
30 360 -0.40447752681682525 -0.0856357257008778 0.09988040970218398 0.530133210434395 0.5343358111930654 0.7089142072235607 0.7898157321009043 0.821209199070251 0.8929557668594429 1.091927896399172 1.1932436715224728 1.2869979291818625 1.3578887239065125
31 372 -0.4134359555271893 -0.09726363044862969 0.13667215131920066 0.5443797037057378 0.5343358111930654 0.7089142072235607 0.7898157321009043 0.821209199070251 0.8929557668594429 1.091927896399172 1.1932436715224728 1.2869979291818625 1.3578887239065125
32 384 -0.38210185383761003 -0.1309110212074028 0.12811352615479396 0.5673702368269465 0.5343358111930654 0.7089142072235607 0.7898157321009043 0.821209199070251 0.8929557668594429 1.091927896399172 1.1932436715224728 1.2869979291818625 1.3578887239065125
33 396 -0.3916500406002159 -0.131261059724119 0.12485458420428497 0.5644035371206185 0.5343358111930654 0.7089142072235607 0.7898157321009043 0.821209199070251 0.8929557668594429 1.091927896399172 1.1932436715224728 1.2869979291818625 1.3578887239065125
34 408 -0.41214756886367476 -0.12779431628346227 0.11067757917429151 0.5670450332717587 0.5343358111930654 0.7089142072235607 0.7898157321009043 0.821209199070251 0.8929557668594429 1.091927896399172 1.1932436715224728 1.2869979291818625 1.3578887239065125
