% # columns="iteration, evaluation, void, void, void, xmean", seed=49380, Wed Apr  8 22:58:19 2026, <python>{}</python> # scaling_of_variables: 1, typical_x: 0
1 12 0 0 0 0.14197394839406352 57.11564030724596 0.4926307564615715 129.51599891282993 127.4544964311169 333.57960098434563 -32.430676054519786 -30.51181207484417 -97.68226858036626
2 24 0 0 0 0.15434475214121338 64.01447372709038 0.46770053297791786 134.60595836514494 120.99754587441305 335.2537034857924 -33.87361658145461 -31.88551955525599 -98.95181633149984
3 36 0 0 0 0.15303824895016752 68.01693248915153 0.3548550448228593 126.97189459836216 117.12973698736758 343.7374445240793 -32.80424221254217 -30.28364725831052 -98.56342516579357
4 48 0 0 0 0.16136905254322173 72.05821213755742 0.3673546366742022 129.6601746819551 122.78193734626961 348.00162359240454 -33.83301377747956 -29.049021744166954 -94.73987928732193
5 60 0 0 0 0.16636679657074877 72.20396667558009 0.36019133315576424 123.49448628397688 124.41636334204354 348.9643950080438 -30.83695364730557 -28.986525775234938 -90.952089059241
6 72 0 0 0 0.1706635438856219 72.60887564069496 0.3142687959095675 117.9684816199778 124.17296989359747 347.4661346643552 -28.856299134596746 -26.8712459102436 -91.5271498160723
7 84 0 0 0 0.17578986949231892 73.5896904139424 0.3525453028651603 115.82800198155115 120.57255737577667 354.29119703865007 -28.546996068420775 -25.914307540496708 -89.13363564495171
8 96 0 0 0 0.1701522261536996 70.26917444302708 0.43495604285306877 117.33589266317676 114.73152200662192 373.06841508114576 -27.53322161373679 -25.51329647299104 -93.95641701593141
9 108 0 0 0 0.1686901384130079 71.36525622179863 0.3335519514931994 115.77375276136493 112.80759208586932 361.51276323714825 -28.237192617188413 -28.461377097575255 -92.86702488863146
10 120 0 0 0 0.1600221055155576 67.4230694609256 0.3680685070289122 111.68612686705121 106.17135247519892 366.81521404736156 -26.63054330166072 -29.41166415845254 -94.3336194082961
11 132 0 0 0 0.16016124032569704 68.49244234602756 0.4311244821712956 112.8017520403217 104.59308077080668 372.48283627521306 -25.196681603515103 -27.730409791794084 -93.17231857761162
12 144 0 0 0 0.16093732549918013 68.34370034056883 0.5882781810920877 118.06583472568558 105.20478556889842 370.5193904242226 -24.579774970768973 -30.318953293216946 -93.81204217873486
13 156 0 0 0 0.1742607309277142 64.06618925897729 0.5785107936736349 117.18279122529805 105.77080753893547 369.1282753699261 -26.382843028350443 -30.65783029956668 -87.50512552210854
14 168 0 0 0 0.17519785735965435 72.16658336097203 0.757206020947262 119.20727379987203 105.96887464998125 372.58820212920745 -24.53329031611016 -30.89259675636846 -87.45005599924646
15 180 0 0 0 0.17766920214993642 73.69312585132448 0.7451952288265953 116.42431748558194 105.46583336513578 384.2258543291351 -25.37306048673986 -30.050423100646356 -91.81685202447521
16 192 0 0 0 0.18090578355972545 74.86642133234768 0.7497089375038194 119.1013077871345 104.60323206448271 380.58930822585154 -27.0114112053725 -29.543693676171653 -88.23189060698469
17 204 0 0 0 0.19762135435942144 81.92966216402797 0.7960918909762545 117.04237350934349 105.89754706682804 376.08175482585267 -24.305708341594865 -28.733121664178746 -88.1058296869058
18 216 0 0 0 0.1946767034894332 80.436970377499 0.6739837188629302 120.99059483522964 113.26074453116179 369.3146490249195 -24.851219888363307 -30.91548408627149 -88.34033522743383
19 228 0 0 0 0.18813583497333725 77.92390092180243 0.6429064964535147 120.94277110670734 121.55279879312705 371.6598235900502 -26.309175756149973 -30.159091574221566 -88.46758733594764
20 240 0 0 0 0.18718774196474908 76.255235891375 0.7057020569001928 120.24638097549274 124.07185900125076 378.92188774131364 -26.528512689965762 -28.703471849938325 -89.88918332819766
21 252 0 0 0 0.20081461778744766 81.5348010873967 0.6826653032163453 117.33849821400476 122.34313842541088 373.9492952128578 -25.26998171606855 -26.68053888203966 -86.76727490050405
22 264 0 0 0 0.20520326666381059 84.94418042902703 0.734800583179699 117.5995439990409 126.75512752506509 371.4183479662426 -25.832417327024935 -28.27093246308529 -86.314292115547
23 276 0 0 0 0.20169260893563826 81.20522320268448 0.6500493411581912 119.39373723811957 132.58726224743774 377.46444002540784 -26.267675061944086 -29.355966308299337 -87.48828410732715
24 288 0 0 0 0.19378356878140193 77.59926485244938 0.6576046108636555 118.71726612830965 132.86251878068677 387.6059321172271 -25.5334604545474 -29.048762437756388 -88.61096768539535
25 300 0 0 0 0.19401590750308215 78.14950411581782 0.6949835021448516 122.46999774629364 134.40931396154403 385.185492496244 -28.36466118905706 -29.591916268563104 -90.93591401083557
26 312 0 0 0 0.19197606002032722 75.69056379186894 0.707562959135921 120.80508477888338 134.91771223761012 391.11309308405134 -28.65260788359168 -28.12553352167757 -90.0329101036185
27 324 0 0 0 0.20231374741366123 81.35391398006396 0.6892555247862974 120.9860674395119 131.1571040752128 377.8431447674993 -28.438128964454048 -27.92366804047868 -87.53264700048095
28 336 0 0 0 0.2035808303516894 82.28795004826746 0.7164184372514164 123.17580674223052 130.11997629158796 381.66708283720294 -29.237667254168905 -28.67878584340739 -89.18610189150866
29 348 0 0 0 0.20161925287914262 80.32051730032249 0.7013492893139172 122.33771873059314 129.09967105211481 389.19151625251016 -28.59805934121276 -27.608701217751495 -88.76871607619576
30 360 0 0 0 0.2084322541353417 82.75734207911134 0.7123720915822586 123.10493522857466 126.5313914565967 390.1175975920614 -28.99431748853742 -27.27168541245569 -88.80267481026972
31 372 0 0 0 0.21444712971574947 85.31920810617389 0.7603844406599262 122.7816663541248 124.12700311247677 390.01616446272055 -28.618738675663344 -28.242572973760602 -89.38200417083185
32 384 0 0 0 0.21267550407003083 84.23323555296297 0.6946601406341452 122.4124643983937 123.95452130663037 397.2942470440965 -28.590785190847967 -27.581439306360984 -91.53606213987167
33 396 0 0 0 0.21927390020672682 87.80663307261383 0.7274975885471657 123.21043643396746 124.75123485436079 396.66802339409037 -29.117230762602617 -27.879245540490796 -93.17067030264855
34 408 0 0 0 0.21842109718185934 86.54910826524804 0.7446869345983391 122.50082286987681 123.50074839463714 396.89108231254795 -29.131019060640035 -27.23338536369228 -90.44927712973646
35 420 0 0 0 0.2245481004295114 89.25158119032048 0.7395348316475125 124.47621127244332 126.73940945333446 395.527072777409 -30.414116439131003 -27.530421929748925 -91.45479111266177
36 432 0 0 0 0.23031179705932467 91.16212311627426 0.8170480843157439 125.67266574303099 123.63233639746709 396.2524090686023 -30.135991919869458 -28.763661014822624 -89.67742674690774
37 444 0 0 0 0.23678208752473262 92.433753354632 0.8231878437686537 128.9991864188283 122.07318068900933 400.63129161994016 -32.23836694878369 -29.724156202956067 -88.57774844974408
38 456 0 0 0 0.24996070822141186 97.04844973341383 0.8497135045444392 130.01211216351368 127.62441402778506 402.48277820476426 -33.07348689563585 -30.263818639534378 -88.09257259021122
39 468 0 0 0 0.25054266103618184 97.09037210938006 0.9174911662967362 131.35561945445946 122.49025284367532 405.2805143009894 -34.83669909564601 -31.508705312500403 -90.63857755271226
40 480 0 0 0 0.2415466976015974 93.39739624574229 0.8457339060101896 134.96196985389864 124.52414056809722 417.95043539362933 -37.35079409682386 -30.461288487824568 -94.84134161215228
41 492 0 0 0 0.24312036503415907 93.86574339561223 0.9474246760526509 136.5726207887834 114.9202273760707 415.74802909152066 -38.69240373349386 -34.17024784863024 -94.92128509767876
42 504 0 0 0 0.2628428438200205 99.25368769122689 1.0407738988840185 140.7425442690639 113.43401492297613 421.3961723566701 -40.75206245625885 -36.43474664602009 -92.09167772090443
43 516 0 0 0 0.26687775632166644 98.91047006279818 1.0191473523009102 146.08996996909846 110.83025191231205 433.3041613861938 -43.23786746146735 -35.07597768864189 -91.40370430485352
44 528 0 0 0 0.2724816599107557 100.65289600261963 1.0511210413903354 155.23976346907222 109.6796306241055 429.25564483640215 -49.39671737297034 -35.51004001842196 -91.9062414960152
45 540 0 0 0 0.25969597157073976 94.84129804070727 1.1601227169959003 164.13735229173957 110.84720360875852 418.0833421502983 -54.10513302360557 -37.931363608962144 -86.14656648350534
46 552 0 0 0 0.29701473463027217 103.61953632229473 1.5472571566640874 162.3964062370128 108.20383855063315 447.8706177475815 -52.24107739834046 -37.877977226940985 -86.56824731383453
47 564 0 0 0 0.292915214534976 105.5454676390962 1.4087234667658366 178.53190890287627 113.79547320988173 469.6556994989049 -62.096202588186905 -41.097966533285984 -102.95493784177508
48 576 0 0 0 0.31831576702358094 117.56836050224132 1.403260087297494 183.36360123046168 115.24012803062912 427.47039610489526 -65.09560120814436 -42.93175441972857 -94.5633702771391
49 588 0 0 0 0.3524199674162245 126.11059294217405 1.8332038099811199 181.52275206896576 104.68679482109111 422.9920981344621 -65.96714844753596 -40.75645300253704 -81.95904828328067
50 600 0 0 0 0.3433535970634284 123.45651540362762 1.5847056083740356 176.09232747663012 103.81559601840786 435.00757399695965 -63.097541290712144 -43.44335320748151 -88.78523351725966
51 612 0 0 0 0.35814424124908295 131.4018251218276 2.0976427962076443 188.41087445069843 104.70736092570472 437.17308824647694 -69.6377456691392 -53.06162991998151 -94.37377093306475
52 624 0 0 0 0.3634537374156779 129.58260920664117 1.9521911692753753 196.3948895665633 116.93996558445382 460.0917713756926 -75.28766412817275 -51.83749458411896 -99.92553194536207
53 636 0 0 0 0.33719736841480213 119.23644158217695 1.7786605557250663 198.30411831462865 113.85330067537835 449.93630208367614 -77.68208919500562 -53.565883886707695 -98.93437365379803
54 648 0 0 0 0.3445503407602571 122.8044096176339 1.60201230242973 202.56379057061233 117.95608841567648 437.7277340993509 -76.46243210162561 -48.47567067190687 -90.77582037091102
55 660 0 0 0 0.32255049033757643 112.46095699718518 1.662829209157508 209.78255449733948 116.1003439798962 454.5169814599271 -81.8770373688385 -48.205305066055125 -94.98182068798229
56 672 0 0 0 0.3684591841533999 127.86187965357583 1.7204921953984997 214.06226787152116 118.08086751223536 452.1894210241337 -84.05024185415098 -49.898009347613936 -93.11456823039491
57 684 0 0 0 0.3825276301079853 130.1258768482276 1.5906253877381262 220.79177192629388 118.48163935272301 458.99090572894147 -88.54843231988613 -48.70717274679114 -93.44431016431895
58 696 0 0 0 0.37572469427003213 123.8549764865701 1.623035549219885 223.1313496851385 120.23433738166766 469.7089237523013 -90.2788188759825 -48.57158145533119 -92.24665486151427
59 708 0 0 0 0.39507643151538996 129.21085867255977 1.8829818479537965 229.9069273398442 121.04571612670723 501.88179941624696 -94.61870287316665 -50.742834172445136 -103.52983186719246
60 720 0 0 0 0.4122284105845863 133.87572995121877 1.717524440548409 248.5766581039476 108.02403247394089 492.0869094858717 -108.53263463712653 -56.09731483358465 -102.67232222790247
61 732 0 0 0 0.41179958888965457 132.20922943627536 1.2853796382988125 258.5010130878386 123.77148675415799 483.07242226485783 -111.30645390389061 -50.32945069701843 -95.7880864266536
62 744 0 0 0 0.4147644739882226 136.29859388817982 0.8773614647041784 264.1092959205339 139.5177884115022 466.8400241486308 -112.6791098307498 -46.7427520073618 -94.05495749785995
63 756 0 0 0 0.40499637157908314 137.38271795292522 0.5898053332187747 266.89434619478754 137.72760024116855 442.1143179201043 -114.02018002818069 -42.17136848265995 -91.36225547085598
64 768 0 0 0 0.3870958909061446 129.86428063950194 0.2360136187992274 293.8811522605873 146.61001699099273 457.2222183387813 -127.2171632710721 -38.74407721679266 -94.69192299675055
65 780 0 0 0 0.3837466646034917 123.24755685012016 0.25871124296471093 300.44565117291825 156.10176111833778 515.8766123565218 -130.70109246662406 -39.33689561883488 -108.42695410917936
66 792 0 0 0 0.34621907621640063 110.26235225547944 -0.2938107474167053 300.0097896982844 156.41559668309148 503.980808803803 -126.78286984076222 -24.40767754676807 -105.83045148762493
67 804 0 0 0 0.3493007151128868 114.11318773914151 -0.8245846196677382 306.1054121461516 148.3022394720142 506.1478216514159 -129.6971793384823 -10.916442703411223 -111.2258452198263
68 816 0 0 0 0.2919327983517508 95.68093838653435 -1.051189209907247 298.4977017644092 167.787553222741 480.97830052560124 -124.74523100561503 -13.534149534263577 -107.19489904967111
69 828 0 0 0 0.28162052545298993 88.24615911346785 -1.4923168057308296 318.8367466310808 159.04278666334585 468.7209739289219 -134.2465279947439 -13.592361777783125 -91.52462970423024
70 840 0 0 0 0.25779620120332963 78.5998226973251 -1.6227821490384788 337.09253843062106 154.33005080819012 439.59598259153427 -142.56788193189567 -14.262836953805582 -77.84055758006457
71 852 0 0 0 0.323147119792607 98.98171125751124 -1.3817947370756025 330.85293031119346 154.41831543628635 426.933445562934 -143.12579369441045 -16.01177906264755 -69.59001259750121
72 864 0 0 0 0.2534341064968758 78.5134156478394 -1.7776593333346018 339.30935097283685 173.90378687930254 422.2462574200578 -145.27668197747738 -15.882161408414738 -77.02430723734659
73 876 0 0 0 0.2239804104371304 76.24340390650094 -1.8145554061835392 329.864831489914 185.02245818590256 436.88825361358624 -138.03110790810985 -10.130366759530753 -98.2478869466566
74 888 0 0 0 0.20922936031739747 72.22025878739257 -2.072030555507798 317.20542951846784 192.86165244660071 425.1241414895594 -129.06719911027872 -0.9967678480361103 -94.68754513443326
75 900 0 0 0 0.22300895826390155 73.86320445531737 -2.493546444068853 315.7585644148503 197.45461300323407 420.82317616637783 -128.9617792464183 5.398709457042196 -89.0339818421548
76 912 0 0 0 0.18418218570293451 62.00664993144778 -3.0303954011123007 316.47255351500826 220.59602083792194 382.623665608494 -127.10471174961373 5.824754022835334 -77.12621068859472
77 924 0 0 0 0.12523981133583675 41.75059106638881 -3.9948015207994048 330.6745069372719 242.24268074592214 373.31074818633533 -131.0303622952196 15.79848992295379 -79.68297576473624
78 936 0 0 0 0.16040744895332815 47.32491721364814 -3.7203177709632005 334.0650536827627 234.11037485462901 409.04734885077 -134.16985718973606 14.270926940754903 -79.10020963622242
79 948 0 0 0 0.14173866859614076 46.60225354657793 -3.4727247953256604 319.00547934893 237.8241951216926 382.3383395585572 -126.47270153754802 10.170283633506108 -78.19117003522784
80 960 0 0 0 0.18290944614511703 59.45780857254513 -2.7563250001329083 320.0166178069712 210.78491942693987 397.1565578997457 -128.5817920924202 10.74968028431692 -77.03688529323041
81 972 0 0 0 0.14711941268698975 44.99069112559052 -2.898093400040805 325.5904216530975 217.10786312244642 415.7021536472051 -132.09575850195228 17.0679512136051 -82.88085215516149
82 984 0 0 0 0.16017794783496422 49.41794669543536 -2.8293055381595495 332.1089642566594 230.16940062357682 422.5549385196892 -133.68508029179873 16.20848462660833 -85.61071729155273
83 996 0 0 0 0.12333071474017648 37.484893920229695 -3.017126125575269 330.01797412331575 238.97042692828518 409.8589103612117 -131.4791528708612 18.683169948780186 -83.01453253231801
84 1008 0 0 0 0.1401229113166449 47.42863882953778 -2.8966374063951434 328.51992588642594 236.636212665967 408.786644611286 -129.4365502595143 16.986362160526703 -90.5007217725718
85 1020 0 0 0 0.15899668249106266 48.92817703535758 -2.2784634090255773 327.8360378494139 220.63682446007402 433.99382850632986 -130.43115288549131 12.115181876322314 -87.6319594285612
86 1032 0 0 0 0.14686279450767667 43.833766034262126 -2.2351822430184916 331.0898103099264 210.51800058887852 427.61671965204675 -133.98555432332452 6.520396478574555 -85.08615931119411
87 1044 0 0 0 0.13708848204425114 40.88493372892625 -2.337804464362192 327.74378231444854 212.142371679841 417.8302271913709 -131.67045031202605 5.153495195218409 -82.90176354393164
88 1056 0 0 0 0.17144765089299266 52.01869803213775 -2.4537060862702096 335.00528276555536 212.7738622109414 444.49815574077576 -135.73473012932618 9.132554917226718 -91.74697867391866
89 1068 0 0 0 0.17314495184034778 53.18391380775136 -2.467695573883598 331.7924674915816 217.48919948089636 434.02743454527007 -133.85590087672145 7.325466657975271 -87.76127019656425
90 1080 0 0 0 0.1456399041662941 43.877557067205544 -2.73446898358275 331.1756201240235 229.5835749214033 414.65764503816973 -131.69715063229222 9.551626946073192 -81.39478242135192
91 1092 0 0 0 0.1319614700254656 40.85271364197046 -3.0410091847371468 329.507208197738 237.61173711410981 413.097893581947 -130.1102131742989 10.553347026208094 -85.90297143901218
92 1104 0 0 0 0.12045877840371275 36.608992787472765 -3.2542464242648954 343.4021342706194 246.00789306685678 415.4210735409611 -137.1189711939145 12.069569668733712 -89.11515070476145
93 1116 0 0 0 0.1060609497696473 33.146362668602336 -3.3014183932461667 333.23298766747945 254.45637484103636 414.3264361821381 -131.3219012138287 13.962027640688186 -92.79087003499266
94 1128 0 0 0 0.11365546363874067 35.89718627678413 -2.610812959416128 331.60633940443626 232.80175613783456 414.98443429058614 -132.27237900930191 6.548388354096964 -91.65693359472425
95 1140 0 0 0 0.09035766514551204 27.65935208341076 -2.977401647262969 332.11714026324006 243.9710550310465 405.6811816854384 -131.85865077679534 10.498408857232716 -89.83402170865233
96 1152 0 0 0 0.09045688686930284 27.749202472718643 -3.2798200076583117 342.5852707788838 247.53115853548712 411.36965362047295 -136.68865553052768 13.659894607780371 -91.89862889020614
97 1164 0 0 0 0.09449536624714772 29.789710274158896 -3.1333781031777406 339.78522244941865 241.71079286678798 418.3524165465529 -136.1684051793432 10.23862575305098 -96.81729789887866
98 1176 0 0 0 0.10694824443740117 32.84068242892962 -2.9829504776811935 333.7144035013815 246.1611325594163 423.38492923539826 -132.33064653538023 11.99503160153306 -95.54258306571988
99 1188 0 0 0 0.09451755270067086 28.901718826174864 -3.270314658341689 338.9768626461844 258.2473681473545 418.1812034563032 -133.81438593322133 12.880004746169712 -94.77377686861884
100 1200 0 0 0 0.09536626898115184 28.864092928810273 -3.3592707706209604 342.4667843881318 256.5450078203176 424.8424499245022 -136.51427537765946 13.163261502809227 -97.24519141646219
101 1212 0 0 0 0.08017507389140255 24.058887804125618 -3.54147537951082 343.2261569944365 262.6720756941667 435.8518586658587 -135.66299734021698 15.644698642448091 -103.15849083113064
102 1224 0 0 0 0.08186879346976385 24.770902618041532 -3.7101338067105334 347.7418415469661 265.495830639767 429.41013798373916 -137.54906714341146 17.639474187285337 -100.78421351010181
103 1236 0 0 0 0.091983998666662 28.11523889722127 -3.6993615383251655 348.13223226053816 267.45632869896775 439.51293432495106 -137.85815866590096 18.217858785376283 -105.03031061772414
104 1248 0 0 0 0.08837340454885932 26.792099924636478 -3.94600714945675 349.44102442308883 278.0087231451751 437.4152332431665 -137.51372806481464 21.026301996712046 -104.81258825117024
105 1260 0 0 0 0.09036948778738632 27.72391906383655 -4.080106415806702 349.77601283525746 283.39835157420623 437.71580777466227 -136.87084461305258 21.925071159887143 -105.51409169809642
106 1272 0 0 0 0.08818072874696442 27.20665014187398 -4.367041970245461 354.6550714717432 287.8583864215871 432.79226852223786 -138.7927180222181 24.632127924337645 -103.5848101900549
107 1284 0 0 0 0.09155829616524462 28.40975977687726 -4.331069940779176 354.5036599158743 288.1163173298518 433.44011171483976 -139.35719269531722 24.422597225424646 -104.29572272253776
108 1296 0 0 0 0.09140356548340446 28.20718447046322 -4.277143995149523 354.03651541745353 281.84557931920597 434.166020143339 -139.7842131712908 25.822736604441193 -104.09864784892986
109 1308 0 0 0 0.08641454105845045 26.739940097699613 -4.3806807658420555 353.5570452447503 288.83748817595597 434.3423554218182 -138.74740916173292 27.58149487626269 -104.76798635163283
