% # columns="iteration, evaluation, sigma, axis ratio, bestever, best, median, worst objective function value, interquartile range, 25%tile, current best feasible f-value, elapsed wallclock time [s], further/more values", seed=98760, Mon Apr 13 12:38:37 2026, <python>{}</python>
1 12 20.38228800102772 1.0000444454321133 0.7641657874633275 7.6416578746332753e-01 0.9736099411254677 1.1621079987185665 0.18123781244394843 0.8687185631361589 nan 67.6   
2 24 21.745494621604973 1.2728298858058797 0.7471300607325881 7.4713006073258814e-01 0.8288006377264203 0.9795214457607774 0.14879137800020892 0.798505380574321 nan 148.0   
3 36 21.50933161933398 1.3985404165695927 0.7471300607325881 7.6492608690037711e-01 0.8569046407506082 1.0320264621773967 0.14685258894662856 0.7918823967721353 nan 224.4   
4 48 21.15946482148186 1.542017491166659 0.7471300607325881 7.6638864170303289e-01 0.8702710939208418 1.0833413561004708 0.17002155535132313 0.8006962689926853 nan 303.9   
5 60 21.15545768377438 1.5761625069360776 0.7170940056327771 7.1709400563277714e-01 0.813028702745734 0.9954358506423845 0.14367529849753358 0.7592982272192634 nan 383.8   
6 72 21.47003473413887 1.6012435136701924 0.7170940056327771 7.5793370287065787e-01 0.9816711012306393 1.1446339770547795 0.1729564545389286 0.8531640811870409 nan 466.1   
7 84 20.027589155676903 1.6434248695127203 0.7170940056327771 7.3965467037329780e-01 0.954116088851212 1.0218220579677015 0.15557620015021822 0.8250106180656351 nan 546.8   
8 96 18.134444059728974 1.7222203872937816 0.7170940056327771 7.4833785000363329e-01 0.7981565932705257 0.8597679419178887 0.06403655708998812 0.7564442027894729 nan 623.9   
9 108 17.426409686988592 1.8312386752025391 0.7170940056327771 7.4577578631068764e-01 0.7781217857414413 1.0848807172076915 0.18485765915257324 0.7544884254147228 nan 701.4   
10 120 17.15092185922768 1.7663314102330656 0.7170940056327771 7.4141826983327408e-01 0.7859509826801059 0.9664168024152143 0.08107816924526157 0.7578038439582326 nan 777.8   
11 132 17.879899553690365 1.8759351671136253 0.7170940056327771 7.2717473354071349e-01 0.8312307112774303 1.0255771034259795 0.13732642805720296 0.7533831145262294 nan 852.4   
12 144 18.019917670591028 1.8604616970083023 0.7170940056327771 7.2598384433613838e-01 0.7937687831071003 0.9442249431163066 0.11145844023430707 0.7468776816454503 nan 927.7   
13 156 18.276091764978144 2.0196965041731625 0.7170940056327771 7.2434096370507028e-01 0.7480748843046832 0.9656306655807829 0.13882746770202736 0.7346797939656803 nan 1003.3   
14 168 18.787750109966826 2.092259403686066 0.7059398486670108 7.0593984866701076e-01 0.7890965420970337 0.8730649218751526 0.09828788972102054 0.7384407289840246 nan 1078.0   
15 180 18.441748765216172 2.1513716399646183 0.7059398486670108 7.1930217354659254e-01 0.7623484068191608 1.0083037011359537 0.0833079807211351 0.7332543864667861 nan 1152.8   
16 192 18.635308831239936 2.2937031409215725 0.7024549132472497 7.0245491324724973e-01 0.7332552744539509 0.9720706071344835 0.09096377568791769 0.7180813128726588 nan 1228.6   
17 204 20.32141780752349 2.448730344751573 0.7024549132472497 7.0453847450587537e-01 0.7312953257502972 1.028686856495877 0.049966782009664645 0.7125659080478658 nan 1304.2   
18 216 23.85499450573057 2.566204600828486 0.6944532197472657 6.9445321974726570e-01 0.7692072039034725 0.9945816237462289 0.2261267956949784 0.7169798963522038 nan 1377.4   
19 228 27.374954670824085 2.7415452729778185 0.6889335667816632 6.8893356678166318e-01 0.7450347472889378 0.8537288932861475 0.13507174694832824 0.697306377655801 nan 1455.3   
20 240 29.042931511017144 3.010513360276432 0.6889335667816632 6.9703578414865563e-01 0.7838078285235487 1.0215086598779128 0.21402073639645847 0.7144605600613186 nan 1531.6   
21 252 29.58437566617394 3.153485940965664 0.6639726231036615 6.6397262310366145e-01 0.7085126672653935 0.9648167915850563 0.12717309664816845 0.6896052660437535 nan 1606.8   
22 264 33.303829680267285 3.2992918136420117 0.6596749434269387 6.5967494342693866e-01 0.7632818195742653 0.9144907071025634 0.17252811223116504 0.6787691384497228 nan 1680.2   
23 276 31.79808135443387 3.9654512120810095 0.6453282736813859 6.4532827368138590e-01 0.6776415894398415 0.9948277288368266 0.03324240745492335 0.6661332962933817 nan 1747.6   
24 288 32.00115157456233 4.065635099979959 0.63850839233788 6.3850839233788004e-01 0.6903608628068818 0.9453202757003168 0.14849289778241048 0.6575969201274516 nan 1814.8   
25 300 31.86014014587518 4.096068138347095 0.6295171699002625 6.2951716990026252e-01 0.8226820141827025 0.9949235957261353 0.16405488219517905 0.6667476852046517 nan 1886.9   
26 312 31.38463699680433 4.517734835985973 0.6249286811867796 6.2492868118677958e-01 0.6522554460229041 0.9766309513938152 0.1454860514124665 0.6437838859665952 nan 1963.7   
27 324 33.77712786405962 4.990798235173059 0.574519645085303 5.7451964508530295e-01 0.6339725152194298 0.8527122810739125 0.14656094621102844 0.6160893008315713 nan 2037.6   
28 336 35.60191390877454 5.598179995813156 0.5582364625860389 5.5823646258603887e-01 0.6136976771630356 0.6475455145250144 0.04875252165917965 0.5899998659568002 nan 2112.9   
29 348 33.98899106262486 5.919738826839013 0.5539644357827681 5.5396443578276811e-01 0.6994284372832775 1.019414280801603 0.274073458893636 0.6022239939268206 nan 2187.4   
30 360 34.60939830862776 5.9945548390699575 0.5539644357827681 5.8314735387271499e-01 0.6809656836128212 0.9607110723183506 0.13596934552895656 0.5946956664039291 nan 2262.7   
31 372 35.73109742330571 6.18227794788222 0.5267594401268141 5.2675944012681408e-01 0.6119569356753587 0.7947273728196256 0.05187327973537004 0.5822133295044991 nan 2338.2   
32 384 37.588568807993084 6.626472316988677 0.5267594401268141 5.5050357123510063e-01 0.5973789955433717 0.9703725493910225 0.0641055683711218 0.5632370583084884 nan 2413.8   
33 396 36.39246253831721 7.389478040235665 0.5267594401268141 5.3133925212777611e-01 0.5952013406137779 0.9227202122736603 0.12021828269707935 0.5644854910916571 nan 2488.9   
34 408 37.26808555774371 8.027096738111855 0.5065615062065021 5.0656150620650209e-01 0.5759503817779793 0.9941963344243149 0.1464568166201129 0.562103088543537 nan 2563.7   
35 420 37.90883717275218 8.340731002623036 0.5065615062065021 5.1501124515666419e-01 0.5561818824772502 1.0117634199329777 0.1851860986686109 0.5496126113034834 nan 2638.5   
36 432 39.48387194621782 9.069958840150003 0.48724223700035196 4.8724223700035196e-01 0.6032582946227634 0.887107246539664 0.2286029305652434 0.5311459045537955 nan 2714.3   
37 444 38.7668515133637 9.892783583129118 0.48724223700035196 4.9384839594675889e-01 0.5572983501934496 1.0585053395715596 0.1732309135495964 0.5291933901491954 nan 2790.1   
38 456 36.93788388797847 9.789510015001367 0.486689672380315 4.8668967238031502e-01 0.5257677955007918 0.9155018394074683 0.21767816806443074 0.5108341805215019 nan 2864.4   
39 468 34.89328213509938 10.951418807780037 0.486689672380315 4.9017880926243806e-01 0.5191480073501705 0.8770030241352674 0.2083504808539266 0.5001344097240414 nan 2939.1   
40 480 38.22807722287021 11.448289573163747 0.47347313942108205 4.7347313942108205e-01 0.5026986567274421 0.6076240238204422 0.04435699512232 0.4976075615092827 nan 3013.2   
41 492 37.551853521231024 12.234796305920707 0.45415606562930566 4.5415606562930566e-01 0.498473235116082 0.6702478998836523 0.043474796619844436 0.48150568019512385 nan 3088.5   
42 504 35.26787293595977 12.982088253873219 0.45415606562930566 4.6415450652377577e-01 0.5124682946286039 0.9618008881665985 0.057886114518715615 0.4778235143217523 nan 3162.7   
43 516 33.714270316198466 14.24066268936716 0.45415606562930566 4.6486862495753745e-01 0.49288234287603716 0.803665830679815 0.0252824173875974 0.4738645278314946 nan 3237.9   
44 528 29.505944596797097 14.179347829145023 0.45415606562930566 4.6106142679860984e-01 0.4919157292951978 0.5605607830268984 0.0526983080675098 0.4707404678405089 nan 3313.1   
45 540 29.705362386394878 14.509775210206808 0.45415606562930566 4.6346554976492838e-01 0.49021741004723973 0.7140184703078976 0.05296723033968792 0.47394890541326024 nan 3387.7   
46 552 29.625667068207182 15.72009702092384 0.4474552702076159 4.4745527020761588e-01 0.4905872475602443 0.8947540439040894 0.05522445950416077 0.46624235370171074 nan 3461.3   
47 564 30.749055413208914 16.773889689356487 0.4474552702076159 4.5378831774140427e-01 0.4903867376728974 0.5578709470568821 0.05252273986529343 0.47438987738614613 nan 3536.1   
48 576 30.202088556137024 17.476946506413793 0.4474552702076159 4.5061634983283905e-01 0.4935828173486615 0.8166471977884754 0.04674878816575967 0.47102086751865835 nan 3610.7   
49 588 30.185369423710615 18.075793457211063 0.44702248964570745 4.4702248964570745e-01 0.47544317266229286 0.6163039789274112 0.06321391033899104 0.46498796990922386 nan 3685.2   
50 600 30.21999402475682 18.71044549643354 0.44702248964570745 4.5075903166676468e-01 0.47254977541323107 0.9653944721061053 0.025169287644340455 0.45876988665583673 nan 3758.5   
51 612 27.607064826853442 20.267209259891413 0.4458356050685719 4.4583560506857189e-01 0.4823768312825598 0.5688296388461124 0.05315547366374529 0.45342233137350896 nan 3833.2   
52 624 26.755716148996306 21.15531509005173 0.4326217149885997 4.3262171498859969e-01 0.4551157248318105 0.4781041901844528 0.02752009082626683 0.44567092217892884 nan 3906.4   
53 636 25.73855735977154 23.141894059655225 0.4315516258482782 4.3155162584827822e-01 0.45751122469827055 0.5201008171844823 0.03224338855883485 0.4417269426404738 nan 3981.2   
54 648 28.89662942463099 23.71744819359789 0.4254112320251554 4.2541123202515541e-01 0.4610697729136205 0.4968994278599428 0.024799698816916793 0.4399330113921639 nan 4054.8   
55 660 31.031326038414303 25.551487846614744 0.4254112320251554 4.2892327725472790e-01 0.4651954596063008 0.8194920558638209 0.04664081256392477 0.4360390279728642 nan 4129.3   
56 672 32.230704284668604 26.76257863022199 0.4254112320251554 4.2566807308853438e-01 0.454290139786071 0.6295404668931505 0.04309599991185764 0.4364119961133723 nan 4203.1   
57 684 32.22573633012726 26.454593529481972 0.4254112320251554 4.3504524370286290e-01 0.4508422384786215 0.5063740251771004 0.026942523241628324 0.44170577855538856 nan 4276.3   
58 696 31.072731154354603 26.736923635684906 0.4181972589681424 4.1819725896814242e-01 0.46604178075096425 0.5795557409930767 0.07017124950237774 0.4359925490334503 nan 4350.4   
59 708 31.082736474894077 27.64448185503259 0.416324053908668 4.1632405390866800e-01 0.4291801025210312 1.0546256736543225 0.06289433929561822 0.42435462286112335 nan 4425.1   
60 720 28.0126972061621 26.978802991314353 0.416324053908668 4.1859521979554704e-01 0.4376714151396257 0.6648984066639028 0.07800834731457851 0.43161124799538975 nan 4499.4   
61 732 25.165134778537794 28.465223938993592 0.416324053908668 4.2919954472540123e-01 0.4500741145233649 0.6436202607958075 0.024459054632372412 0.4352936914987889 nan 4573.7   
62 744 24.462789395940067 29.197054646281966 0.416324053908668 4.2115887933944707e-01 0.4443885780109309 0.4693273509207456 0.02051621246869123 0.43654067672918134 nan 4647.5   
63 756 23.270340175074626 29.70826001877597 0.416324053908668 4.2087296625248238e-01 0.43952813508265687 0.4627308652262293 0.016223542121658496 0.43156040660977707 nan 4721.6   
64 768 21.25792442006822 31.030478963731028 0.416324053908668 4.1879444131595156e-01 0.42819841911727785 0.47293966529495945 0.014019676375133794 0.42196400402918227 nan 4795.1   
65 780 18.884989371821195 31.84457894945148 0.416324053908668 4.1959089345125988e-01 0.4250293103311392 0.45358870748815094 0.0065315361571191 0.42164371655220406 nan 4868.5   
66 792 19.623217768746187 33.62945910781663 0.41341991264526523 4.1341991264526523e-01 0.42020567616095694 0.440152390833362 0.004792427735905103 0.41751846299600254 nan 4942.1   
67 804 21.25591982354148 36.503578989153894 0.41341991264526523 4.1389655873643016e-01 0.4234712690097783 0.7355788023123464 0.0179170818448825 0.4187112906351568 nan 5017.1   
68 816 20.15984790488055 37.78453584199186 0.41341991264526523 4.1612590726333554e-01 0.42506505134525674 0.789591711315451 0.018961226527605457 0.4198195229884189 nan 5092.4   
69 828 19.00215490925843 37.01166223664395 0.41341991264526523 4.1512663857332943e-01 0.4271143985329563 0.6286988418063322 0.024624206105721635 0.4208450853897845 nan 5159.5   
70 840 18.186034495715514 36.7724265455945 0.41341991264526523 4.1460014928130529e-01 0.42249408783700315 0.42986711916399867 0.005922782959324024 0.4196467720844066 nan 5226.6   
71 852 17.363635205822607 36.25946224376526 0.41341991264526523 4.1534927543439581e-01 0.4198882216455855 0.4682887242998619 0.008143423177651599 0.41668300218581433 nan 5308.3   
72 864 17.007148994068253 35.55983549633465 0.412943444916956 4.1294344491695600e-01 0.42051622434426916 0.46200329267331075 0.012727407335546392 0.41652008198522134 nan 5397.4   
73 876 16.939455571822965 38.588128088103886 0.412943444916956 4.1304450189009645e-01 0.4174803938009627 0.4372958911060285 0.012990405768654012 0.41526749948849445 nan 5481.3   
74 888 14.799210779244403 39.61386277913353 0.412943444916956 4.1311539281531451e-01 0.4202998636032814 0.4419845654215514 0.004494158207540733 0.41864899966865193 nan 5564.1   
75 900 13.5444382080317 41.09632062785756 0.412943444916956 4.1295099559109605e-01 0.4192631531879646 0.4317810142974343 0.005700463967498737 0.41568948540796813 nan 5649.9   
76 912 14.066463889064462 40.84353199586654 0.412943444916956 4.1327587218921746e-01 0.41745951815627524 0.42759748725816493 0.004193418631284307 0.41461125097784707 nan 5732.7   
77 924 13.660189997918883 41.21883395325184 0.4120669180160307 4.1206691801603068e-01 0.41790473706953846 0.42667125008596674 0.0058582319108025915 0.4148846059802828 nan 5815.1   
78 936 13.294475014721316 41.31298044828313 0.4120669180160307 4.1211936722483888e-01 0.4171555366139399 0.4274411556645691 0.004689789898776331 0.41395894111167997 nan 5896.4   
79 948 12.674395455854313 43.344544972323 0.4108837503405941 4.1088375034059410e-01 0.4160408869886547 0.4620261051917427 0.009340350547589193 0.4139160136610681 nan 5977.0   
80 960 11.25706116417942 44.90095006248986 0.4108837503405941 4.1139019369268981e-01 0.41476798457670616 0.44143042088313245 0.008712997204953554 0.4132863629757874 nan 6058.8   
81 972 10.150493753748648 46.87520341226493 0.4108837503405941 4.1103883581170242e-01 0.4145660655160994 0.4278573142360189 0.008014468069745373 0.41250266996525403 nan 6141.1   
82 984 10.052183186471913 47.96989606152313 0.4108837503405941 4.1130633922939475e-01 0.41332965406331434 0.42920835116139555 0.008587016431949868 0.41207020011333334 nan 6224.5   
83 996 9.461918996168556 48.637667429890136 0.4108837503405941 4.1107479265328262e-01 0.4123471160952519 0.428072222969763 0.0019465919748707927 0.41146410878260825 nan 6304.6   
84 1008 8.778413472195242 47.5557950958765 0.4105759490346289 4.1057594903462891e-01 0.4119453102495083 0.42892643427261146 0.001232956855863221 0.41111126246582386 nan 6387.8   
85 1020 8.75353725838688 47.5742248376152 0.41039015839250803 4.1039015839250803e-01 0.41291159906431496 0.4156002333239329 0.0020629990844550083 0.41138061816193183 nan 6470.0   
86 1032 8.352347650430476 45.042679217321364 0.41031437259556136 4.1031437259556136e-01 0.41239396693029917 0.4242506583465955 0.0014819383963933785 0.4114034937666384 nan 6550.5   
87 1044 7.75910517394762 44.33600415436733 0.41014299201546367 4.1014299201546367e-01 0.41189776799766964 0.4148399584955713 0.0016265406402893312 0.41100946167678587 nan 6633.4   
88 1056 7.708625205256418 42.428212761601635 0.41014299201546367 4.1018517548368338e-01 0.41112805092832694 0.4178016761743045 0.0007851698538554608 0.4106683063493728 nan 6715.8   
89 1068 7.43284800183196 42.846605210697774 0.41013598760894765 4.1013598760894765e-01 0.41091191952571415 0.41905917693692285 0.0019233655488161139 0.41046151223752353 nan 6794.4   
90 1080 6.89782525929601 42.225321604741566 0.41013598760894765 4.1018291716626121e-01 0.4112434833662293 0.41470979509435246 0.0011102239797691205 0.4104625861256469 nan 6878.5   
91 1092 6.800339649322611 42.852014622837636 0.41013598760894765 4.1024449510821015e-01 0.41217349714025153 0.4144936074867396 0.0022266533882717154 0.41065515816736653 nan 6959.8   
92 1104 6.83973076677768 42.7047642701102 0.4100121482302259 4.1001214823022591e-01 0.41126362775802305 0.4128684154417308 0.0017009901733339161 0.41025479241183305 nan 7039.7   
93 1116 7.41331648590288 43.19802738170769 0.4098391703283285 4.0983917032832851e-01 0.4104203178239466 0.4120064993165534 0.0006633612024642965 0.409995307010319 nan 7109.7   
94 1128 7.481458283985245 42.75678546299983 0.4096486019345018 4.0964860193450181e-01 0.4102645855473084 0.41982461287924056 0.0010203243062147926 0.4098800317304063 nan 7189.2   
95 1140 6.68863484886193 42.113572914674094 0.4096486019345018 4.0972597982877201e-01 0.41047277227226087 0.41442282918446427 0.0014552091022385638 0.4101845729774246 nan 7271.0   
96 1152 6.585595940523232 40.493963705306044 0.4096486019345018 4.0977104918479956e-01 0.410154405430725 0.41114887842748205 0.0003665405244370201 0.40991160226849005 nan 7347.7   
97 1164 5.946539438116003 41.14193875169688 0.4096486019345018 4.0970269839661067e-01 0.4105163541313034 0.4136346702467051 0.0008659435633382451 0.40995853304055985 nan 7423.7   
98 1176 5.872535886722028 42.04463895616667 0.40956790242565355 4.0956790242565355e-01 0.4099948889611216 0.41023048148280206 0.0003986508431989555 0.40967903066922146 nan 7499.4   
99 1188 6.033250076483799 41.558298536039246 0.40946955383026185 4.0946955383026185e-01 0.41037649331465365 0.41236742450437325 0.0016109378794064155 0.4097908849355129 nan 7574.6   
100 1200 6.212737764109391 41.93852752968143 0.4093922023418166 4.0939220234181661e-01 0.40966404875468976 0.41372441942514204 0.001608359322346209 0.40948659601732224 nan 7648.9   
101 1212 6.902208698369177 42.29272164746885 0.40906166430917157 4.0906166430917157e-01 0.40968523828519077 0.41073891730756884 0.0005495911038234103 0.40949197361422446 nan 7724.3   
102 1224 7.206855834698808 41.40830919533164 0.40906166430917157 4.0909836124404364e-01 0.40960339572912874 0.4104300959983167 0.0006713062412063153 0.4094173866871927 nan 7799.5   
103 1236 7.834804611570381 39.33357400200373 0.40906166430917157 4.0924295486063034e-01 0.4095748342357205 0.41097146665544093 0.0007674180944757247 0.4093526741821623 nan 7878.4   
104 1248 7.25701012069743 39.83322582822176 0.40906166430917157 4.0925525478867120e-01 0.41074335155706376 0.41333951564782534 0.0015156340117570832 0.4097964352274621 nan 7951.8   
105 1260 7.089150008496829 40.293684175588645 0.4090474643788955 4.0904746437889550e-01 0.4096121243205697 0.4116697294197975 0.0013613000734629122 0.40920041528491496 nan 8026.7   
106 1272 6.874273722868875 38.004167061522054 0.4088283865226786 4.0882838652267861e-01 0.4098406314220666 0.4109807415266127 0.0010559330261690758 0.40930166379202804 nan 8104.5   
107 1284 6.640234766162046 38.0968921929583 0.4088283865226786 4.0889267105189275e-01 0.4098667424401533 0.4114539286664155 0.0009248519471235506 0.409436254492035 nan 8189.2   
108 1296 6.376008086160558 45.53334072395519 0.4088283865226786 4.0904839019555828e-01 0.4098561266846733 0.4115366003927823 0.0010941216095695094 0.4096536617091129 nan 8272.6   
109 1308 6.290717645280288 44.35750664990617 0.4088283865226786 4.0885535330833178e-01 0.40922842750951693 0.4106660264856814 0.0005713836397880367 0.40907452953763956 nan 8357.2   
