% # columns="iteration, evaluation, void, void, void, xmean", seed=98760, Fri Apr 10 04:23:26 2026, <python>{}</python> # scaling_of_variables: 1, typical_x: 0
1 12 0 0 0 0.13784591588939996 51.061655913053315 0.33361815828629443 135.89944439581518 136.79871729547054 331.46455920099186 -31.428508821669798 -30.54230928247035 -97.44872265928986
2 24 0 0 0 0.15439711750358906 57.2973729444111 0.30448137043690393 133.33202160902306 128.3874820051869 334.12462760896 -33.14187735533056 -31.004225594069485 -99.18932209929937
3 36 0 0 0 0.1642808074495567 59.768106485668646 0.3402074386680045 137.88941518686204 123.9488077564617 328.4090925434589 -33.13473943901052 -32.34017237321979 -98.0823400191146
4 48 0 0 0 0.15600024138100235 67.46304302649143 0.2633487312633017 137.82780397663458 123.91972430313159 316.0986183031059 -34.52077015894431 -32.17754748654469 -99.2750139300166
5 60 0 0 0 0.16188290734249738 69.75732787089218 0.30534515151789304 137.22990781650245 117.48120251869189 326.5328160890558 -33.355064113737726 -30.972538092925202 -99.7692204749196
6 72 0 0 0 0.1531200887012518 70.72978232031137 0.186347657775834 135.00127508932954 128.86819203624657 325.0456410909097 -33.617224414364756 -32.35930035029656 -100.91067010539295
7 84 0 0 0 0.14981945903152083 74.96320678275369 0.25337006024390163 130.24403497487464 132.40303199167485 322.07643023298 -31.48369009886671 -34.11398432315072 -98.73130326534977
8 96 0 0 0 0.14748014352384034 71.16392387170039 0.2571188530746899 131.30336616524312 133.52819469848058 329.44036984626536 -32.66527184416862 -34.17656327617517 -97.91212160306183
9 108 0 0 0 0.15428135944776397 71.01055328838922 0.2871454066547692 133.09839810969095 121.06220153599247 322.1982348209557 -32.431355898428876 -32.18558896200801 -98.29076323792118
10 120 0 0 0 0.15793303849934232 69.36861231746177 0.23696892420003363 132.8731329232934 120.73453413549453 325.1501350712335 -32.13481499063656 -32.24612287837725 -91.92549700962937
11 132 0 0 0 0.1521429497209912 68.18797154132113 0.25455271081834996 130.23759512842253 128.840370845809 319.0412347689016 -32.241394513633075 -33.013382147389194 -91.53148278937772
12 144 0 0 0 0.1453193713563472 70.52532100920406 0.23010842112650254 129.82781645517315 132.374051751878 317.9089477468014 -32.571715914433454 -33.02262397696829 -88.90439945836756
13 156 0 0 0 0.15160662477816908 69.75246810301572 0.27781950275987755 128.98002478821454 135.57591101273655 325.2872589407032 -31.949592768601722 -32.8974419043661 -90.36009216323939
14 168 0 0 0 0.1597851286924555 74.94804513822375 0.3295568348714139 132.09493934850857 138.11253527264847 324.6387968794062 -32.63568000507648 -34.09405060013267 -88.05663515285812
15 180 0 0 0 0.1547695324555466 75.1462385018166 0.3301677241308344 133.25177923625424 139.20506053309896 326.18605394142577 -33.952727474114056 -33.45975246393762 -88.04583729326879
16 192 0 0 0 0.15423912801779563 77.8242990555914 0.3805841318475204 132.36026278704293 139.54165708818797 316.1751281756211 -33.50725464717227 -33.38804282932832 -90.20429450586828
17 204 0 0 0 0.15666781856941267 71.78018671322391 0.34306493365755175 132.11570440023328 132.6624256813019 317.8867995437251 -34.31270921648466 -34.381264391964066 -90.45934700184017
18 216 0 0 0 0.15825310203736595 73.17728107372959 0.42530199648760275 132.20143168109215 133.57678494198314 312.06109234554464 -33.09653336987483 -33.44754390931151 -90.69687810145233
19 228 0 0 0 0.15013536166298386 69.13632990500912 0.449009568271748 134.42878170530895 131.62257990345296 309.5931328650365 -32.787710507031576 -33.82437827680026 -93.27084502385733
20 240 0 0 0 0.14596829063741215 71.48350570343716 0.47322139659558227 134.5740224905737 132.3669016380831 308.1406442977843 -32.73525838764063 -33.2765661266712 -93.5340879117184
21 252 0 0 0 0.13955607941602804 73.03451094944715 0.4484373258328355 133.64605036076918 131.86611215771416 305.2072833837982 -33.8132270570398 -34.20770589959636 -92.75759166831173
22 264 0 0 0 0.13367520768579938 71.04502239145111 0.4631504969492605 130.64487342193425 133.99729266350639 310.4275157017145 -32.9959115258675 -33.442281232779074 -93.7658537000404
23 276 0 0 0 0.13458493718332398 67.30928641718779 0.506807737696794 133.17414984798842 133.1881216539004 312.03677745452256 -32.75399255613071 -33.16873693774049 -93.92019272879884
24 288 0 0 0 0.13413188657345507 65.83882268849304 0.5198271106883936 132.93739790013765 127.53575787703967 311.32605637135396 -34.53801632919226 -33.335791213985694 -93.12426194140623
25 300 0 0 0 0.1276007095871074 65.14703781479118 0.5513866508167133 134.04598528274943 127.28018525193515 308.11292504075345 -34.501561247766624 -35.127926316401094 -96.95306708881103
26 312 0 0 0 0.12734506884953856 66.9796433487918 0.5915192219320571 136.72339673328545 128.87786705694052 301.33042257860563 -34.85776080781404 -34.54989608739033 -96.05280831699028
27 324 0 0 0 0.12552671291482875 62.81321787097454 0.49656803556186685 134.48758294027692 127.55551849951595 311.08970673442457 -35.033278605544304 -33.817991971673244 -95.3442692252394
28 336 0 0 0 0.1321037136337286 65.39606646888338 0.5281432205461704 135.78314239417313 125.22400634503585 309.90451893959363 -35.52692917877053 -32.67081601185326 -96.87111623683133
29 348 0 0 0 0.13602937834988257 64.79932345625087 0.5609397129051799 137.53715766636392 121.81838556145934 308.6391660664783 -35.88687405245306 -31.62365527916645 -95.4235122421937
30 360 0 0 0 0.13126893294048106 64.78498323791693 0.5893775449638823 140.67366444826865 126.27903297931393 311.1131581605332 -36.35992018829806 -31.50903029319355 -96.74608388815096
31 372 0 0 0 0.13546553507448467 67.01663814945955 0.5534132286957474 139.61033950759614 124.18123477023244 311.380104515439 -35.22126172789994 -32.34075772648871 -98.054429416842
32 384 0 0 0 0.13329697975055335 64.45017957507811 0.6059907660926732 140.10321323303666 124.18884333315305 314.4847884166524 -35.70474982011876 -31.364840389836413 -96.84105633012905
33 396 0 0 0 0.13431506952168837 63.829971213531536 0.58659264824932 141.5386387647415 125.04956965483683 315.9075843975519 -36.75137623750508 -31.714982628998698 -96.24114470849133
34 408 0 0 0 0.13671727691806165 64.77707087025343 0.6420812625265481 142.94778478749393 123.98449917325011 318.0324629688683 -37.529095715041024 -30.849478819383883 -96.93627426561447
35 420 0 0 0 0.1345791039279677 62.4645281084571 0.5763581972995304 143.47766138312537 122.14418480956276 321.3405982814603 -37.69430562866501 -31.443599886774898 -96.36023634763863
36 432 0 0 0 0.13789549512100177 61.22877920544441 0.5734309655247571 141.65358192380927 119.21069483384413 321.241825721954 -37.230878985863875 -30.783969978763793 -95.30571645864167
37 444 0 0 0 0.13713850118229817 61.254612748850114 0.5669813216911712 142.23223899306026 120.69598831087846 319.3698639145724 -37.1965439996361 -30.71287716409518 -94.59508230024309
38 456 0 0 0 0.1351292342143157 60.40672777866276 0.5838359357341978 142.47157364068036 120.35830085378785 321.49535941728925 -37.21949156841079 -29.590116419476495 -94.93600022417748
39 468 0 0 0 0.13692673587358034 58.951651259200816 0.6016615045883731 142.68850995812232 119.73623695294512 321.91969243103864 -37.35532726572477 -29.341342707386193 -94.37956389595642
40 480 0 0 0 0.13708762676349168 59.965272098561776 0.6073088543166762 142.1971675335493 121.06376164580502 323.47431957296567 -37.14557150394255 -28.802600925802654 -93.77104356725651
41 492 0 0 0 0.13699521797743114 60.15764958953452 0.5983514160483998 140.5347512696808 124.01702920328282 325.3250895467302 -36.5719728598415 -28.330812012818416 -93.19247427013542
42 504 0 0 0 0.13389855194162387 61.35066993824934 0.5829930558846886 139.19860884368495 121.45486226818602 321.9394919910388 -36.48851929207868 -29.45741356737081 -95.39567884364963
43 516 0 0 0 0.13571806820328383 61.156104123975624 0.5506511509001905 139.60610954052916 119.91943691620622 320.27147324208164 -36.52462313564729 -29.57759109430449 -94.99243021358411
44 528 0 0 0 0.13657026206596562 62.228703893903536 0.5332261272707384 139.81950705573507 119.94225878216317 321.9390183961967 -36.60603798033112 -29.793615742955705 -95.2565556167673
45 540 0 0 0 0.13636623829927907 64.14591128622203 0.5166029648198114 140.5111925350798 119.78642424450129 323.3049267741492 -36.72159418756891 -30.15792685816604 -96.03163926101003
46 552 0 0 0 0.13880987089082886 63.93717614488272 0.4801371029666007 140.1101495804271 120.84933587888025 323.71903877970055 -36.62936627513591 -30.24127664860226 -94.52619666833314
47 564 0 0 0 0.14185281138644576 66.63220152778518 0.4632052375868557 139.65471900133969 121.59836420876077 324.4345819656371 -36.584565986345595 -30.825075534066677 -95.71993257088496
48 576 0 0 0 0.14269203586749665 66.03326270863475 0.4685108137175432 140.3736208650289 121.71188152034922 325.07509834193735 -36.78844177111045 -30.310832283701806 -95.01253914777435
49 588 0 0 0 0.14218545175505184 66.04388862617458 0.46168170065911396 140.61578378868845 120.48628777043592 323.2439754451955 -36.888456598708736 -30.94613757132866 -95.03924290558973
50 600 0 0 0 0.14084290258348697 65.56605559189055 0.4605914349317819 140.95886861232614 119.91754841154517 324.0777170444765 -36.92956804551398 -30.208926030662973 -94.5613645301039
51 612 0 0 0 0.1420016184767753 65.29132055659228 0.4387588818371461 141.42300298950389 121.21037285180553 323.8823006116436 -37.052167960816476 -30.0897713030392 -93.74939656399434
52 624 0 0 0 0.14307153900887962 65.15329825512586 0.4538403081192651 141.4867826169031 121.23908880858869 322.5480434564334 -37.090737777965025 -29.785625251196137 -92.6216897127952
53 636 0 0 0 0.14124575359459243 64.94733762530556 0.4618428963384717 141.7447741362392 120.1851236966752 322.05559608203504 -37.14206863620669 -30.14788462046708 -93.21645471801574
54 648 0 0 0 0.14163628866634745 66.03514497201124 0.4726800828885378 142.6922219069825 120.55582973058293 323.7736854185277 -37.42479307862009 -29.95325208827743 -93.2882713231789
55 660 0 0 0 0.14255610866709956 66.71299399385724 0.4788953412751967 143.23570204058646 121.22321080293155 323.18331039876256 -37.58574488700688 -29.998182227932755 -93.55738125370574
56 672 0 0 0 0.14428706308550482 66.82346995786995 0.46223631839417734 143.96863602614354 120.55870613334572 324.64562563832425 -37.81617724336749 -29.87652013983382 -93.73714883455123
57 684 0 0 0 0.14377187017800921 67.20530987286502 0.4910242663905997 143.87496348252452 120.790271334976 323.9422822989831 -37.80944210690582 -30.125173085578602 -94.78402280161582
58 696 0 0 0 0.1444354751420381 67.37224749362888 0.5051282332581666 144.0143283538437 119.93853565032036 324.38140725366765 -37.83127917107551 -29.645379984843444 -94.11339016459912
59 708 0 0 0 0.14440890342893006 68.00922322288504 0.5186154350298 144.99394887976786 118.894199205042 321.8266177048738 -38.14669376120374 -29.92521607750341 -94.88314618843684
60 720 0 0 0 0.14373222722025544 66.70198925520633 0.5063576749012518 144.84699667065573 119.84128155885463 323.2212462534619 -38.08868084014651 -29.921853767496433 -93.72108084286069
61 732 0 0 0 0.14335193141392905 65.3402376840279 0.5099040004938714 144.39225962207715 119.54263812103697 323.0307116546327 -37.94121088845106 -29.641122122325083 -92.56261290054329
62 744 0 0 0 0.1422217231912181 64.73762680690797 0.49526722984005056 144.4052932010196 120.34690829980133 322.4818838206224 -37.931149354860295 -29.69022785783515 -91.70766361551122
63 756 0 0 0 0.14193253678417336 64.50439574982639 0.47079596202040264 143.81206792295902 119.91107510425705 321.9533483450839 -37.754825713238084 -29.819219048316736 -90.97903618551639
64 768 0 0 0 0.14349085426429453 65.06849580341462 0.47556604321714246 143.39210649076182 119.78399429591921 321.5350397090617 -37.63947093943266 -29.928487788754598 -91.31337403420423
65 780 0 0 0 0.1436416374699414 65.43295389560765 0.4639198502489182 143.2266385592307 119.61325184036386 320.6644758030595 -37.62870158060386 -30.27048079458045 -91.26345503265556
66 792 0 0 0 0.1438531579973548 65.82904549215804 0.46108580253054854 142.99163642292777 119.92794594854271 321.14775349369387 -37.57892521409776 -30.42219840219085 -91.7536453592412
67 804 0 0 0 0.14436768090703359 65.92812361965528 0.4741452693426971 142.7293486602816 120.45116791073795 320.4873691848932 -37.481255842243115 -30.635765942532835 -92.21612274907251
68 816 0 0 0 0.14527729380839266 66.2895560823342 0.4800705596865013 143.30232169987778 120.67924802099627 321.21253448462085 -37.625971967872054 -30.483731007245822 -92.08304297584432
69 828 0 0 0 0.14624226391868345 67.53435708464998 0.4934888465926698 143.25673964671432 120.84093880738595 322.92332573954474 -37.63389456337154 -30.610439625360158 -93.71336916847979
70 840 0 0 0 0.14796501119881444 69.24409186200172 0.5001753282185329 142.8915970184541 119.66921631527829 322.0424043326741 -37.6069310234472 -31.068741054981256 -95.37575610913711
71 852 0 0 0 0.14705627346311492 69.54259555100738 0.52295897912143 143.2544451998537 119.51852668862333 321.65335994620415 -37.699483081531554 -30.998291450923873 -96.43349746957831
72 864 0 0 0 0.14772664001766536 70.24548141177543 0.5485347789397758 143.16102312523194 118.42515026842919 320.1313196900912 -37.732662295817065 -31.451946749597802 -98.04881245630324
73 876 0 0 0 0.14710844775479257 69.45780125280469 0.5230079806701768 143.30373307483464 117.43377975955107 319.8649639028217 -37.77016247952166 -31.281878621074057 -96.04971576554645
74 888 0 0 0 0.14654560481425435 69.5682642689445 0.5420988740155596 143.179750079691 117.72471993570038 319.3721357233307 -37.71949065334373 -31.137702316086163 -95.79661042216223
75 900 0 0 0 0.14516541676735778 68.47600881257304 0.5582975347736352 143.5427800956041 118.30904442555077 320.6414809170326 -37.7489844946627 -30.447242840897353 -94.70552789889206
76 912 0 0 0 0.14731576106933175 69.02547220675373 0.5495422017103913 143.6651186195819 118.09493651012853 320.1293215517522 -37.773880910403086 -29.987302210818243 -94.55195707678435
77 924 0 0 0 0.1475402615145954 69.24582062769358 0.5425849220178658 142.78606671338775 118.67870167707274 318.3694661743348 -37.513025158844925 -30.035248948159023 -93.89370769540129
78 936 0 0 0 0.14825916850393372 69.68347009085952 0.5277295512574481 141.98254675280955 118.9358501080509 319.0438142853454 -37.310292586604945 -30.418552434546914 -94.74226390516918
79 948 0 0 0 0.14876307935990946 69.16814387899234 0.5253463234373681 142.08751282499608 117.68833261448256 317.6061814785511 -37.35547792241496 -30.258393509194732 -93.5416484630699
80 960 0 0 0 0.1496333009355546 69.4809357660642 0.5185550594817246 142.55797256628065 117.97401426587088 318.92690454869836 -37.47061244071867 -29.91937551544641 -93.12692851847125
81 972 0 0 0 0.15014291106029246 70.10448203829787 0.5452900125548308 142.80017924013046 118.06842942792638 320.1590836061378 -37.51396362090666 -29.61666026591322 -93.6477934948317
82 984 0 0 0 0.150063291637737 70.95050685972488 0.575667157754568 143.15035543373003 116.77272192649794 318.91133786675346 -37.65441002567454 -29.678854646226583 -94.85169460493988
83 996 0 0 0 0.15143630644843198 71.50052384999297 0.5730894913787499 142.3850782238741 116.8701026676049 319.0710537595601 -37.41768488719116 -29.662613035171915 -95.3670657595891
84 1008 0 0 0 0.15176610309558028 71.84103435647643 0.5861271228477363 142.33769530890373 116.61268937032513 319.61393341861236 -37.412317107222286 -29.53374570725187 -94.99989233301878
85 1020 0 0 0 0.150456161250025 71.04480943741946 0.5755450707263692 141.86306853108056 116.41538701827588 317.76525778061387 -37.29087589213266 -29.825460245279487 -95.08798667198536
86 1032 0 0 0 0.15078402410677863 71.38325781991404 0.5773734570085289 141.66529023819263 116.39367395450205 316.43597809182603 -37.28001614710255 -30.347225238027207 -95.31774205469648
87 1044 0 0 0 0.15227234520679747 72.96213934020717 0.580915744733504 141.87470343637136 116.10526313981468 316.82904428581685 -37.37591359501449 -30.74791287756747 -96.6549620780047
88 1056 0 0 0 0.1535057636455578 73.52327738179135 0.5830061697188141 141.04941808423234 115.22096785458025 316.29733837942285 -37.13249179532165 -30.45796020928672 -96.41694771635049
89 1068 0 0 0 0.15364577930402212 73.77725964603034 0.5838430334918442 140.3840114121558 114.21453637497835 314.092627625824 -36.99965998936994 -30.78233982523938 -96.40524871162182
90 1080 0 0 0 0.1533395388947698 73.48195856024772 0.5992983174179298 139.78635611595257 114.98677334596249 313.59016960244793 -36.816588359198875 -30.841725810894374 -96.5428765806818
91 1092 0 0 0 0.15471236753248904 74.89939639949388 0.5935549522373129 138.80292390567703 113.40662332706736 312.31289159405657 -36.639742081205256 -31.790699747123764 -97.84135587249459
92 1104 0 0 0 0.15606331136518317 76.01653852531878 0.6046441799544023 138.37553168531636 111.15152992133181 310.34103151568013 -36.607072706684605 -32.482407219582896 -98.30905425389771
93 1116 0 0 0 0.15762173354962616 76.80164975213272 0.589626945148457 137.92614238182827 111.9649430053529 312.6330469368251 -36.50323433648336 -33.04929943803381 -99.06666760976277
94 1128 0 0 0 0.15784088689622203 76.47922694151417 0.6111777453257686 138.1449204606256 113.80918549778855 315.3012317318988 -36.4511523401479 -32.03545336616586 -98.2884071156174
95 1140 0 0 0 0.16157289199748134 78.91014015272084 0.6249035504593399 136.95338667517638 112.63605674304875 313.576187007644 -36.195489136939024 -32.698925846644684 -99.22067111817134
96 1152 0 0 0 0.16003656801095156 77.66153635929336 0.6122986034458995 136.7162253690375 112.2943314526341 312.5621238754402 -36.14500048585329 -32.703564264945754 -97.99508345793453
97 1164 0 0 0 0.15967295613641627 77.39628766850834 0.6457811927831258 136.46568978420146 109.24521076448353 310.43028890960807 -36.1109793658949 -32.42838267625361 -96.82989693560953
98 1176 0 0 0 0.1628526621432414 79.07450019680303 0.6965414619869733 135.2414141867694 106.77895137776707 309.5850832400056 -35.838481197765645 -32.72367229602446 -96.57844743748645
99 1188 0 0 0 0.1600867986724704 77.4589217753715 0.6735535452642313 135.45037313065924 105.64161596681453 307.4545377601393 -35.842623832726694 -31.963164360576393 -95.55391736075349
100 1200 0 0 0 0.16449067765324685 79.83578467220454 0.6720926941531896 136.21377410761642 106.02477560185348 306.51137924721513 -35.97800871815242 -30.58090365454051 -92.90513375316138
101 1212 0 0 0 0.1613605339223884 77.53250283300363 0.6646121817606063 134.68431586023263 104.2406808312494 302.2469155503738 -35.52583125154093 -29.843657150037757 -90.16883651513702
102 1224 0 0 0 0.161928811697495 78.04970396586963 0.7057681277951541 133.9198698234266 104.21643143036681 302.33896138926684 -35.34975913715793 -30.646825931059183 -92.45603494863943
103 1236 0 0 0 0.16419595762628256 79.91055776076445 0.6928811996848562 133.2117363517118 103.14320060320142 300.21060064112925 -35.19324516831671 -30.568108783818495 -91.76465458621432
104 1248 0 0 0 0.17031704119501007 83.72725934039245 0.6796114183957781 132.89095197803874 103.03131194239232 301.8110760291165 -35.14152989307897 -30.89014248072108 -92.97081685179373
105 1260 0 0 0 0.17201931585145577 83.90373123929496 0.7195946228681127 131.95039825902708 103.7218741544255 303.72683728373516 -34.825068976320985 -30.54066468986603 -92.73662144101004
106 1272 0 0 0 0.17507628417036752 86.1437429363081 0.7294042322864976 131.82598616574893 101.70753604416457 305.25977208428077 -34.8202675316231 -30.19493234500232 -94.14998082816456
107 1284 0 0 0 0.17214867858513253 84.08692029849323 0.7234022969332108 131.29978567728529 98.31353948858815 303.79560644954614 -34.69884234498474 -29.841697049180464 -92.7441595034229
108 1296 0 0 0 0.1705190475424163 83.09889819803125 0.7178022260182892 130.15937775288546 97.10444075797596 298.36884668638737 -34.389549397468905 -29.852770850493517 -92.59532165104865
109 1308 0 0 0 0.17422058192635326 85.24938887399098 0.7449541451330353 129.23423407728782 94.20871795173214 298.4360895328315 -34.171343644718064 -29.598704416164487 -91.7527945211339
