% # columns="iteration, evaluation, void, void, void, xmean", seed=123450, Wed Apr  8 11:06:53 2026, <python>{}</python> # scaling_of_variables: 1, typical_x: 0
1 12 0 0 0 303.3084202934211 278.6285136112339 28.777791761131663 1.4513852618741785 3.7796697238744428 0.09842449049051115 0.13478311455163283 0.32197984225709353 1.2396185294023752
2 24 0 0 0 316.4553196550335 276.92424329825764 27.754340383456785 1.2581125069615566 3.507362713131256 0.10732121811021424 0.10474985069723053 0.2847907441859562 1.221442754991334
3 36 0 0 0 322.5297546456942 276.23729482099395 30.062917223706005 0.7745907934262548 3.102815403227746 0.10562027964136399 -0.027804218507764704 0.29621742442593 0.9648151615219291
4 48 0 0 0 320.7419646830819 285.6497002011384 22.639069081561114 0.991923083401562 2.804641212502918 0.22179815558368884 0.1406773390633356 0.4572861646835732 0.536527489856208
5 60 0 0 0 328.3930298204115 273.760374974656 25.758074599609863 1.1381236730396012 3.1163787229041335 0.16443261372706952 -0.15856949883486016 0.6878529065223986 0.307604267580138
6 72 0 0 0 333.68545219245937 277.54424187603934 24.49142813857537 0.8991680460100436 3.518499682127808 0.0862824662642396 -0.10031438745744227 0.8471936248819408 0.20466680428955486
7 84 0 0 0 333.08875167477015 279.5029134875397 22.071412249904757 1.1812337975869192 3.8271090537616024 0.1568997608806301 -0.034823666509201115 0.49008893108854773 -0.28111850606674127
8 96 0 0 0 335.57686696169037 278.04312438727237 26.366053994908086 1.8584812590117847 4.05215307272507 0.24726197558985166 -0.441611157908704 0.4441189075301289 -0.5669378242248252
9 108 0 0 0 336.5320567141293 284.2265029457088 25.770380010495245 1.4369612328718273 4.384536458905937 0.2678282210459326 -0.6080490598143796 0.6333302289881025 -0.6288941052772686
10 120 0 0 0 347.66621397745376 278.761410710972 23.734366086820106 1.6213732458893835 5.262452308257354 0.31634059480763704 -0.9619593873223138 0.378811714525348 -1.2947157362625428
11 132 0 0 0 345.6611970184096 269.83721912747814 20.433833044856204 1.4680073587777844 4.548083081762499 0.34772285070049164 -0.8355027916232882 0.28620502111336144 -1.2826749572256317
12 144 0 0 0 357.2048083860347 262.03178335011484 20.8630216375801 0.4162414500422361 4.347288659482276 0.26587485435385333 -0.8786689893586282 0.30884828489794025 -1.4089618084099644
13 156 0 0 0 335.87197746629386 257.3542220839171 15.359536539764887 0.37264367433418805 4.016161511934054 0.3184375695958821 -0.7776187029591817 0.3477731067692396 -1.2877713889874798
14 168 0 0 0 345.1798224529644 256.6057391111361 19.90173231243703 -0.40865571400353806 4.18432972421178 0.2301744041249425 -1.0333533142703257 0.3008470551094923 -1.2163298723924432
15 180 0 0 0 350.3586266739139 254.13347209362462 16.512093374032116 -0.00594101306615288 5.13931806802971 0.31822131997182684 -1.0359709938017685 0.3476979167789974 -1.3623468405694035
16 192 0 0 0 350.25818239168507 264.16332665593484 13.336908302758731 -0.5857106335836106 4.114781672535465 0.24539512571230182 -1.3487352281482141 0.15983674261087508 -0.9767164306337927
17 204 0 0 0 350.25747565074323 260.1876411902214 19.689152115059308 -0.14497946956208488 3.931079608029296 0.3127261400418245 -1.4226856809738657 0.16923058195785415 -1.2748617063413632
18 216 0 0 0 357.5024030472262 263.0326807422452 16.035655901411683 -0.16468770597226334 4.417747531964059 0.2930612234650843 -1.1072762354902455 0.15189360977412703 -1.5479247410941692
19 228 0 0 0 357.1816752911608 266.88830246073445 19.95800837542197 -0.4423204241633619 4.831360750441045 0.22025461044740147 -1.1218872277172272 0.1859252290747737 -1.3162484908250387
20 240 0 0 0 362.08249582101314 262.74017662947085 17.531104658112262 -0.7197803921885016 5.357635788013515 0.269609478443945 -1.265316883079167 0.34839329271697317 -1.5940219104539939
21 252 0 0 0 358.122490528163 268.6211000918214 15.935573655856352 -0.8642528645878866 5.620754706043282 0.2808403065307937 -1.2381045634447405 0.30827967594014205 -1.6251759410124962
22 264 0 0 0 364.18352766331395 274.98759991893667 23.431821376646603 -0.8149114497353732 5.449663107607581 0.22627256306400964 -1.5334374575647283 0.13759378791273627 -1.4331773502884446
23 276 0 0 0 367.2361585702553 280.71452853223093 25.821150840870935 -0.9157783562000216 5.507433583908561 0.25549684720525634 -1.508607331576044 0.2416557925306547 -1.2664392253185088
24 288 0 0 0 372.59868440301807 289.1549417999926 23.955042536753616 -1.0288644368301212 5.3671065524361525 0.23650566306439375 -1.2771511535338769 0.4072998300035435 -1.1092303643283057
25 300 0 0 0 379.6581631720411 284.7411915840876 22.996747563957655 -1.104792522510376 5.032964903422952 0.2339073129031723 -1.2914695963494136 0.3030251212407869 -1.1054018182177927
26 312 0 0 0 384.1803350156023 287.5009251008328 19.374403709116855 -0.9734180791308082 5.205496143832892 0.2906886126253625 -1.015498912580025 0.430260498303091 -1.1852591222778877
27 324 0 0 0 384.4029007407192 292.92935290009353 19.324912379739814 -1.2248735475054433 5.664682969393084 0.3460647335589733 -0.8524459845454818 0.47925266167806374 -1.240170443878135
28 336 0 0 0 384.5503307693705 290.82768050716584 17.26552561597299 -1.1121680342534754 5.367115026946255 0.34929433990939784 -0.9847160858178472 0.522022490885176 -0.9437726854727161
29 348 0 0 0 380.2413412443546 299.0256729679865 16.260386950301235 -1.485358616081387 5.41844786473019 0.348820345608676 -1.0006828613239391 0.606286680847878 -1.0879415010666582
30 360 0 0 0 374.11450849417946 297.49947925244004 19.730232576768724 -1.224575225519519 5.544805514100488 0.34528102923819354 -0.7333531406972311 0.4855151102008649 -1.203106493077566
31 372 0 0 0 373.95510956286853 295.2709458699135 22.07068397884643 -1.277578353635788 5.628618071894714 0.3533956886307175 -1.0201390648680828 0.36689627659510504 -1.3388394893327455
32 384 0 0 0 371.2831593913121 298.1227312344621 22.976818735339677 -1.5096207411775437 5.806881351512101 0.34917519860867285 -1.164119588078748 0.23040931524488634 -1.0182274256215706
33 396 0 0 0 372.7336103395812 299.69680849009893 22.669695900665793 -1.3580973444752402 5.752400917240094 0.35303342146436906 -0.8559951284750607 0.29828970764884893 -1.1573473758236448
34 408 0 0 0 373.25608532571886 298.9745011885097 25.615123033065565 -1.287903490362021 5.839161411822056 0.3527953755575008 -0.9020941707426847 0.32189222365060494 -1.3438787045432572
35 420 0 0 0 375.7441931247934 299.7920303097747 26.7139772023405 -1.3409568535296283 6.116103265586801 0.3407173587669883 -0.964920590902683 0.38938327602326095 -1.3839518197072023
36 432 0 0 0 376.2121449529798 297.2600992851477 25.99234619374796 -1.4560395912500164 6.149825108759993 0.35503707179782823 -0.8663651018003914 0.4251821205856743 -1.6293074660139577
37 444 0 0 0 377.17934179071096 297.8251990505495 24.510997020731512 -1.4272060651208445 6.066024147054249 0.3280612213350005 -0.8469625676179298 0.3835274445498154 -1.5342451504376067
38 456 0 0 0 381.15510838095764 299.4642083385721 23.01826398862061 -1.4783662666514783 6.094822815489485 0.3219509847696569 -0.7847732662670477 0.46907812032448515 -1.5928858879489254
39 468 0 0 0 378.1761821598372 297.92497339460346 21.96349902867897 -1.5079137297300678 6.034579131082789 0.3557776070838042 -0.692028231035985 0.5024225823803535 -1.5327449739070695
40 480 0 0 0 377.7442862847548 299.15311660418104 21.119675638783466 -1.5160135607204384 6.420174786053411 0.3902679978868127 -0.7361154961030526 0.4777147211262455 -1.5117671449540366
41 492 0 0 0 379.1864625572638 297.0587368438438 20.473513833451467 -1.4736580853564587 6.607106319442151 0.3921617656477383 -0.6786912297581983 0.36370536142715976 -1.4174887166000267
42 504 0 0 0 380.6155241581004 303.67360432819373 18.91134239720216 -1.6171012904172157 6.594316860375943 0.36741653447414874 -0.9213920063348299 0.39945043720743556 -1.384325499574489
43 516 0 0 0 377.2346363017175 298.7290366309063 20.428406692791352 -1.5291547839916155 6.475358644205552 0.3914346334690479 -0.8281300491738457 0.3904258824983915 -1.5134351964699657
44 528 0 0 0 376.59692767779546 294.8706679649623 20.1298654181075 -1.4828010843928885 6.575227649778382 0.37287589991094655 -0.8218776382485974 0.3598331889269864 -1.5626959576910953
45 540 0 0 0 371.565484738544 293.8750456792105 20.84348364829427 -1.4860579401834515 6.383160416157517 0.4211468734980685 -0.6769962254199877 0.30593640254804955 -1.5983936229737343
46 552 0 0 0 372.2504312165892 291.7900671860263 18.918337243253394 -1.489615064756909 6.416185825128508 0.43908982634623156 -0.7532215561553477 0.27256913606674504 -1.4399061973669554
47 564 0 0 0 373.4712343170769 293.40305717735373 19.624091356518445 -1.47747157108369 6.422897338975831 0.42482537188495434 -0.7865400798201603 0.27040146964912204 -1.3963237261573114
48 576 0 0 0 371.24796220114354 288.3426783560857 19.29828721781594 -1.450848956272946 6.325484494313165 0.4482039667080276 -0.6566308059124035 0.24162670246582624 -1.5183772812619583
49 588 0 0 0 368.2139423151276 289.7228820728344 19.973760046614125 -1.43104671009094 6.204950718961708 0.4491250510507361 -0.5295842504188198 0.24204005098428835 -1.472306627399624
50 600 0 0 0 364.67728366272365 287.90872599279896 19.307632805764925 -1.4599750411069872 6.164560158074598 0.44834226837603547 -0.530506783621386 0.24918956166400708 -1.5084467191087738
51 612 0 0 0 361.61830030938705 282.667307064692 19.148971091176378 -1.402203387501715 6.20086845980617 0.46803923896269567 -0.6344392759094298 0.22262718244434335 -1.5873620972635194
