% # columns="iteration, evaluation, sigma, beta, void,  sigvec==sigma_vec.scaling factors from diagonal decoding", seed=123450, Wed Apr  8 11:06:53 2026, <python>{}</python>
1 12 20.975731864598007 1 0 0.5 0.5 0.25 0.03 0.03 0.005 0.02 0.015 0.02
2 24 21.043242580608045 1 0 0.5 0.5 0.25 0.03 0.03 0.005 0.02 0.015 0.02
3 36 22.227590698511243 1 0 0.5 0.5 0.25 0.03 0.03 0.0049790396342643236 0.02 0.015 0.02
4 48 23.290375847202068 1 0 0.5 0.5 0.25 0.03 0.03 0.004691853380646475 0.02 0.015 0.02
5 60 24.572900317057936 1 0 0.5 0.5 0.25 0.03 0.03 0.004691853380646475 0.02 0.015 0.02
6 72 25.53307224112549 1 0 0.5 0.5 0.25 0.03 0.03 0.0045039975601891815 0.02 0.015 0.02
7 84 26.301313961038836 1 0 0.5 0.5 0.25 0.03 0.03 0.0043701344331733664 0.02 0.015 0.02
8 96 28.991051731111728 1 0 0.5 0.5 0.25 0.03 0.03 0.003950121564113695 0.02 0.015 0.02
9 108 29.536037747269084 1 0 0.5 0.5 0.25 0.03 0.03 0.003950121564113695 0.02 0.015 0.02
10 120 34.1084970482543 1 0 0.5 0.5 0.25 0.03 0.03 0.00338506883241619 0.01959856033805205 0.01432743518217778 0.017531795008863697
11 132 33.67798379948622 1 0 0.5 0.5 0.25 0.03 0.03 0.0033163830197334263 0.01959856033805205 0.01432743518217778 0.017531795008863697
12 144 34.226163176802835 1 0 0.5 0.5 0.25 0.03 0.03 0.0032720638633395023 0.01937033332020327 0.01432743518217778 0.017362450337471504
13 156 33.52855172147005 1 0 0.5 0.5 0.25 0.03 0.03 0.0032593884299392914 0.01937033332020327 0.01432743518217778 0.017362450337471504
14 168 32.14018932315176 1 0 0.5 0.5 0.25 0.03 0.03 0.0032593884299392914 0.01937033332020327 0.01432743518217778 0.017362450337471504
15 180 30.26720115504915 1 0 0.5 0.5 0.25 0.03 0.03 0.0032593884299392914 0.01937033332020327 0.01432743518217778 0.017362450337471504
16 192 29.433780968434135 1 0 0.5 0.5 0.25 0.03 0.03 0.0032593884299392914 0.01937033332020327 0.01432743518217778 0.017362450337471504
17 204 26.47882415680298 1 0 0.5 0.5 0.25 0.03 0.03 0.0032593884299392914 0.01937033332020327 0.01432743518217778 0.017362450337471504
18 216 23.634511266422507 1 0 0.5 0.5 0.25 0.03 0.03 0.0032593884299392914 0.01937033332020327 0.01432743518217778 0.017362450337471504
19 228 22.284066421228317 1 0 0.5 0.5 0.25 0.03 0.03 0.0032593884299392914 0.01937033332020327 0.01432743518217778 0.017362450337471504
20 240 22.077270773840915 1 0 0.5 0.5 0.25 0.03 0.03 0.0032593884299392914 0.01937033332020327 0.01432743518217778 0.017362450337471504
21 252 21.91879891844865 1 0 0.5 0.5 0.25 0.03 0.03 0.0032593884299392914 0.01937033332020327 0.01432743518217778 0.017362450337471504
22 264 22.351550370951326 1 0 0.5 0.5 0.25 0.03 0.03 0.0032593884299392914 0.01937033332020327 0.01432743518217778 0.017362450337471504
23 276 23.011500538575234 1 0 0.5 0.5 0.25 0.03 0.03 0.0032593884299392914 0.01937033332020327 0.01432743518217778 0.017362450337471504
24 288 23.480156327005076 1 0 0.5 0.5 0.25 0.03 0.03 0.0032593884299392914 0.01937033332020327 0.01432743518217778 0.017362450337471504
25 300 22.45561419656106 1 0 0.5 0.5 0.25 0.03 0.03 0.0032593884299392914 0.01937033332020327 0.01432743518217778 0.017362450337471504
26 312 22.75142392453974 1 0 0.5 0.5 0.25 0.03 0.03 0.0032593884299392914 0.01937033332020327 0.01432743518217778 0.017362450337471504
27 324 23.87583513683365 1 0 0.5 0.5 0.25 0.03 0.03 0.0032593884299392914 0.01937033332020327 0.01432743518217778 0.017362450337471504
28 336 22.686207351619696 1 0 0.5 0.5 0.25 0.03 0.03 0.0032593884299392914 0.01937033332020327 0.01432743518217778 0.017362450337471504
29 348 21.83031594466604 1 0 0.5 0.5 0.25 0.03 0.03 0.0032593884299392914 0.01937033332020327 0.01432743518217778 0.017362450337471504
30 360 20.323635674131665 1 0 0.5 0.5 0.25 0.03 0.03 0.0032593884299392914 0.01937033332020327 0.01432743518217778 0.017362450337471504
31 372 18.99522761227778 1 0 0.5 0.5 0.25 0.03 0.03 0.0032593884299392914 0.01937033332020327 0.01432743518217778 0.017362450337471504
32 384 18.80226025788671 1 0 0.5 0.5 0.25 0.03 0.03 0.0032593884299392914 0.01937033332020327 0.01432743518217778 0.017362450337471504
33 396 16.53875235723702 1 0 0.5 0.5 0.25 0.03 0.03 0.0032593884299392914 0.01937033332020327 0.01432743518217778 0.017362450337471504
34 408 15.432574767365503 1 0 0.5 0.5 0.25 0.03 0.03 0.0032593884299392914 0.01937033332020327 0.01432743518217778 0.017362450337471504
35 420 14.501160607219251 1 0 0.5 0.5 0.25 0.03 0.03 0.0032593884299392914 0.01937033332020327 0.01432743518217778 0.017362450337471504
36 432 14.147585866303517 1 0 0.5 0.5 0.25 0.03 0.03 0.0032593884299392914 0.01937033332020327 0.01432743518217778 0.017362450337471504
37 444 12.63740470754884 1 0 0.5 0.5 0.25 0.03 0.03 0.0032593884299392914 0.01937033332020327 0.01432743518217778 0.017362450337471504
38 456 12.282517889884105 1 0 0.5 0.5 0.25 0.03 0.03 0.0032593884299392914 0.01937033332020327 0.01432743518217778 0.017362450337471504
39 468 11.702381920057155 1 0 0.5 0.5 0.25 0.03 0.03 0.0032593884299392914 0.01937033332020327 0.01432743518217778 0.017362450337471504
40 480 12.168522379046896 1 0 0.5 0.5 0.25 0.03 0.03 0.0032593884299392914 0.01937033332020327 0.01432743518217778 0.017362450337471504
41 492 13.258297200086092 1 0 0.5 0.5 0.25 0.03 0.03 0.0032593884299392914 0.01937033332020327 0.01432743518217778 0.017362450337471504
42 504 13.466038956734161 1 0 0.5 0.5 0.25 0.03 0.03 0.0032593884299392914 0.01937033332020327 0.01432743518217778 0.017362450337471504
43 516 11.699515861602942 1 0 0.5 0.5 0.25 0.03 0.03 0.0032593884299392914 0.01937033332020327 0.01432743518217778 0.017362450337471504
44 528 10.76455566841391 1 0 0.5 0.5 0.25 0.03 0.03 0.0032593884299392914 0.01937033332020327 0.01432743518217778 0.017362450337471504
45 540 10.986960185927593 1 0 0.5 0.5 0.25 0.03 0.03 0.0032593884299392914 0.01937033332020327 0.01432743518217778 0.017362450337471504
46 552 11.21985271548221 1 0 0.5 0.5 0.25 0.03 0.03 0.0032593884299392914 0.01937033332020327 0.01432743518217778 0.017362450337471504
47 564 10.001555446942241 1 0 0.5 0.5 0.25 0.03 0.03 0.0032593884299392914 0.01937033332020327 0.01432743518217778 0.017362450337471504
48 576 9.86335845648532 1 0 0.5 0.5 0.25 0.03 0.03 0.0032593884299392914 0.01937033332020327 0.01432743518217778 0.017362450337471504
49 588 9.61744671029723 1 0 0.5 0.5 0.25 0.03 0.03 0.0032593884299392914 0.01937033332020327 0.01432743518217778 0.017362450337471504
50 600 9.647347927005445 1 0 0.5 0.5 0.25 0.03 0.03 0.0032593884299392914 0.01937033332020327 0.01432743518217778 0.017362450337471504
51 612 10.33545942518864 1 0 0.5 0.5 0.25 0.03 0.03 0.0032593884299392914 0.01937033332020327 0.01432743518217778 0.017362450337471504
