% # columns="iteration, evaluation, sigma, axis ratio, bestever, best, median, worst objective function value, interquartile range, 25%tile, current best feasible f-value, elapsed wallclock time [s], further/more values", seed=12345, Wed Apr  8 12:16:20 2026, <python>{}</python>
1 12 18.26509508485649 1.0000444454321133 0.5548723574093193 5.5487235740931928e-01 0.9490152022534383 1.2023017313663629 0.3259460407255117 0.7451034004265191 nan 83.5   
2 24 17.71426371901229 1.1612338488446823 0.5548723574093193 6.4172709094190461e-01 0.8502516087927995 1.2132761989672118 0.23000123730203792 0.7060330116848268 nan 166.1   
3 36 18.087340770839916 1.2592235071029916 0.5548723574093193 6.2984998690503691e-01 0.6727687210470124 1.2195861690843397 0.055137590151780214 0.6410727797243722 nan 242.7   
4 48 19.37041613036744 1.3679938316787508 0.5548723574093193 6.3691851330162530e-01 0.6498392661971798 0.8452436110400395 0.05890656950028339 0.6417436957137131 nan 318.9   
5 60 20.349088667994604 1.49182024033472 0.5143624048793869 5.1436240487938689e-01 0.6423424948987537 1.053920237464081 0.040475554146777615 0.6378248206139139 nan 398.4   
6 72 22.68296727682325 1.4899400721252822 0.5092761529638155 5.0927615296381545e-01 0.6391054768111007 0.6794754656410751 0.014764062473051065 0.6330284325229552 nan 478.0   
7 84 25.443495524289013 1.6415397691951394 0.5092761529638155 6.2619926534884751e-01 0.6376409763287054 0.8911583963502496 0.16896665707695901 0.6313398405780306 nan 555.5   
8 96 30.37306465115687 1.86996234526882 0.5092761529638155 5.2359502292862659e-01 0.6265214155583834 0.639785806476578 0.016346297000558896 0.6188812202972644 nan 633.8   
9 108 33.09851068251041 1.9863923171320421 0.5092761529638155 5.2697209813131862e-01 0.6358017945716614 0.8403006627667875 0.058194570189042394 0.6120060185533809 nan 714.7   
10 120 34.03542020363194 2.0798163925195916 0.5092761529638155 5.8229483614527844e-01 0.6141532260828638 0.7750424286348967 0.027431290365786065 0.6027811111025716 nan 796.9   
11 132 33.148290947579106 2.327742648905579 0.5092761529638155 5.2157712796676381e-01 0.6356088512907551 0.8845977632019009 0.12343739745945692 0.6068833786140992 nan 874.4   
12 144 33.79264838566071 2.2783081985226556 0.5070235460351669 5.0702354603516686e-01 0.6029760410658747 0.8741612058025994 0.02222003974221487 0.5889514337322709 nan 952.6   
13 156 36.835593261639474 2.307152973755626 0.5070235460351669 5.2723099347862645e-01 0.6480354493221181 0.8966349483754428 0.19467932871292815 0.6029648552683115 nan 1030.7   
14 168 38.91636726165956 2.2734582031264456 0.5070235460351669 5.5854608435031983e-01 0.6007658022718959 0.800947756590999 0.08509675347023227 0.5975905718389994 nan 1109.1   
15 180 41.124763610107564 2.3731992477204633 0.5059595190725761 5.0595951907257608e-01 0.571266695461895 0.8073148072821056 0.09672128507815436 0.5369703978282048 nan 1184.2   
16 192 45.666958551438015 2.2583160178174335 0.5059595190725761 5.2805833699474769e-01 0.6067235744666049 0.7571694510714525 0.07106815096470798 0.5431411683890037 nan 1260.5   
17 204 47.151229896053756 2.5363747419032108 0.5059595190725761 5.0888161489704320e-01 0.5347213570398724 0.6546487772725451 0.026617998489385397 0.5201539062359629 nan 1337.4   
18 216 47.44943172489296 2.513999934741687 0.5059595190725761 5.1726517627641355e-01 0.5256721705554341 0.566380728262694 0.023813815096332624 0.5226409766538307 nan 1414.3   
19 228 52.4318952609589 2.682141976699148 0.5019547696324191 5.0195476963241914e-01 0.5227257221054102 0.5492882909002469 0.014593793358298024 0.5151628313760479 nan 1490.6   
20 240 58.66284464707721 2.7201261788826128 0.5019547696324191 5.1470103788060317e-01 0.5229219619818015 0.7239738463808374 0.012872051254825712 0.5188561940850088 nan 1566.5   
21 252 58.506513593511706 2.951571827479548 0.5019547696324191 5.1185704358451933e-01 0.5221445323725392 0.6834688965300322 0.014763433098631484 0.517946039688659 nan 1646.2   
22 264 59.594129655025085 2.896705975652059 0.5019547696324191 5.0748822092212387e-01 0.5190330349874438 0.5949243512278186 0.006021281876356754 0.5155294211756378 nan 1724.4   
23 276 56.93072868795238 2.9903499748236655 0.5019547696324191 5.0892426310951122e-01 0.5189776521333761 0.5382329579409744 0.008484260319037262 0.5169628491661549 nan 1801.3   
24 288 56.242246435018345 2.9962378473593914 0.5019547696324191 5.0408645042081290e-01 0.5225571816306673 0.5410280788296988 0.01653046776738698 0.5134409552244371 nan 1880.5   
25 300 59.153767434219446 3.187418500979302 0.4979345717403618 4.9793457174036182e-01 0.5136692130594025 0.5235373365892397 0.00954554708576938 0.5058370149278549 nan 1956.6   
26 312 56.73831127851885 3.3095517022874374 0.4979345717403618 4.9876222217255683e-01 0.509131057871367 0.5234396743250596 0.009281864812335505 0.5040767955571094 nan 2034.3   
27 324 53.847714029702445 3.1106920634776127 0.4979345717403618 4.9936664946740172e-01 0.5081027276186157 0.524078350527382 0.010332664268610792 0.5054188552550897 nan 2110.2   
28 336 53.411274427868285 3.087652984017682 0.4979345717403618 4.9853416493293334e-01 0.5069486843542785 0.511579250649651 0.008952908000284698 0.5004929042501913 nan 2185.1   
29 348 58.542119329007605 3.119424534363532 0.4950460605903019 4.9504606059030187e-01 0.501446074670348 0.5206503488080332 0.008712900687183944 0.499214108137712 nan 2257.5   
30 360 58.071436735474975 3.076980799342641 0.4938391869194181 4.9383918691941808e-01 0.5029507723298273 0.5116617916142443 0.004888287051458717 0.5005077987816415 nan 2328.1   
31 372 58.36050709045167 2.9850655118974645 0.48935924287656984 4.8935924287656984e-01 0.5059920807205525 0.5119531061239851 0.01207272130357806 0.49765697828051647 nan 2399.4   
32 384 60.770702693045614 3.0948852297019283 0.48935924287656984 4.8959995818207447e-01 0.5005926830665606 0.50661102253397 0.010530650090957161 0.49380502845619295 nan 2477.5   
33 396 66.37715794532686 3.1342910980234855 0.48935924287656984 4.9126271360292884e-01 0.5000884089395211 0.508402091037272 0.008938393729353067 0.4923851982498984 nan 2554.2   
34 408 64.06452236231506 3.0507950474878474 0.48935924287656984 4.8959819471856014e-01 0.49637091503523245 0.5081740691973912 0.009456388240791536 0.491272652386192 nan 2630.2   
35 420 63.71577185475035 3.1272517095294603 0.4885559828984787 4.8855598289847868e-01 0.49523000698565256 0.5064665064063321 0.006058143148418127 0.49065444188446206 nan 2705.5   
36 432 67.21866820141337 3.295828873349174 0.48759437484026935 4.8759437484026935e-01 0.4908011990159844 0.49740931085902707 0.0022430155549815756 0.489966485648618 nan 2782.3   
37 444 67.42016509638565 3.438323739153439 0.48508866309208576 4.8508866309208576e-01 0.49362890609719834 0.509776911686018 0.007617755987366359 0.4888408856499135 nan 2858.3   
38 456 66.62579859708543 3.5421436491981058 0.48508866309208576 4.8555825408433573e-01 0.48978331470420355 0.5059426823171148 0.0031878533570789958 0.488146130491516 nan 2933.7   
39 468 63.47888485461821 3.483578187320818 0.48508866309208576 4.8649440466140670e-01 0.4887914580889021 0.5023422446559058 0.0034601656870918984 0.48691884251037315 nan 3011.7   
40 480 58.19177287506047 3.5036089618983635 0.48508866309208576 4.8595562218790522e-01 0.49005907319548847 0.5068281959710238 0.008808452701426106 0.48700674331549804 nan 3088.3   
41 492 49.3414858733074 3.6275288846354776 0.4849420519744405 4.8494205197444051e-01 0.4874965289708776 0.4919822713631655 0.00294722774304218 0.48551054244953784 nan 3165.3   
42 504 48.92891434698217 3.704200477634342 0.483982448919158 4.8398244891915798e-01 0.48735674043441124 0.4894690772135688 0.002495991434869893 0.4858844697711461 nan 3240.3   
43 516 48.7799982540064 3.6842920865459305 0.483982448919158 4.8438759449835367e-01 0.4871731194336135 0.498648255549192 0.0028612115116373182 0.4851941255540563 nan 3315.7   
44 528 44.30481751244554 3.866234854297641 0.483982448919158 4.8476375174536623e-01 0.48617919469622384 0.492761380232281 0.0041759020885285825 0.4853538937376463 nan 3390.7   
45 540 44.51001825879028 3.8659299291744214 0.4837076745676555 4.8370767456765551e-01 0.48541423099630865 0.4969159996966651 0.0018085337436531956 0.4847814477893233 nan 3466.7   
46 552 43.38375733427963 4.203889370570474 0.4837076745676555 4.8426717266199670e-01 0.48608004942699323 0.49578307002946476 0.0012063026406754496 0.48520741008063273 nan 3542.9   
47 564 38.60875447956311 4.171399494891214 0.4837076745676555 4.8471252412217736e-01 0.4866995350431702 0.49856451540986024 0.0022677957759990597 0.48554482788483017 nan 3618.9   
48 576 37.21089219591437 4.316125190948371 0.4837076745676555 4.8449994594906554e-01 0.4859620711468693 0.4871362359600444 0.0014525145837152031 0.48481495640348454 nan 3695.9   
49 588 33.36336468567565 4.3453928992774795 0.4837076745676555 4.8427480310208060e-01 0.48563902982032847 0.4879515640007459 0.0008881861954360137 0.48508514228362704 nan 3771.3   
50 600 28.921705268549402 4.438699974978173 0.48354263086939986 4.8354263086939986e-01 0.48502714062866636 0.4947263563782458 0.0007832484943149365 0.4845992306829502 nan 3846.7   
51 612 26.297896426183527 4.32218608814715 0.48354263086939986 4.8388568272670340e-01 0.48473802072890604 0.4858442628154057 0.0010313262301840376 0.48436790946839886 nan 3922.9   
52 624 28.147744384771713 4.518727347840568 0.48354263086939986 4.8357380603828903e-01 0.48403084414554676 0.48565890268871537 0.0010698983495138203 0.48376284891169213 nan 3998.3   
53 636 26.944884240963905 4.788031792229487 0.4832686299440444 4.8326862994404440e-01 0.4840657660794224 0.48527089576003546 0.0006709121950346231 0.48352599652396067 nan 4075.2   
54 648 28.738327488424783 5.065160361320897 0.482978410696298 4.8297841069629799e-01 0.4841077295917299 0.4855103744878536 0.0007620635287486355 0.4836351645602646 nan 4151.3   
55 660 34.67078965718843 5.2317407807826815 0.48273597664364964 4.8273597664364964e-01 0.48363039086298565 0.4853690249971683 0.001220074711666519 0.48324645650481135 nan 4226.5   
56 672 38.89913578062126 5.405090723454141 0.48273597664364964 4.8307720894665562e-01 0.4836017526263494 0.4851892373155503 0.0004237449732804599 0.4833544735754693 nan 4303.9   
57 684 41.89082477120132 5.518279073358849 0.48273597664364964 4.8313816390043884e-01 0.4841835699924104 0.4874589180782013 0.0009668063336751853 0.48376391355784526 nan 4379.9   
58 696 44.358925632535126 5.612018201486927 0.48261980178041064 4.8261980178041064e-01 0.4847394866434097 0.48920577019500733 0.0016264921372106667 0.4836085282968634 nan 4456.0   
59 708 44.953917039130815 5.735162252093022 0.48261980178041064 4.8344656793109031e-01 0.48444753000905216 0.49874657669046485 0.0012318126313651256 0.483952249987878 nan 4530.9   
60 720 44.577740146433406 5.938037163775037 0.48261980178041064 4.8298663299223299e-01 0.4846236214679971 0.48880477281177337 0.0012249948512972897 0.48420427183521253 nan 4606.9   
61 732 41.10234100526925 6.0252072358128705 0.4825001910707679 4.8250019107076791e-01 0.48473570237769636 0.4871801115641663 0.003207724923825317 0.48346899489230777 nan 4677.2   
62 744 35.297280733436814 6.348517103357184 0.4825001910707679 4.8273311571295019e-01 0.48426288188623534 0.4853600222644937 0.0008819350069517173 0.4835539530698129 nan 4761.5   
63 756 34.85393608138241 6.548590208122052 0.480202964921255 4.8020296492125503e-01 0.483714572294623 0.48472870344005714 0.00124938234812072 0.48313290949110294 nan 4855.9   
64 768 34.10592560382856 6.794555419740987 0.480202964921255 4.8271534447323650e-01 0.4835852057972939 0.4955608362778362 0.0016013490130192265 0.4832817614179248 nan 4945.8   
65 780 31.80265820950692 7.108558898437593 0.47877862125928383 4.7877862125928383e-01 0.4836737163323508 0.4887932896952675 0.001550919566963127 0.4828732728735248 nan 5027.9   
66 792 30.047621475134754 6.917823594164591 0.47877862125928383 4.7983169130917280e-01 0.48327260424778196 0.4857806026020194 0.0009869986890162497 0.48257586043710343 nan 5111.9   
67 804 28.18238475713734 6.892437376912992 0.47877862125928383 4.8063436014781880e-01 0.4833306103012588 0.4842834414690682 0.0008600509668011402 0.48283884026690166 nan 5199.3   
68 816 25.935913997756717 6.4782770436605945 0.47877862125928383 4.8062619328047396e-01 0.48291716719641997 0.48448254870299123 0.0013910253282186646 0.4824561581054399 nan 5288.3   
69 828 24.636147508422262 6.7153223674987 0.47877862125928383 4.8278683317138327e-01 0.4832961577773004 0.48464012068728846 0.0007405808379148393 0.4830351647035501 nan 5373.4   
70 840 24.68753081060519 7.210876126434267 0.47877862125928383 4.7993447648001231e-01 0.48273019310422394 0.4837543208101359 0.0003619313713065231 0.4825253161141997 nan 5459.3   
71 852 22.913242738585627 7.569772044657824 0.47877862125928383 4.7971825800590617e-01 0.48272892499473785 0.4837075699084198 0.0006070349328981539 0.48231583955533863 nan 5541.0   
72 864 19.94562555090289 7.782295100809194 0.47877862125928383 4.7947198845760286e-01 0.48255297461595736 0.48311574769085186 0.00045253166955283586 0.4823465001892996 nan 5626.6   
73 876 17.884649191107126 7.998516664241429 0.47877862125928383 4.7957434781620201e-01 0.48285703986978923 0.4834699395235783 0.0010181275590611105 0.48196139567316604 nan 5709.4   
74 888 17.717777295270817 7.706706448749247 0.47877862125928383 4.7969878096398266e-01 0.48259721656091004 0.4829207839047338 0.00042401240360273595 0.48230556840868505 nan 5792.7   
75 900 18.159798864903667 7.917529989060016 0.47877862125928383 4.8223501005755975e-01 0.4828132388660753 0.4831822147014574 0.00032677102418615656 0.48265430115240526 nan 5872.9   
76 912 18.74498542486817 7.879659072792031 0.47877862125928383 4.7903358808481922e-01 0.48258122903204814 0.48317659021043935 0.0006308029569793705 0.482241634435536 nan 5954.9   
77 924 18.58953948516673 8.549607110724647 0.47877862125928383 4.7932844348548764e-01 0.4828287906374008 0.4836285688387416 0.0013944570337888762 0.4818761119456376 nan 6034.8   
78 936 16.70571047033773 8.572881359090294 0.47869023466792127 4.7869023466792127e-01 0.48270329912692944 0.4832113973685138 0.0004953400596014457 0.48232972341524594 nan 6113.2   
79 948 16.647457514380847 8.924007106434214 0.47869023466792127 4.8222473010372224e-01 0.48268518281534667 0.4832814167962479 0.0004206235859925411 0.48248156683155585 nan 6194.6   
80 960 15.659292430836848 9.16060145703433 0.47737658563067886 4.7737658563067886e-01 0.4825019362091467 0.4829181351816645 0.0006748915691132673 0.4820395493907694 nan 6272.2   
81 972 16.449037219858 9.132432045730816 0.47737658563067886 4.7796551295745870e-01 0.48251532913156814 0.48415329697433995 0.0006231878710020178 0.48211592755261024 nan 6356.6   
82 984 17.823802240219802 8.70152949605283 0.47737658563067886 4.7754495640329675e-01 0.482533655823131 0.48314716729282614 0.0006533261556361802 0.48193844962246424 nan 6439.8   
83 996 18.763412273923805 8.449618718676904 0.47737658563067886 4.8091334822958998e-01 0.48268092158907316 0.4836950102004176 0.0007611980162438581 0.48214322077713595 nan 6521.6   
84 1008 19.85387443803259 8.311641704940634 0.47737658563067886 4.7852327759101776e-01 0.48272291947074464 0.48413203873471145 0.0004566271169034186 0.48238161007960884 nan 6601.0   
85 1020 18.524707975201746 7.800862145144284 0.47737658563067886 4.7766617876657169e-01 0.4825492211243336 0.48432901904844905 0.00046794547349576776 0.4823641835267929 nan 6680.3   
86 1032 17.25089581455857 8.168180602359978 0.47737658563067886 4.8080575367466394e-01 0.4823798814442578 0.48275061717305845 0.00016105754441686493 0.48231328399595813 nan 6760.6   
87 1044 17.025601890447017 8.113972167086821 0.47737658563067886 4.7862719818923449e-01 0.482328580471421 0.4832703006131843 0.0008145279783737247 0.4818038557864915 nan 6838.4   
88 1056 16.745005597233007 7.885767784606813 0.47737658563067886 4.7837136378697676e-01 0.48245676920005354 0.4831249060150572 0.00046974512664588186 0.4822113207814059 nan 6916.0   
89 1068 16.2530985592452 8.620551993215825 0.47737658563067886 4.7792604876444666e-01 0.4821844256190825 0.48277100664185757 0.00040036019712624826 0.4819623084492785 nan 6995.8   
90 1080 17.0261579735153 8.891123882139082 0.47737658563067886 4.8011600104163810e-01 0.4822789927823157 0.4827545878825483 0.00030093535529374105 0.48205738266964954 nan 7080.0   
91 1092 16.846718514525822 9.499057247852173 0.47737658563067886 4.7845351803871805e-01 0.4822757933122118 0.48258234779759 0.0009764038998792968 0.48140804850571783 nan 7161.3   
92 1104 16.071140442315787 9.300151121168254 0.47737658563067886 4.8059514090802147e-01 0.48214657215534884 0.48268306024845054 0.0006150838580971096 0.4816579178710977 nan 7241.8   
93 1116 17.145050421705232 9.435874636585474 0.47737658563067886 4.7960015528114808e-01 0.4822601232400614 0.4825310965084222 0.0009000093152570776 0.4815873208830291 nan 7321.4   
94 1128 17.02448535510406 9.279063157144563 0.47737658563067886 4.7850087138649466e-01 0.4820695472861437 0.4826735565338698 0.00044756762406605866 0.48187214549716145 nan 7401.5   
95 1140 16.23713605244741 9.369196102900696 0.47737658563067886 4.7744199413880539e-01 0.4824471461840264 0.48271533955831747 0.0004318553845660822 0.4820820632964047 nan 7480.7   
96 1152 15.946962033351067 9.658281510143736 0.47737658563067886 4.7755809200530908e-01 0.48238429534990845 0.48311432489292017 0.0016833423876623788 0.4807657018796437 nan 7549.9   
97 1164 16.14612816120716 9.567689709590534 0.47737658563067886 4.7743220270366760e-01 0.4822471917817299 0.48325255259462974 0.0034480910466431203 0.4789817048176035 nan 7637.3   
98 1176 15.767994321148793 9.652319594713324 0.47737658563067886 4.7977217077656309e-01 0.4825661634370304 0.4832157753821893 0.0016627024565490367 0.48117798591624483 nan 7717.7   
99 1188 14.353733732996758 9.369131817466432 0.47737658563067886 4.8193211381805767e-01 0.4825826952356539 0.4831478717240625 0.000596309327252742 0.48212482211529156 nan 7794.5   
100 1200 13.332758982987967 9.077255116078117 0.47737658563067886 4.7839497117100838e-01 0.48233660403346457 0.4827939464098876 0.0007092147955277128 0.48183877965373734 nan 7878.0   
101 1212 11.72288778834349 9.617499296756835 0.47737658563067886 4.8117604965963756e-01 0.48221764384825583 0.483004751741578 0.0005310215766465842 0.48183526562120343 nan 7961.2   
102 1224 10.527213559410788 10.154121607029072 0.47737658563067886 4.7766430369816804e-01 0.48187532744208383 0.4827218356373191 0.0013621671414533743 0.4811767279196458 nan 8042.0   
103 1236 10.782632165704854 10.627002370763533 0.47737658563067886 4.7740987274351088e-01 0.4818400478695599 0.482410407483855 0.003950544304797521 0.4782743101067978 nan 8117.7   
104 1248 10.998254084911565 10.235284623450838 0.47735695389886845 4.7735695389886845e-01 0.4812975550086456 0.48240222216948025 0.002820348161974462 0.4791918958694651 nan 8195.6   
105 1260 11.293510100374277 9.96080319753487 0.47735695389886845 4.7743189854795987e-01 0.4820849182209196 0.48250846063186814 0.0034325607639920097 0.4787690968150509 nan 8275.3   
106 1272 11.22122223355818 10.721627483005047 0.47735695389886845 4.7773747566708458e-01 0.4821249882635964 0.4825419428339395 0.001489479075961253 0.48077611645978335 nan 8357.3   
107 1284 10.33144860614772 11.024389329388882 0.47735695389886845 4.7769972982990450e-01 0.48086009385892925 0.4825620269619345 0.0029237026694406976 0.4786078812318679 nan 8439.7   
108 1296 9.363564030936931 10.99118290677117 0.47735695389886845 4.7766632236928386e-01 0.4808550509655445 0.48259847811258905 0.0032214561899403527 0.4788434148297603 nan 8519.2   
109 1308 8.868673778352994 10.94419283810467 0.4773316643481397 4.7733166434813967e-01 0.48035830379447475 0.48246136633748604 0.0027031987321458617 0.4794430874048826 nan 8600.7   
110 1320 8.509501051661715 11.387962803233481 0.4773316643481397 4.7738436060711353e-01 0.48020780386836004 0.48199379642662554 0.0034349431625015914 0.47804891623145307 nan 8679.4   
111 1332 8.117960708483798 11.49689801127765 0.4773316643481397 4.7766224416931957e-01 0.4814759227147237 0.4824076546493895 0.0024899534678100577 0.4796512471450092 nan 8758.8   
112 1344 7.219201588117665 11.688721235245273 0.47729616250637563 4.7729616250637563e-01 0.48189538104052987 0.4823484912982787 0.003659901054102077 0.47851078320844076 nan 8840.1   
113 1356 6.777290226596952 11.974451563976306 0.47727334401800703 4.7727334401800703e-01 0.47766319467662677 0.48228197476349166 0.0027628992539036057 0.4773800754388287 nan 8921.2   
114 1368 6.471182359502949 12.004030652765955 0.47727334401800703 4.7732519966995313e-01 0.47782773984311944 0.48162912545363434 0.0016300789935242976 0.4774170321951576 nan 8997.9   
115 1380 5.893490268240498 12.119543625440809 0.47727334401800703 4.7731934410453325e-01 0.4779281552748649 0.47956848497839455 0.0009433777699338619 0.47750112686289004 nan 9076.6   
116 1392 5.411148103379318 11.896690368456328 0.47727334401800703 4.7730035753205802e-01 0.4779544655263115 0.4801446831531536 0.0014919829605271606 0.4775429078272 nan 9157.5   
117 1404 5.25597732593039 12.012183989046234 0.47727334401800703 4.7737657150014390e-01 0.4775566427185438 0.4779845385018415 0.0004857972097994101 0.4774013677741964 nan 9238.6   
118 1416 5.242040684742272 12.076967055831368 0.47727334401800703 4.7732475885647752e-01 0.47773041091447754 0.4811793923690526 0.001509599307285836 0.47758323329162233 nan 9318.5   
119 1428 4.718678677957953 12.92494807209973 0.47727334401800703 4.7734513885659635e-01 0.47752329532340443 0.47903246795309284 0.0002824401159068346 0.47739982040168555 nan 9395.9   
120 1440 4.914353253053501 12.05188336749627 0.47727334401800703 4.7735080653978257e-01 0.4776651728837099 0.4788516813582838 0.0006081953859885525 0.4773917088828433 nan 9472.6   
121 1452 4.92042702431479 12.559275318612247 0.47727334401800703 4.7733105114006946e-01 0.4776134494339087 0.4791601784102718 0.0007331335267085071 0.4774354125342213 nan 9550.2   
122 1464 5.190069174299386 12.806437799741675 0.47727334401800703 4.7729065605336707e-01 0.47757075536912863 0.4784514325674306 0.0006148222472551201 0.47739481182045623 nan 9634.3   
123 1476 4.632173461511817 12.631416744455388 0.47727334401800703 4.7730979224334635e-01 0.47745158411087285 0.47878927720858644 0.0006312696946340068 0.47736926796994933 nan 9712.7   
124 1488 4.191209578335827 13.10756261541446 0.47727334401800703 4.7730556882686492e-01 0.4775147033183327 0.47843232025740423 0.000594395197268005 0.47735683321193373 nan 9789.2   
125 1500 3.845413412085101 13.675519176533422 0.47727334401800703 4.7727752407496149e-01 0.47735255378544506 0.4778346788803758 0.00014369776480471774 0.47730214298421614 nan 9877.1   
126 1512 3.436481070112102 13.734998321021536 0.47727334401800703 4.7730646282048184e-01 0.4773775173091118 0.47880489092500755 0.000258193274460361 0.4773428686817346 nan 9961.0   
127 1524 3.1710652459352406 14.111944661476853 0.4772697856877619 4.7726978568776190e-01 0.477317542379166 0.47760572312093685 6.226153904898002e-05 0.4772948325054168 nan 10039.4   
128 1536 2.995577314871823 15.043890936279526 0.47725121836914297 4.7725121836914297e-01 0.4773364562397987 0.4777145734372541 0.00021009864556637003 0.47726598433482814 nan 10118.5   
129 1548 2.902194281542072 15.236081034203416 0.477222271200367 4.7722227120036698e-01 0.4773355734098106 0.4774941933296014 0.0001278160949587659 0.47729613699231893 nan 10199.1   
130 1560 2.989349979019491 16.46425605927114 0.477222271200367 4.7723981585269659e-01 0.4772888711195923 0.4775576521873668 0.0001274104092752748 0.4772640443498995 nan 10281.5   
131 1572 3.247947376621484 17.245680190632694 0.477222271200367 4.7723926755650781e-01 0.4772809846426894 0.47747417887097365 3.702181026737916e-05 0.47727540492530995 nan 10361.2   
132 1584 3.2900159239379065 18.60176191964122 0.477222271200367 4.7723529180559177e-01 0.47730470760705435 0.4774934714569583 9.592636209465599e-05 0.47725392730713057 nan 10436.8   
133 1596 3.4320549236597806 18.59537953211541 0.4772153589930461 4.7721535899304612e-01 0.47725961189108623 0.4774752827035297 9.385023079488963e-05 0.4772490320281376 nan 10516.0   
134 1608 3.4219970030549174 19.544417010315417 0.4772153589930461 4.7721937150533222e-01 0.4772654553484239 0.47758991925327277 4.373100404336805e-05 0.47724637954374044 nan 10600.2   
135 1620 3.2083176564870843 19.767741406966834 0.47721028908024477 4.7721028908024477e-01 0.47725478959438083 0.47734384492682935 4.430539551703028e-05 0.4772373337799073 nan 10680.3   
136 1632 3.2950168826187007 20.281321183945934 0.4772084860889374 4.7720848608893740e-01 0.47723926034897357 0.47740256181450713 3.513672493388187e-05 0.4772171480520096 nan 10760.3   
137 1644 3.6048931876521184 20.772321683499335 0.4771921282536855 4.7719212825368551e-01 0.47728126808709725 0.47731776850281016 6.86982676463832e-05 0.4772293788484085 nan 10837.1   
138 1656 3.869019244485611 22.476658075959833 0.4771874062992699 4.7718740629926992e-01 0.4772189624290968 0.47731919147429935 3.224236739568509e-05 0.4772097967449769 nan 10924.2   
139 1668 4.09216500600595 23.251307213345644 0.4771611342295029 4.7716113422950290e-01 0.47723428030719406 0.477280330147844 4.426575566962576e-05 0.4772065337747469 nan 11011.3   
140 1680 4.3126779725480535 22.963619965527098 0.47715300191345345 4.7715300191345345e-01 0.47720818029836054 0.4773050819988055 3.822240640927177e-05 0.47719146593333567 nan 11088.0   
141 1692 4.617087216817698 24.286569551564636 0.47715300191345345 4.7717534183110488e-01 0.4772439791237377 0.47755664679453014 8.941777945120633e-05 0.4771997620143255 nan 11165.4   
142 1704 5.069821999659805 29.126646493962568 0.47712409608604556 4.7712409608604556e-01 0.4771819980500902 0.4776967159535218 0.0001066111596946806 0.4771534633038844 nan 11241.9   
143 1716 5.104637577873841 31.82899139116501 0.47710999337972937 4.7710999337972937e-01 0.47721140063868084 0.477405629404123 9.510114878619191e-05 0.4771883337573151 nan 11321.2   
144 1728 5.457749712189072 32.14305655841201 0.47710999337972937 4.7712367918507503e-01 0.47720181950391216 0.47743623226294485 0.0001271273216058022 0.47715060485490746 nan 11397.4   
145 1740 5.743211969886261 35.54697847152804 0.4770815596881499 4.7708155968814991e-01 0.4772121975115001 0.4773013134464218 8.048716073194573e-05 0.4771485931441606 nan 11479.5   
146 1752 6.9468039537580815 37.561066933486494 0.4770815596881499 4.7709864774429400e-01 0.4772198897283474 0.47733080147267626 0.00010588350110174449 0.47713359840502334 nan 11559.9   
147 1764 7.483171229548364 44.18850168839744 0.4770806190747994 4.7708061907479937e-01 0.4771451344996782 0.477392326005845 0.00012274199819156673 0.4771016657523368 nan 11640.3   
148 1776 7.675675071568944 43.480236475539435 0.47705499784601024 4.7705499784601024e-01 0.4771220197524 0.477541983223261 0.00010410322501058777 0.47709865574481886 nan 11722.6   
149 1788 7.642061749416551 45.01062378964545 0.4770396067176219 4.7703960671762191e-01 0.4771893346052102 0.4772421301352133 0.00011823122819870635 0.47709853993538015 nan 11804.5   
150 1800 7.470804309990968 45.996687272805815 0.4770396067176219 4.7706984254499585e-01 0.47721512277638745 0.47741360830590385 0.00012169421555280335 0.47713731075977217 nan 11883.8   
151 1812 7.3633732583148 46.622453438600324 0.47703051198000623 4.7703051198000623e-01 0.4771558972966309 0.4776286844950668 0.00014426646118931297 0.4771239800048633 nan 11960.4   
152 1824 7.473535169918569 46.468201246140545 0.47703051198000623 4.7704548729529783e-01 0.4771085596877509 0.47724081132793184 4.470629327463227e-05 0.47707941923995995 nan 12034.9   
153 1836 7.7084722379582 46.744004532213665 0.47703051198000623 4.7704927922257456e-01 0.47714877859723415 0.47725426022984974 7.290465045245442e-05 0.4770804723968761 nan 12108.2   
154 1848 8.052945991808034 49.995480123161705 0.47703051198000623 4.7703669236114776e-01 0.4771373591571445 0.47753782489758334 7.247495495082967e-05 0.4770892268663926 nan 12184.1   
155 1860 8.3110843837848 52.74361457465655 0.4770184837820157 4.7701848378201572e-01 0.4770697862574388 0.477187835574449 7.318163471270456e-05 0.477039514400106 nan 12263.2   
156 1872 8.57653779089062 52.880030619761015 0.4770157089652364 4.7701570896523637e-01 0.4771410200025379 0.47742031496815607 0.00014633375703154705 0.4770421282826445 nan 12339.1   
157 1884 8.136160340925823 55.17495561058195 0.4770157089652364 4.7701596787497491e-01 0.47706325696038343 0.4773251450481817 8.147904825289709e-05 0.4770500662171671 nan 12415.8   
158 1896 7.579174247577879 58.58984934283439 0.4770157089652364 4.7703029898624738e-01 0.47705831279817834 0.4772836448767469 3.462527424324957e-05 0.47704158236224325 nan 12496.4   
159 1908 6.942039271693141 60.04667223638485 0.4769840919547832 4.7698409195478320e-01 0.47705124175592883 0.4772749391442306 5.904001915341128e-05 0.47702753109023943 nan 12574.7   
160 1920 6.464491705741137 59.90583814469073 0.47695859371519256 4.7695859371519256e-01 0.47705414360858023 0.47713478531595854 5.369502309915397e-05 0.4770320820864447 nan 12655.6   
161 1932 6.632869014104672 61.52365255007138 0.47695859371519256 4.7697099232466411e-01 0.47700266370065225 0.47705376044499237 2.8346120104716377e-05 0.4769880276538368 nan 12734.8   
162 1944 6.513759847587384 62.84617927118823 0.47695859371519256 4.7696009591560018e-01 0.47702650761039056 0.4772324679076255 4.810959038858975e-05 0.4769967330818111 nan 12812.3   
163 1956 6.51968894925112 64.39680183799948 0.47695859371519256 4.7696262102491627e-01 0.4770118925187854 0.47710938980027884 5.758112448261965e-05 0.4769731922503124 nan 12889.4   
164 1968 6.144235598469768 63.30551555812828 0.47695859371519256 4.7696909505651663e-01 0.47700735641512415 0.47709008431164646 4.8793958758286404e-05 0.4769796768571183 nan 12968.0   
165 1980 6.167147420171504 64.41717143733257 0.47695375779328586 4.7695375779328586e-01 0.4770286363719156 0.47706132631551024 3.258330383493213e-05 0.47699743681635315 nan 13047.0   
166 1992 5.8409043423653335 67.69236911691473 0.47695375779328586 4.7695600701601548e-01 0.4769818442285907 0.4770106393452975 3.356467300236199e-05 0.4769616629438063 nan 13121.8   
167 2004 5.550002939492704 69.60804876032695 0.4769533227130459 4.7695332271304591e-01 0.4769909807955427 0.4770516144791713 2.6126237355372783e-05 0.476969968921235 nan 13200.9   
