% # columns="iteration, evaluation, min 25%tile 75%tile max correlation, correlation matrix principal axes lengths  (sorted square roots of eigenvalues of correlation matrix)", seed=12345, Wed Apr  8 00:36:00 2026
1 12 -0.07252164462197025 -0.04123109809199744 0.021593170775664673 0.06981799538946286 0.9251076279761145 0.9342153227119757 0.9694168994858008 0.978693587248357 0.9909491662266765 1.0042041231943937 1.0269640151468098 1.0496030244682808 1.107736239488201
2 24 -0.097146726787109 -0.037904830606845775 0.030064047679463832 0.08156977808605295 0.9251076279761145 0.9342153227119757 0.9694168994858008 0.978693587248357 0.9909491662266765 1.0042041231943937 1.0269640151468098 1.0496030244682808 1.107736239488201
3 36 -0.12483833901492598 -0.04572406697679928 0.046849349388878296 0.11746961125184617 0.9251076279761145 0.9342153227119757 0.9694168994858008 0.978693587248357 0.9909491662266765 1.0042041231943937 1.0269640151468098 1.0496030244682808 1.107736239488201
4 48 -0.1515164414918321 -0.05703019091473978 0.04892303191049842 0.15674581115061334 0.9251076279761145 0.9342153227119757 0.9694168994858008 0.978693587248357 0.9909491662266765 1.0042041231943937 1.0269640151468098 1.0496030244682808 1.107736239488201
5 60 -0.1745138146794799 -0.062218134927586 0.060949795046776896 0.18626964368779753 0.9251076279761145 0.9342153227119757 0.9694168994858008 0.978693587248357 0.9909491662266765 1.0042041231943937 1.0269640151468098 1.0496030244682808 1.107736239488201
6 72 -0.21238528016601682 -0.07511373539951292 0.06308273941948123 0.18683242216385504 0.9251076279761145 0.9342153227119757 0.9694168994858008 0.978693587248357 0.9909491662266765 1.0042041231943937 1.0269640151468098 1.0496030244682808 1.107736239488201
7 84 -0.2657392357980461 -0.07908274325583 0.0683276794033897 0.22480144737864588 0.9251076279761145 0.9342153227119757 0.9694168994858008 0.978693587248357 0.9909491662266765 1.0042041231943937 1.0269640151468098 1.0496030244682808 1.107736239488201
8 96 -0.2648021052549276 -0.09803822559110714 0.0695935088657085 0.2647120751232521 0.9251076279761145 0.9342153227119757 0.9694168994858008 0.978693587248357 0.9909491662266765 1.0042041231943937 1.0269640151468098 1.0496030244682808 1.107736239488201
9 108 -0.24684949016958077 -0.09157119616482581 0.06668966697032028 0.27285434522530977 0.9251076279761145 0.9342153227119757 0.9694168994858008 0.978693587248357 0.9909491662266765 1.0042041231943937 1.0269640151468098 1.0496030244682808 1.107736239488201
10 120 -0.2651364200344694 -0.1006573285212951 0.06940163582966186 0.32904229948236274 0.7011248945601128 0.7967545820455925 0.884234418863763 0.9270950069319601 1.0008895484746143 1.0138052185108097 1.1041576730526212 1.1277842169377164 1.308276745408115
11 132 -0.24319779199984043 -0.10116015154071198 0.0700478434753757 0.29951401533994215 0.7011248945601128 0.7967545820455925 0.884234418863763 0.9270950069319601 1.0008895484746143 1.0138052185108097 1.1041576730526212 1.1277842169377164 1.308276745408115
12 144 -0.24612092501251878 -0.1020514345303426 0.06481580062900821 0.35137769303217053 0.7011248945601128 0.7967545820455925 0.884234418863763 0.9270950069319601 1.0008895484746143 1.0138052185108097 1.1041576730526212 1.1277842169377164 1.308276745408115
13 156 -0.2293078989856163 -0.1127946737201283 0.08220384042499662 0.3924103951453263 0.7011248945601128 0.7967545820455925 0.884234418863763 0.9270950069319601 1.0008895484746143 1.0138052185108097 1.1041576730526212 1.1277842169377164 1.308276745408115
14 168 -0.22800296895308725 -0.09726238338196014 0.06739030896765229 0.3707134434671724 0.7011248945601128 0.7967545820455925 0.884234418863763 0.9270950069319601 1.0008895484746143 1.0138052185108097 1.1041576730526212 1.1277842169377164 1.308276745408115
15 180 -0.2740387849716966 -0.1135512078699007 0.06944309607289043 0.34442018434472516 0.7011248945601128 0.7967545820455925 0.884234418863763 0.9270950069319601 1.0008895484746143 1.0138052185108097 1.1041576730526212 1.1277842169377164 1.308276745408115
16 192 -0.30787540013735076 -0.11814767779952641 0.07026054775546828 0.32913744895756003 0.7011248945601128 0.7967545820455925 0.884234418863763 0.9270950069319601 1.0008895484746143 1.0138052185108097 1.1041576730526212 1.1277842169377164 1.308276745408115
17 204 -0.3648245563951772 -0.10411457254369362 0.1151655150948123 0.3418478449581045 0.7011248945601128 0.7967545820455925 0.884234418863763 0.9270950069319601 1.0008895484746143 1.0138052185108097 1.1041576730526212 1.1277842169377164 1.308276745408115
18 216 -0.3854098617752773 -0.1130335075434454 0.10032837029733696 0.3897391553076569 0.7011248945601128 0.7967545820455925 0.884234418863763 0.9270950069319601 1.0008895484746143 1.0138052185108097 1.1041576730526212 1.1277842169377164 1.308276745408115
19 228 -0.41246791581293857 -0.10277083846029005 0.1016717477440238 0.4323095593140949 0.5376258651408484 0.7405747194632815 0.8596042622652323 0.8648609375260021 0.9243886176775237 1.015028687327303 1.1575836007329774 1.2511337734122296 1.3731316472985124
20 240 -0.42224036713700874 -0.0845123666132498 0.1249660885824746 0.443575979280502 0.5376258651408484 0.7405747194632815 0.8596042622652323 0.8648609375260021 0.9243886176775237 1.015028687327303 1.1575836007329774 1.2511337734122296 1.3731316472985124
21 252 -0.4142169119815165 -0.09511025606353431 0.11297450141080265 0.43680509138577417 0.5376258651408484 0.7405747194632815 0.8596042622652323 0.8648609375260021 0.9243886176775237 1.015028687327303 1.1575836007329774 1.2511337734122296 1.3731316472985124
22 264 -0.4130791195979186 -0.10222776681179656 0.11220828869800822 0.45515451441663074 0.5376258651408484 0.7405747194632815 0.8596042622652323 0.8648609375260021 0.9243886176775237 1.015028687327303 1.1575836007329774 1.2511337734122296 1.3731316472985124
23 276 -0.3755899677316016 -0.11447679868425173 0.11843663884342864 0.45290431767537576 0.5376258651408484 0.7405747194632815 0.8596042622652323 0.8648609375260021 0.9243886176775237 1.015028687327303 1.1575836007329774 1.2511337734122296 1.3731316472985124
24 288 -0.33526438622255794 -0.11442377444448244 0.12721622063947552 0.46954331093734336 0.5376258651408484 0.7405747194632815 0.8596042622652323 0.8648609375260021 0.9243886176775237 1.015028687327303 1.1575836007329774 1.2511337734122296 1.3731316472985124
25 300 -0.31934843500807414 -0.09712767333475045 0.10275154781815568 0.45600084917105127 0.5376258651408484 0.7405747194632815 0.8596042622652323 0.8648609375260021 0.9243886176775237 1.015028687327303 1.1575836007329774 1.2511337734122296 1.3731316472985124
26 312 -0.3462547443818144 -0.07172569524466475 0.12739764430300798 0.4728941873242324 0.5376258651408484 0.7405747194632815 0.8596042622652323 0.8648609375260021 0.9243886176775237 1.015028687327303 1.1575836007329774 1.2511337734122296 1.3731316472985124
27 324 -0.341017145718364 -0.07979951913967276 0.11905632569881314 0.468493911066264 0.5376258651408484 0.7405747194632815 0.8596042622652323 0.8648609375260021 0.9243886176775237 1.015028687327303 1.1575836007329774 1.2511337734122296 1.3731316472985124
28 336 -0.3615028723412828 -0.09684934566161549 0.1298275957715758 0.48259804455829797 0.43904849804585905 0.6528372194547399 0.7363998564817578 0.828526774876578 0.945278321151867 1.0752194497862007 1.1976385026535563 1.296692469574075 1.409574865914522
29 348 -0.36952578488842686 -0.08812703577643427 0.14663947673255984 0.5197365983509239 0.43904849804585905 0.6528372194547399 0.7363998564817578 0.828526774876578 0.945278321151867 1.0752194497862007 1.1976385026535563 1.296692469574075 1.409574865914522
30 360 -0.3880974255789015 -0.1032109765830826 0.13447701907187806 0.5237435234418395 0.43904849804585905 0.6528372194547399 0.7363998564817578 0.828526774876578 0.945278321151867 1.0752194497862007 1.1976385026535563 1.296692469574075 1.409574865914522
31 372 -0.39631878839033974 -0.09851378604268546 0.15035218798452485 0.5342688905802727 0.43904849804585905 0.6528372194547399 0.7363998564817578 0.828526774876578 0.945278321151867 1.0752194497862007 1.1976385026535563 1.296692469574075 1.409574865914522
32 384 -0.40414237240754164 -0.09466750874208377 0.1497793794269396 0.5324212114298214 0.43904849804585905 0.6528372194547399 0.7363998564817578 0.828526774876578 0.945278321151867 1.0752194497862007 1.1976385026535563 1.296692469574075 1.409574865914522
33 396 -0.41190174411604946 -0.0898628940269814 0.15045086151921166 0.5276039771248299 0.43904849804585905 0.6528372194547399 0.7363998564817578 0.828526774876578 0.945278321151867 1.0752194497862007 1.1976385026535563 1.296692469574075 1.409574865914522
34 408 -0.41335019941248324 -0.0898599285743561 0.16112633515115699 0.5306939213893686 0.43904849804585905 0.6528372194547399 0.7363998564817578 0.828526774876578 0.945278321151867 1.0752194497862007 1.1976385026535563 1.296692469574075 1.409574865914522
35 420 -0.47163650313664424 -0.11711264739199082 0.1821205092057388 0.5340763040335085 0.43904849804585905 0.6528372194547399 0.7363998564817578 0.828526774876578 0.945278321151867 1.0752194497862007 1.1976385026535563 1.296692469574075 1.409574865914522
36 432 -0.5025476856530594 -0.11509930201385103 0.19009030084137196 0.5415962042252973 0.43904849804585905 0.6528372194547399 0.7363998564817578 0.828526774876578 0.945278321151867 1.0752194497862007 1.1976385026535563 1.296692469574075 1.409574865914522
37 444 -0.47250770879318355 -0.11377278277280982 0.19637292870438838 0.5487785562888708 0.3555024543974374 0.5506734725568038 0.6461862324036078 0.7383298633411369 0.8897406158259183 1.0856337960650746 1.2131619820346766 1.3907986807125785 1.493776097664979
38 456 -0.46545287849598815 -0.14115558705862305 0.18797160530559087 0.543112018641459 0.3555024543974374 0.5506734725568038 0.6461862324036078 0.7383298633411369 0.8897406158259183 1.0856337960650746 1.2131619820346766 1.3907986807125785 1.493776097664979
39 468 -0.4555690438999643 -0.14654978109299244 0.18581107086958062 0.5607646709695278 0.3555024543974374 0.5506734725568038 0.6461862324036078 0.7383298633411369 0.8897406158259183 1.0856337960650746 1.2131619820346766 1.3907986807125785 1.493776097664979
40 480 -0.4675225784349433 -0.140448882049184 0.18899577351549668 0.5687826591678797 0.3555024543974374 0.5506734725568038 0.6461862324036078 0.7383298633411369 0.8897406158259183 1.0856337960650746 1.2131619820346766 1.3907986807125785 1.493776097664979
41 492 -0.48202696226046 -0.18014330397073525 0.2061624054127697 0.5741936568891055 0.3555024543974374 0.5506734725568038 0.6461862324036078 0.7383298633411369 0.8897406158259183 1.0856337960650746 1.2131619820346766 1.3907986807125785 1.493776097664979
42 504 -0.5353241239472234 -0.20414273526721333 0.23212907614517667 0.6020614097238391 0.3555024543974374 0.5506734725568038 0.6461862324036078 0.7383298633411369 0.8897406158259183 1.0856337960650746 1.2131619820346766 1.3907986807125785 1.493776097664979
43 516 -0.5587855902497625 -0.17423378530515957 0.2189701660476771 0.6196484260842475 0.3555024543974374 0.5506734725568038 0.6461862324036078 0.7383298633411369 0.8897406158259183 1.0856337960650746 1.2131619820346766 1.3907986807125785 1.493776097664979
44 528 -0.5832056656277917 -0.20102827323520664 0.2095136539629557 0.6236225510360702 0.3555024543974374 0.5506734725568038 0.6461862324036078 0.7383298633411369 0.8897406158259183 1.0856337960650746 1.2131619820346766 1.3907986807125785 1.493776097664979
45 540 -0.5869748607850289 -0.22637673544481873 0.20248580517181292 0.6188913178512793 0.3555024543974374 0.5506734725568038 0.6461862324036078 0.7383298633411369 0.8897406158259183 1.0856337960650746 1.2131619820346766 1.3907986807125785 1.493776097664979
46 552 -0.6075412635823655 -0.23524601012486507 0.23245867960354882 0.6173786409879105 0.28918474142209155 0.43715310808066926 0.6054738233498077 0.6710514845573015 0.797024174342124 1.0959132697132319 1.2581098516863871 1.3100691609797157 1.6652224070843893
47 564 -0.6184462863810141 -0.16841190187978688 0.19686096715613108 0.6098090018375322 0.28918474142209155 0.43715310808066926 0.6054738233498077 0.6710514845573015 0.797024174342124 1.0959132697132319 1.2581098516863871 1.3100691609797157 1.6652224070843893
48 576 -0.648681796023654 -0.15804179057568338 0.18212713033669858 0.6459731731874413 0.28918474142209155 0.43715310808066926 0.6054738233498077 0.6710514845573015 0.797024174342124 1.0959132697132319 1.2581098516863871 1.3100691609797157 1.6652224070843893
49 588 -0.6754063443122522 -0.17191892935786104 0.18503201631091024 0.6522085163234244 0.28918474142209155 0.43715310808066926 0.6054738233498077 0.6710514845573015 0.797024174342124 1.0959132697132319 1.2581098516863871 1.3100691609797157 1.6652224070843893
50 600 -0.7091482875706775 -0.17939202495035222 0.17413550946913897 0.66198770223929 0.28918474142209155 0.43715310808066926 0.6054738233498077 0.6710514845573015 0.797024174342124 1.0959132697132319 1.2581098516863871 1.3100691609797157 1.6652224070843893
51 612 -0.7185764154516898 -0.1777461691503301 0.16095459276411778 0.6804506954316029 0.28918474142209155 0.43715310808066926 0.6054738233498077 0.6710514845573015 0.797024174342124 1.0959132697132319 1.2581098516863871 1.3100691609797157 1.6652224070843893
