% # columns="iteration, evaluation, sigma, axis ratio, bestever, best, median, worst objective function value, interquartile range, 25%tile, current best feasible f-value, elapsed wallclock time [s], further/more values", seed=296721, Sat Apr  4 02:41:21 2026, <python>{}</python>
1 12 19.806170996024836 1.0000444454321133 0.26375800074177597 2.6375800074177597e-01 0.5574170597541654 2.109012312389572 0.1605324401183627 0.42887242400718334 nan 29.9   
2 24 18.26458892343582 1.37414623636245 0.11630930088052684 1.1630930088052684e-01 0.2707953678517165 1.1905612550123172 0.3183441249967841 0.198916460572082 nan 57.7   
3 36 17.927919069356147 1.3856690440360682 0.11630930088052684 1.3244757792611447e-01 0.24719080047550088 0.7871916529220536 0.14049036105046264 0.20619637922682194 nan 85.4   
4 48 17.996381819510347 1.4050658715066509 0.0903522937035971 9.0352293703597097e-02 0.258515737854402 2.1413998126035914 0.25059611242770297 0.11090149947867553 nan 113.7   
5 60 19.58159182539221 1.4553775655913632 0.0903522937035971 1.0347994157363337e-01 0.20157517296872304 1.353785720650283 0.24541304420576976 0.13927205655915825 nan 141.8   
6 72 23.508760561608813 1.6259195806300817 0.0903522937035971 1.2098005157184714e-01 0.19865500630599686 0.491229271605923 0.15374165946573654 0.15293783802487 nan 170.6   
7 84 25.418638462007454 1.7147974655642044 0.0903522937035971 1.0830100463174089e-01 0.19444869955099575 0.5843252351564882 0.18878337729437172 0.16443274253353923 nan 200.1   
8 96 27.212237299454035 1.8031013448117243 0.0903522937035971 9.6082003535220298e-02 0.2309396994086057 0.3468469445354318 0.0655188236375934 0.1869339791652104 nan 227.8   
9 108 26.426722868641633 1.7504096817661592 0.06025797984870128 6.0257979848701279e-02 0.14497726347771925 0.8035872258150478 0.06641911021411523 0.1077304050963786 nan 255.7   
10 120 25.29069929110173 1.8772195712003557 0.06025797984870128 6.3039031141266785e-02 0.1636534925333668 2.6553906636143303 0.15726242108459365 0.13029737927450785 nan 283.5   
11 132 23.87278003188461 1.93921384286708 0.06025797984870128 1.0936492578572894e-01 0.18985477442997728 0.5359669397400714 0.14181093752124743 0.15665043669848797 nan 311.4   
12 144 24.227565429088475 2.023500525709519 0.06025797984870128 9.2738020607146004e-02 0.17586770505143978 0.9100891341342084 0.19745206810942834 0.1430499360809399 nan 339.1   
13 156 24.33464747077289 2.119000481075749 0.06025797984870128 6.8871526797308333e-02 0.12978919591145424 0.30638407333438644 0.0907001856172148 0.08744205942155184 nan 367.0   
14 168 26.086995804569842 2.1489945567791335 0.06025797984870128 1.0054298955542013e-01 0.16666030025031095 1.009983964807712 0.07482844093465092 0.11872111378294205 nan 394.7   
15 180 25.779236141829944 2.139186478386387 0.06025797984870128 8.6947721330580680e-02 0.17682993891150095 1.788980758552742 0.2381122087600242 0.1175825022152112 nan 422.6   
16 192 24.298923761046677 2.1149872344694085 0.06025797984870128 9.9779222928095809e-02 0.15671047027593318 1.6121986165815287 0.05137828484018368 0.12308164939174705 nan 450.2   
17 204 25.042330708906626 2.306620444033013 0.06025797984870128 8.2106366728239469e-02 0.1630276574756922 0.7715495684961496 0.08815768618432654 0.13213438274123046 nan 478.9   
18 216 24.372045267863612 2.253747559500608 0.06025797984870128 1.2077510117093175e-01 0.1807452145616591 1.608405807388287 0.10252764173305448 0.14631451856285985 nan 506.5   
19 228 26.94743517558541 2.2203676590592445 0.06025797984870128 1.1173065648582688e-01 0.23388991104191348 1.1005382147033318 0.17524030200069984 0.16795138304044333 nan 534.8   
20 240 30.428676009420712 2.26904037486962 0.06025797984870128 1.1602229444103596e-01 0.27268272467214244 1.8005867487907756 0.34310672616981386 0.1809902781455065 nan 562.8   
21 252 29.905901321051225 2.4016030602345326 0.06025797984870128 8.8399765860802268e-02 0.26153134494816543 0.7236956437142987 0.21762253031169915 0.14872252926748908 nan 591.3   
22 264 31.692119709302037 2.4187398671885987 0.06025797984870128 9.1896761665756818e-02 0.1993441660991054 0.2942783181917522 0.11929016015378172 0.12328800949872079 nan 618.9   
23 276 28.6009151963986 2.3933596985288235 0.05847411694364422 5.8474116943644218e-02 0.15131487235255164 1.1481024074901416 0.09313350092803552 0.10553707468733925 nan 646.7   
24 288 30.143449859809504 2.3964362272434485 0.05847411694364422 6.7188424036966787e-02 0.12136502914683545 0.18692431358839726 0.03964862801345738 0.10228868934105777 nan 674.3   
25 300 33.856664569693166 2.3509805062867213 0.05847411694364422 8.0693772792896815e-02 0.16489091239140935 0.40432327786058275 0.09082576232996728 0.11833188115949209 nan 702.2   
26 312 31.638802794162544 2.6019417324720187 0.05847411694364422 1.0454263341484803e-01 0.2545088027139747 0.4038430462959527 0.1490893073512932 0.1406234170035651 nan 730.2   
27 324 31.03976093885465 2.7856724535922015 0.05847411694364422 7.3627060121519941e-02 0.11658953780878478 0.29371365635215296 0.03135471457652267 0.09574968103474357 nan 758.0   
28 336 28.15934576083876 2.8179931686721518 0.05847411694364422 7.5521953376589054e-02 0.16061466903097169 0.40956917980091795 0.08032431158037484 0.11816646166171604 nan 785.7   
29 348 27.73324752321752 2.770427939485027 0.05847411694364422 8.4073551139508804e-02 0.1622506529430802 0.3295740597971896 0.12770392175400636 0.10172526890439165 nan 813.5   
30 360 27.142664214729642 2.706743569468523 0.05847411694364422 1.1412942050539075e-01 0.14957299607092658 0.23830513748703888 0.0679843625491992 0.1298024429253538 nan 841.4   
31 372 27.6384645923022 2.800288198369241 0.05847411694364422 7.4154500301069959e-02 0.15129980318126013 0.22402537108393247 0.07115964041854361 0.11258420851433765 nan 869.2   
32 384 27.653728323023735 2.8187636707234396 0.05847411694364422 8.0175855446847202e-02 0.14697876458072534 0.2228391410596045 0.05892095859314528 0.09600670896668168 nan 897.2   
33 396 29.026629748082478 2.877778326675495 0.05847411694364422 6.1165671972004350e-02 0.1473856255909721 0.571804263111274 0.0638036246608694 0.11069981222589666 nan 925.0   
34 408 28.22738899674323 2.802164785071479 0.05847411694364422 1.0083024161454086e-01 0.14157499189825568 0.23778314623915536 0.04592171022264335 0.11719343830570855 nan 952.8   
35 420 29.11073569858473 2.9333148763275476 0.05847411694364422 9.1293716507248449e-02 0.14736746026519215 0.2072329263206243 0.07782071121155919 0.1077443872218158 nan 980.4   
36 432 31.730210818723172 3.0273124608927025 0.046269320609842526 4.6269320609842526e-02 0.19319299268865206 0.3189715462542247 0.10109671847783658 0.13019255681588077 nan 1008.1   
37 444 31.607262899662246 3.0439104467445026 0.046269320609842526 8.7696076866797340e-02 0.13631474843004251 0.32850651829704175 0.07150554873192093 0.11494966530043023 nan 1035.9   
38 456 30.46605766940856 3.08005362504364 0.046269320609842526 9.9413666923676106e-02 0.1756448144184871 0.24554770476938725 0.08193569156585626 0.12513002866947268 nan 1063.9   
39 468 27.632753729904774 3.016927129110786 0.046269320609842526 9.0842718334456105e-02 0.26409445657934016 0.3348754874460347 0.1726866812630284 0.131105136473978 nan 1091.5   
40 480 26.356306386919073 3.085449316449611 0.046269320609842526 8.3822976871565716e-02 0.16008747931522874 0.2419940619148184 0.06956901870095346 0.09608015469656771 nan 1119.4   
41 492 26.67544652738531 3.0631069018412043 0.046269320609842526 6.0391119936546847e-02 0.12284527143253081 0.20546497007150644 0.08492920792072806 0.08185640012509632 nan 1147.5   
42 504 25.995447421603853 3.1284476114296105 0.046269320609842526 9.7326112684703647e-02 0.15965537180065228 0.46460525447080125 0.032602764606617596 0.13698262860509525 nan 1175.4   
43 516 23.26011253856581 3.3136646226211237 0.046269320609842526 8.4042011090509156e-02 0.11687164396996631 0.16190637853060277 0.03678986470576953 0.09398391276202253 nan 1203.2   
44 528 24.46952383332509 3.398135678172638 0.046269320609842526 6.0867972563196648e-02 0.15534958952040376 0.29749637662997813 0.10227738353768581 0.10891643233150786 nan 1231.0   
45 540 23.20788843884795 3.5302643722136753 0.046269320609842526 8.1134188897886650e-02 0.15366742123342805 0.39945319996731926 0.08553751455217068 0.13307816946110668 nan 1258.8   
46 552 20.8245844413876 3.606928500583733 0.046269320609842526 7.1181158002560307e-02 0.18856047315657087 0.46775325925300837 0.20842226705432548 0.13619167789494718 nan 1286.5   
47 564 22.94588355622324 3.6799303606745815 0.046269320609842526 8.6927768724217883e-02 0.15580112623059986 0.2318364765131701 0.0564935097284508 0.13182676172320554 nan 1314.4   
48 576 24.154239268373857 3.9533940219549364 0.046269320609842526 9.0646612233545809e-02 0.16818881382812143 0.26096423850439404 0.051362023809181645 0.1499758885043988 nan 1342.1   
49 588 23.198823011283285 3.8559666407916517 0.046269320609842526 1.0101670218984038e-01 0.15701533741520932 0.42808479219448203 0.04543958622902941 0.13750281222468577 nan 1369.9   
50 600 23.750855500753843 3.975932568453487 0.046269320609842526 1.0511816017591009e-01 0.1483331114301264 0.27413651764489416 0.04764840733007736 0.13687465102518265 nan 1397.5   
51 612 21.77905731745713 3.911901317761726 0.046269320609842526 9.8555476306917855e-02 0.18696499766813063 0.20121617054488006 0.06871909359837947 0.1229843433191532 nan 1425.5   
52 624 19.28676895889131 3.829559841827597 0.046269320609842526 9.2181874889192411e-02 0.15769458199430803 0.3311706045965907 0.09783397653899398 0.12061686352183784 nan 1453.2   
53 636 18.978778061897 3.839519615942386 0.046269320609842526 1.0776207827220963e-01 0.13430956575821154 0.18909313260017954 0.029324087539943464 0.11303995994545087 nan 1481.1   
54 648 19.279976215219378 3.959651660207727 0.046269320609842526 6.3910043379162770e-02 0.15109043027287355 0.3836972775170832 0.08023784575546283 0.11203085945102864 nan 1508.9   
55 660 19.069831522866572 4.066938238276961 0.046269320609842526 7.8351021125600467e-02 0.11898593492547686 0.22324120795064248 0.0622981423357403 0.09793457740489517 nan 1536.9   
56 672 17.902634915299725 4.158625175708003 0.046269320609842526 8.0630516038135328e-02 0.1311429125123084 0.2220041272929559 0.04370862578879628 0.11144333702042958 nan 1564.6   
57 684 18.02521585920004 4.145735603152414 0.046269320609842526 8.8674896263777100e-02 0.18021443523252434 0.48347679528362575 0.111799587609717 0.12636768156428743 nan 1592.4   
58 696 17.65698305983957 4.340728879693977 0.046269320609842526 6.5468593748668383e-02 0.14347012222133473 1.1738749774179411 0.06109136602820446 0.1074409377447338 nan 1620.2   
59 708 18.025455881739248 4.540658606259786 0.046269320609842526 8.0477784884181863e-02 0.167224140605952 0.302534485261988 0.07313128746782985 0.11605717812922314 nan 1648.1   
60 720 17.69281182858144 4.540332948094777 0.046269320609842526 8.3612370644967696e-02 0.14673260533145846 0.21499798838340217 0.06938091752769543 0.10708006152838373 nan 1676.0   
61 732 19.05947130630256 4.627810549004371 0.046269320609842526 4.7653078303907546e-02 0.1166750888166543 0.1706148729570601 0.050769689172224935 0.08010978746507272 nan 1703.7   
62 744 22.756985790108097 4.76578778594502 0.046269320609842526 7.1232690328581191e-02 0.13613333183568113 0.18617078744622662 0.046853449655589643 0.1068925373174711 nan 1731.5   
63 756 23.677356643666876 4.922052466276728 0.046269320609842526 8.6377268604251975e-02 0.110750304725905 0.23593236247374888 0.02235721419335672 0.09770656381360729 nan 1759.4   
64 768 23.028019237639654 4.6828774003974605 0.046269320609842526 9.1517555235312326e-02 0.14482693244577288 0.2068535595269822 0.06392543745243558 0.10942766017297866 nan 1788.2   
65 780 21.984848406544927 4.601524393887466 0.046269320609842526 6.1479468370062469e-02 0.11933848156166511 0.23885669805237963 0.05020479061433916 0.09338381814020655 nan 1815.8   
66 792 19.869977649895507 4.802262771285066 0.046269320609842526 8.8569973846692823e-02 0.13439369336431298 0.17453994726226463 0.03907797726880638 0.10649118686058315 nan 1843.4   
67 804 19.396609001341897 4.984622866531652 0.046269320609842526 8.8514978206713724e-02 0.13824760743686443 0.20939083055650154 0.04225692851577284 0.11665534438138328 nan 1871.2   
68 816 19.862254970557956 5.052255795203495 0.046269320609842526 8.7975939237284514e-02 0.1455572900103288 0.4352629948068632 0.11834649705811694 0.11367124933893887 nan 1899.0   
69 828 19.86112626031875 5.200622771660943 0.046269320609842526 7.5871624677226260e-02 0.11226636436054796 0.19076529322017566 0.06355401228431726 0.09574584681319831 nan 1926.8   
70 840 18.799099630184262 5.442203460900627 0.046269320609842526 9.4615235213351939e-02 0.13501697021202233 0.1551812859847571 0.027767269714767506 0.11123232741911124 nan 1954.5   
71 852 17.235549235600775 5.576254219200209 0.046269320609842526 5.6367821373203966e-02 0.08613667018796377 0.13490225835898662 0.015969216847881385 0.07256983527389094 nan 1982.3   
72 864 17.636834575669393 5.767298995728266 0.046269320609842526 6.1347804226634238e-02 0.12412069805981696 0.18952034648343505 0.04175044715724227 0.10530558076274335 nan 2010.1   
73 876 16.1574013903311 6.11488857260627 0.046269320609842526 6.9234260791521479e-02 0.13478114005439434 0.2606369004193403 0.08324619730152606 0.09383641631770896 nan 2038.0   
74 888 15.652251403669831 5.973631899544413 0.046269320609842526 5.8248002808388419e-02 0.10601606821751024 0.1342620266861649 0.02812166598244767 0.08932056981529674 nan 2065.9   
75 900 15.174582936283308 6.235190141270034 0.046269320609842526 7.5795628395269127e-02 0.12692262777349994 0.23370708153114297 0.061671262960881906 0.092972210297004 nan 2093.8   
76 912 14.939558747702531 6.0892045856039685 0.046269320609842526 5.2173689812902123e-02 0.1374033277955992 0.17377463938075302 0.05773088677902419 0.08901350341717942 nan 2121.4   
77 924 14.592219993742292 5.920592632099011 0.046269320609842526 7.4463155830839900e-02 0.10063333613489943 0.1530375175654476 0.05285160628939001 0.08983957260210243 nan 2149.2   
78 936 13.936781636072578 6.059705386049388 0.046269320609842526 8.1533677462630919e-02 0.11115425621577182 0.13620811553469486 0.0238006054286172 0.09569367319810099 nan 2177.0   
79 948 12.853465329862429 6.01297985091964 0.046269320609842526 7.4646617300582516e-02 0.13994502388583907 0.26082646401219384 0.05576834026062705 0.09790226932266333 nan 2205.0   
80 960 11.220123138993541 5.808947916853636 0.046269320609842526 6.8473060555208812e-02 0.1112763116171189 0.17153365882015942 0.011922944092297313 0.1054271103454561 nan 2232.7   
81 972 11.204094567252383 5.672741809490982 0.046269320609842526 6.7400766308664636e-02 0.12655189197114525 0.16354868138793635 0.017188335442214694 0.11690494128968455 nan 2260.4   
82 984 12.307278372087788 6.207935253215591 0.046269320609842526 7.0386955825028588e-02 0.1073783615616026 0.18588233224630382 0.031198609893314008 0.08542174428975971 nan 2288.1   
83 996 12.474539209772447 6.651310035914706 0.046269320609842526 5.7376672151683947e-02 0.09429810881857462 0.12832210141528502 0.032483023235345146 0.07233416512905072 nan 2316.0   
84 1008 13.38756933053735 6.6775091062028284 0.046269320609842526 7.1135438171615106e-02 0.11497168149724143 0.1651480135098167 0.03568975533991661 0.09349534276564206 nan 2343.8   
85 1020 15.04223979085657 6.900690599450251 0.046269320609842526 6.7277231731041817e-02 0.1121226413432251 0.17516302384139923 0.05115038003445421 0.09681816283416708 nan 2371.6   
86 1032 16.24012763127716 6.874633871722551 0.046269320609842526 9.0333649404141458e-02 0.1429806964758581 0.20179888733196885 0.050220242180089775 0.11360678405569266 nan 2399.4   
87 1044 16.237769461076198 6.913999003821981 0.046269320609842526 8.4716142385855162e-02 0.14780018639917317 0.2749054416742913 0.06295863023608385 0.09380875249480898 nan 2427.0   
88 1056 15.927188853121944 6.9802626347799475 0.046269320609842526 7.5687443052723152e-02 0.119424070488533 0.1858268464780243 0.06198488829813162 0.08925414056914308 nan 2454.8   
89 1068 16.84526170424402 6.949189133435138 0.046269320609842526 6.9300288045756539e-02 0.1327970860436852 0.26569319816694914 0.059660579916822803 0.09513070659670722 nan 2482.6   
90 1080 17.24715132015823 6.860229712796106 0.046269320609842526 7.8164796445162235e-02 0.11694820285995683 0.16897200576138258 0.0482821948179962 0.09393666103342665 nan 2510.4   
91 1092 19.389795440908628 7.158092083302233 0.046269320609842526 8.9476452362485581e-02 0.13633018482218695 0.2557725298096728 0.03449080887717684 0.11611406248730313 nan 2538.2   
92 1104 18.79889715152696 6.9142860450846095 0.046269320609842526 5.4794130001054119e-02 0.11202878442629105 0.2333367856935807 0.03781006067560129 0.08461771340187454 nan 2566.2   
93 1116 18.76820213489939 6.9661639019067625 0.046269320609842526 6.3914421413103245e-02 0.10654711234755865 0.19826966805576385 0.03654465097931063 0.08703360756273297 nan 2594.0   
94 1128 19.135836887723556 6.881909186880476 0.046269320609842526 6.0749879277132393e-02 0.11549279222394981 2.7285292633593 0.10754317912859145 0.09349739155233876 nan 2621.7   
95 1140 19.591334700024177 7.045428148870954 0.046269320609842526 7.1333008435091660e-02 0.13486314816704725 0.16028262467616122 0.037309352575416524 0.10948770608933632 nan 2649.4   
96 1152 18.011200242496447 7.275139937730645 0.046269320609842526 8.1063895837888297e-02 0.14452939760801628 0.2049986814503375 0.07719245093034319 0.10861285329449413 nan 2677.2   
97 1164 17.31070016793696 7.266046132578756 0.046269320609842526 6.2061819959699956e-02 0.1302429745435467 0.29378830418872454 0.05484124216008665 0.09275612152138493 nan 2705.0   
98 1176 17.01579773471184 7.380678530718433 0.046269320609842526 8.8175916119742001e-02 0.10609124363313291 0.15255275752656117 0.03932288496097329 0.08987211683959635 nan 2732.8   
99 1188 17.176420488328823 7.3797429296251345 0.046269320609842526 6.7961003522648597e-02 0.11028058922652105 0.1454444353249004 0.04920424219261166 0.08077875822016511 nan 2760.6   
100 1200 16.706806732916515 7.373980939664537 0.046269320609842526 5.6447684007822518e-02 0.13137403308777107 0.25387412152654776 0.052515514129688176 0.1055056975739105 nan 2788.5   
101 1212 15.982073622604295 7.6205329212305095 0.046269320609842526 9.8311893707952347e-02 0.12326354233078873 0.1939081322426787 0.03289399927448215 0.10644290523591356 nan 2816.4   
102 1224 15.111675485635196 7.558430468253666 0.04345457294431948 4.3454572944319481e-02 0.12750008307215366 0.19892956350008542 0.04779941212011199 0.09097478269038287 nan 2844.2   
103 1236 15.803799152721412 7.510627562178137 0.04345457294431948 8.8467899490327420e-02 0.10931634009373559 0.13516912989360813 0.03477839707634965 0.096808138351773 nan 2872.0   
104 1248 15.058734466310348 7.281994824730535 0.04345457294431948 6.8741229004968207e-02 0.12232386626257412 0.18749695655274834 0.03595988249199859 0.09400518479030003 nan 2899.8   
105 1260 15.102569867481307 7.079704404386098 0.04345457294431948 7.3270372745114984e-02 0.10965751441977434 0.17478529147268715 0.041331472713172 0.09915825356204738 nan 2930.2   
106 1272 13.915670403589093 6.842699926748905 0.04345457294431948 7.1932984042669651e-02 0.11329125918531568 0.1914615768973535 0.04693652337445825 0.10244965285838686 nan 2966.2   
107 1284 13.873078976951366 6.646192537538389 0.04345457294431948 7.4228101129927393e-02 0.10363678960259277 0.15721547225682528 0.05200354299206095 0.08351239117446982 nan 3000.7   
108 1296 14.126325124977308 6.579421427473084 0.04345457294431948 6.2346642134471442e-02 0.11445260415091107 0.20186576312087628 0.066126630978256 0.08440587949461142 nan 3034.3   
109 1308 13.161484611506612 6.456756116281847 0.04345457294431948 8.0123195383400833e-02 0.11544802743730816 0.21344221330175975 0.061825811034734196 0.09256917217887978 nan 3067.4   
110 1320 14.461274647764544 6.303688996872833 0.04345457294431948 6.1287872161753743e-02 0.11063384003858555 0.1733914507482997 0.06277448514587526 0.08385938953511211 nan 3100.9   
111 1332 14.49992417963792 7.180606080249016 0.04345457294431948 1.0490201427338543e-01 0.11423801592434589 0.1734408561166678 0.04925979650522325 0.10981820065280537 nan 3134.3   
112 1344 15.582425691164223 7.0701005640638055 0.04345457294431948 5.4727583018259911e-02 0.13020459844820886 0.19136832883385022 0.054940855996128996 0.08255876059391618 nan 3167.4   
113 1356 15.2575227913802 7.593209195340172 0.04345457294431948 7.5459758389504375e-02 0.1194873440011506 0.16838938065732084 0.03368236256962409 0.09867039517963003 nan 3200.8   
114 1368 14.213025892004474 7.350491244602347 0.04345457294431948 6.2907320678497178e-02 0.11321237349420193 0.15643935905763576 0.03873627278721539 0.10561962183716933 nan 3234.9   
115 1380 14.481163571317776 7.362941232228075 0.04345457294431948 6.8156319270316165e-02 0.12116881897551708 0.2629232223289993 0.05134083268973344 0.09878806700646536 nan 3269.5   
116 1392 13.541610392978738 8.004293547756342 0.04345457294431948 6.8193181710916206e-02 0.12733965290210425 0.22758393108232797 0.05492360558996 0.09207552438153378 nan 3302.7   
117 1404 13.113028938134304 8.0909014303304 0.04345457294431948 7.5057103293987931e-02 0.1153150689584387 0.15230906989904752 0.036012120916712825 0.09684722905581145 nan 3336.5   
118 1416 12.345944670272507 7.849020100978469 0.04345457294431948 7.8748980149279377e-02 0.1030415707300048 0.21949642083456167 0.04140577674419675 0.09720956003716281 nan 3369.0   
119 1428 11.125645932494939 8.148971542606189 0.04345457294431948 7.2022375233299171e-02 0.14095757182700924 0.2097080757936383 0.06521179564034957 0.09970972517690108 nan 3402.9   
120 1440 10.008267840379593 7.836456614046248 0.04345457294431948 6.9207743969178365e-02 0.11209221366692115 0.16910989908138482 0.030633838534993907 0.08566073917473949 nan 3435.9   
121 1452 8.924089490136941 7.920376998480868 0.04345457294431948 5.3555469513238037e-02 0.10243319208725621 0.1768149098440676 0.03705032378429232 0.09021084394337772 nan 3468.9   
122 1464 8.919794365504766 7.873983753149228 0.04345457294431948 6.9839776388122554e-02 0.0996083381295412 0.18300021512215886 0.03203664516278289 0.07865697704815652 nan 3501.5   
123 1476 8.291579642434021 7.81147844428968 0.04345457294431948 8.0720659630386507e-02 0.11722188791510332 0.16939916515243825 0.03980161369316157 0.0952191278856567 nan 3535.0   
124 1488 8.729077821871744 7.7703922478727785 0.04345457294431948 5.8808761601471325e-02 0.11461286548897609 0.1844397099314082 0.058439896019794685 0.09145397598246194 nan 3567.6   
125 1500 8.2348529119136 7.286866479214735 0.04345457294431948 9.2385120999311246e-02 0.15796942790619395 0.1930510522346313 0.06166423399178364 0.10382127656056592 nan 3600.9   
126 1512 7.488753914274282 7.141653190953958 0.04345457294431948 7.4447060665844222e-02 0.11979464965632274 0.17058245904914693 0.03432594168489078 0.10770775794667015 nan 3633.2   
127 1524 7.399519189047132 7.159503245922087 0.04345457294431948 7.5688921006163354e-02 0.13057002617693306 0.2183580616960741 0.08093365370779108 0.08684460244105414 nan 3666.1   
128 1536 7.142140491879348 7.3323129891831575 0.04345457294431948 4.7813004046568741e-02 0.10027246295810033 0.1983677828281304 0.050242986559343894 0.09193645703148709 nan 3698.3   
129 1548 7.516960833840813 7.640690501988962 0.04345457294431948 7.6469813448693191e-02 0.11186384443530159 0.19709441452777945 0.04693491527646143 0.08717777378377217 nan 3730.9   
130 1560 8.269265559558239 8.150802740502762 0.04345457294431948 7.5673690764147136e-02 0.11866352602419407 0.17382414497101165 0.028830314079936914 0.10522180690196178 nan 3764.0   
131 1572 9.450285936812103 8.903092441709669 0.04345457294431948 8.0354289168812806e-02 0.11799527963408014 0.15353421522222266 0.04104496767537261 0.08755405256752546 nan 3796.8   
132 1584 10.065304533545973 9.194879916767993 0.04345457294431948 7.0719482763320032e-02 0.11999567126654354 0.22238055167605478 0.08035907958681171 0.07474994952549202 nan 3829.5   
133 1596 10.751902628831093 8.877916494511206 0.04345457294431948 6.5566237230800781e-02 0.12366245228994055 0.18538634246267405 0.051663264080950067 0.09046920219813698 nan 3862.5   
134 1608 11.142054734113987 8.95573240584101 0.04345457294431948 7.0332545622295420e-02 0.10705509341282757 0.14927459147596653 0.046241091834583886 0.08013976480259485 nan 3895.1   
135 1620 10.952462817020479 9.283391409968512 0.04345457294431948 6.8121367564626875e-02 0.11152045942024602 0.20105154574210352 0.029385376274884717 0.09765727151670359 nan 3928.8   
136 1632 10.553119826068109 8.964373915936616 0.04345457294431948 7.0735387683187309e-02 0.15270676376269607 0.18030419982462043 0.05063568420271368 0.1134046719660561 nan 3962.0   
137 1644 9.815971765251824 9.006964832144753 0.04345457294431948 1.0441600715588492e-01 0.12988569893027363 0.1968201422681609 0.024783731201579465 0.11258316406685785 nan 3994.0   
138 1656 8.888600696656829 9.068360524383236 0.04345457294431948 4.8189881606331253e-02 0.13024335880269786 0.22496604607772006 0.0660515387746381 0.08695313715092173 nan 4027.6   
139 1668 9.022243676296654 8.838362672339848 0.04345457294431948 7.8282778936148267e-02 0.13652948522299646 0.2525366706623375 0.039077607002109355 0.1066300075341286 nan 4060.2   
140 1680 8.256495621409696 9.163745082967024 0.04345457294431948 6.5597264438352260e-02 0.13068868982631027 0.14946743771405752 0.05382049038345424 0.08664666376683547 nan 4092.9   
141 1692 8.11357032488453 9.531667804952578 0.04345457294431948 6.1511712489342264e-02 0.11282303731191061 0.21575366172010177 0.04211657356410439 0.09985424287829661 nan 4125.3   
142 1704 8.952541983641519 9.696705743557382 0.04345457294431948 6.5951307379970944e-02 0.13586514458185403 0.179058594828081 0.04383405797782969 0.1064844042334307 nan 4157.4   
143 1716 9.44028743777563 9.026329064825841 0.0405355058613742 4.0535505861374201e-02 0.1132094484801811 0.18018014171263697 0.04380225523379638 0.09483802288022142 nan 4188.2   
144 1728 9.808583910207615 9.128324590723366 0.0405355058613742 6.9200633363897049e-02 0.13105487300840846 0.17436767285338936 0.0606326334520943 0.10676465715606703 nan 4222.4   
145 1740 9.597930112707123 9.423957099471227 0.0405355058613742 9.5590730599022414e-02 0.14848411491284103 0.17649559724996758 0.03179575211973781 0.11973131515041643 nan 4255.7   
146 1752 9.3797278664271 9.291988083981245 0.0405355058613742 6.9772063184987618e-02 0.12954838376915734 0.21402593653468782 0.06168146663777939 0.09058974045978781 nan 4286.8   
147 1764 9.289848934111976 9.597451515043003 0.0405355058613742 1.0867073537074090e-01 0.14527614555999477 0.17667148369007163 0.03794135158185906 0.12206587848662413 nan 4319.7   
148 1776 8.545468388237033 9.647264401524001 0.0405355058613742 4.8103030384616670e-02 0.11082441211333265 0.15946725439527687 0.05155368616197442 0.0739125735328715 nan 4352.3   
149 1788 7.6052265883656585 9.417238576730266 0.0405355058613742 9.1591324864342516e-02 0.13566130076847055 0.2864610287192084 0.0400867490823207 0.11170958504285132 nan 4384.2   
150 1800 7.673231967808446 9.496316732085049 0.0405355058613742 8.2306314002495010e-02 0.12093207367698368 0.26359225138491066 0.04929277364720641 0.10111490198851886 nan 4416.5   
151 1812 8.1149343220867 9.331718563389645 0.0405355058613742 8.6127735014470741e-02 0.1341130315363635 0.16272124604751134 0.03659262977711347 0.10949142147059035 nan 4449.4   
152 1824 7.983475888679344 9.587474178371874 0.0405355058613742 1.0510735589649436e-01 0.14048865661980334 0.2524115660147401 0.05093341517371634 0.11097911164252137 nan 4482.7   
153 1836 7.605753149518554 9.560180427118958 0.0405355058613742 9.4818289365239283e-02 0.11652060967546747 0.15127278385601653 0.028196223914973437 0.10471655480836546 nan 4515.1   
154 1848 7.534992985561377 9.68702763088873 0.0405355058613742 8.3042081332999243e-02 0.12822383201005144 0.16489647446701372 0.042253072691261495 0.10201516291807522 nan 4547.3   
155 1860 7.819961792988409 10.429355534367584 0.0405355058613742 1.1789569705238903e-01 0.1520661922067571 0.20475937029296018 0.042875395766623414 0.12730836541189622 nan 4580.0   
156 1872 7.329874620113206 11.220782226758882 0.0405355058613742 7.7425984515329435e-02 0.12703150426860899 0.16701879197070393 0.03336251073694535 0.10869610085277323 nan 4611.6   
157 1884 6.7655689973059445 11.560221136702728 0.0405355058613742 7.8551162972669286e-02 0.10705615483758911 0.17008042743065466 0.04034077922391832 0.09450002802160046 nan 4644.2   
158 1896 5.980545580747365 11.99679782147967 0.0405355058613742 8.5599351255064293e-02 0.10763953614721024 0.1557671041180245 0.025762388489057958 0.10199358527742844 nan 4676.5   
159 1908 5.736270925977939 12.223262203549975 0.0405355058613742 6.9646026113478685e-02 0.11041919587287839 0.15866658824888785 0.0416619544585452 0.09048427564357081 nan 4709.0   
160 1920 6.007720406627404 12.162537988776561 0.0405355058613742 7.5115432415875774e-02 0.12948176100784492 0.17033840104216122 0.044900452875491395 0.10521531485045897 nan 4742.2   
161 1932 5.88075976029234 12.237420350829826 0.0405355058613742 7.8308364475039624e-02 0.15683427381580134 0.2628127440906168 0.0414117872229709 0.13203623528092395 nan 4775.4   
162 1944 5.213382129029237 12.258001158741672 0.0405355058613742 9.3438672915069854e-02 0.12502882921509786 0.1753179510622167 0.04451194500190704 0.1043423013237562 nan 4807.6   
163 1956 5.076318899691188 12.519408490528386 0.0405355058613742 5.3628838463077179e-02 0.12173330992681054 0.17933077806366216 0.0368079282359276 0.09603261110448907 nan 4839.6   
164 1968 4.8431953326043224 12.603206681592603 0.0405355058613742 6.6752839400579522e-02 0.11639733063954537 0.15120971833891786 0.05332835918474026 0.09341484371699656 nan 4872.8   
165 1980 4.571797350664728 13.459427661200221 0.0405355058613742 6.7998847124505130e-02 0.13273075129424186 0.21546501727557976 0.01988409442044256 0.12139573872452403 nan 4906.0   
166 1992 4.6931001473015295 13.492820077323833 0.0405355058613742 8.7668940631878994e-02 0.12003637927525129 0.19826518895380127 0.036977391672631865 0.11102599290097637 nan 4939.1   
167 2004 5.212359115620752 14.041733549582698 0.0405355058613742 6.4271475709883591e-02 0.1328816077360975 0.1688761786042543 0.06126179911255861 0.08261594233797517 nan 4972.6   
168 2016 5.279431323364305 15.720364679602541 0.0405355058613742 5.5169504858073662e-02 0.13655034907186345 0.20864500188096316 0.0237460116505602 0.12257125555551893 nan 5004.5   
169 2028 5.702852859410853 16.610683018117427 0.0405355058613742 6.1657628607229217e-02 0.12134465805772594 0.17173867137245963 0.06890809048529756 0.08091066192494667 nan 5036.9   
170 2040 6.3430057381496905 16.98454774091028 0.0405355058613742 7.2020104822408615e-02 0.11930494341457187 0.1990919641694922 0.041548982566204554 0.10929376506135428 nan 5069.7   
171 2052 6.219985872564799 18.0396649420054 0.0405355058613742 9.0059316764129912e-02 0.1081694075944543 0.18047557589086094 0.022322489168658213 0.09359581493106611 nan 5102.9   
172 2064 5.810751409768596 18.405543148820946 0.0405355058613742 4.0812386888535217e-02 0.12112742749735596 0.17340221007924625 0.05736503738582416 0.08581782401149418 nan 5136.0   
173 2076 5.23890606015887 18.698781469969774 0.0405355058613742 7.0465906093682765e-02 0.1353397472957767 0.2190515663249761 0.04508362462370044 0.104431976157882 nan 5168.6   
174 2088 5.062438900925055 18.463897703642353 0.0405355058613742 8.0857292312575935e-02 0.12341522164882612 0.20494579598082427 0.049324097950278645 0.0956413810789824 nan 5201.8   
175 2100 4.892245390365823 19.711640847246784 0.0405355058613742 8.2469251284563228e-02 0.13461138313868518 0.16830431406450072 0.04108893088938567 0.11066426152835276 nan 5233.4   
176 2112 5.423031751867389 19.192571676368583 0.0405355058613742 8.7480069156002205e-02 0.14144445675157552 0.22417617117213856 0.07965906544956267 0.10196137859940321 nan 5267.2   
177 2124 6.496809106298 19.92168668924032 0.0405355058613742 6.6466375545341558e-02 0.11586837260052339 0.2372412396123542 0.06925506088381793 0.07464197141215691 nan 5301.2   
178 2136 6.736044534311336 20.333108054932552 0.0405355058613742 7.9240279068585689e-02 0.11346036970745814 0.21952276536350523 0.024768689635256635 0.09418007037169646 nan 5333.6   
179 2148 6.70512992548039 20.18859305049032 0.0405355058613742 6.4212017312968606e-02 0.13140337646568492 0.21637441794971435 0.043316871060182144 0.09724862011202326 nan 5366.9   
180 2160 6.392193723106102 21.735771748228483 0.0405355058613742 7.2296792356914927e-02 0.12416775985912244 0.18049446683805123 0.05229680568968542 0.09417177475876448 nan 5400.0   
181 2172 5.920251477828398 20.978672436071125 0.0405355058613742 6.0180625692485862e-02 0.14193455337086242 0.1674616216709705 0.03649279277064707 0.10948766983569316 nan 5432.7   
182 2184 5.906752183612139 20.15946193866973 0.0405355058613742 5.8247236800277734e-02 0.1208704341842327 0.17843758756468026 0.06439899561362908 0.10047864318112512 nan 5464.9   
183 2196 5.851738307245267 20.364429048749567 0.0405355058613742 7.9599996188256250e-02 0.14599068656374822 0.17982068958434927 0.05595472658180636 0.10137074482038086 nan 5497.2   
184 2208 5.58816438949491 20.839565168483485 0.0405355058613742 7.1568150391885577e-02 0.10725021498958255 0.1672047999764676 0.030402981782686078 0.09519064757763018 nan 5530.1   
185 2220 5.581669553378068 20.82029006855374 0.0405355058613742 7.7724891622707015e-02 0.10722934557176494 0.1477845209551781 0.02666171817929333 0.09501063067755282 nan 5563.0   
186 2232 5.619308000082971 20.48502230998398 0.0405355058613742 6.6523863573366412e-02 0.12158333937359263 0.1986017402717019 0.06700458274665017 0.0801220125609246 nan 5595.3   
187 2244 5.7731169523918915 20.71285413478138 0.0405355058613742 6.4132273973425663e-02 0.12940604121208094 0.22452726559997477 0.033774321912256045 0.11513534247483131 nan 5628.0   
188 2256 5.36469093239506 20.842525628880352 0.0405355058613742 8.5706853985635004e-02 0.10894700761702628 0.1931980176213479 0.032288286589691156 0.10054289900008367 nan 5660.6   
189 2268 5.608687198120716 20.923925888008466 0.0405355058613742 6.6868742233980177e-02 0.1082770589358757 0.2551130228679807 0.04742996268174607 0.07755187210471905 nan 5691.4   
190 2280 5.302072739096885 21.104614664443925 0.0405355058613742 5.6807596973258469e-02 0.1065559475902385 0.19846223513161712 0.040407086810761966 0.09481287363903093 nan 5726.1   
191 2292 4.745015272430459 20.57007795066566 0.0405355058613742 8.0762872899986182e-02 0.12121889690616336 0.20599796811127782 0.06524504350233451 0.10450412652039964 nan 5759.8   
192 2304 4.756884727862704 20.719584398792296 0.0405355058613742 6.7441597174660264e-02 0.1383216423765451 0.16125547960740724 0.025859437014076128 0.11879666786631073 nan 5792.7   
193 2316 4.570349156409615 21.330566418340187 0.0405355058613742 8.6732846436792549e-02 0.11627536831867659 0.19981722701641935 0.0330620885693185 0.10736021251982092 nan 5825.1   
194 2328 4.489075591127417 22.41664541664016 0.0405355058613742 5.2349860389200448e-02 0.13521849744402747 0.20316029943758296 0.047279230924937576 0.10402199674806206 nan 5857.3   
195 2340 4.508133450640113 20.686875989648613 0.0405355058613742 7.8223054598488884e-02 0.12703441317657002 0.1704258689030452 0.03000712772512322 0.10852815430038161 nan 5889.4   
196 2352 4.46198296784424 19.870443074101505 0.0405355058613742 5.6158595439131022e-02 0.09419495668338174 0.15414795324628838 0.036172390304770694 0.07679358190270986 nan 5922.5   
197 2364 4.854141654880143 19.696108553980938 0.0405355058613742 5.7885206737948537e-02 0.12248911691495931 0.2046006088630834 0.052588566474713855 0.08820309544875019 nan 5955.4   
198 2376 4.758184322059027 18.94526440148914 0.0405355058613742 9.1826879977571135e-02 0.12989499447767786 0.2392154069688873 0.04020357282710893 0.10559678710075365 nan 5987.9   
199 2388 4.766004161625405 19.062282669003388 0.0405355058613742 4.7400817973912504e-02 0.10735324037504022 0.19850861943428505 0.053138066219441865 0.07660043301435346 nan 6020.7   
200 2400 5.050013622726795 17.97636631710926 0.0405355058613742 5.1526781495244298e-02 0.10513202895589062 0.26209282932656924 0.05837641736041932 0.0822800732840388 nan 6053.7   
201 2412 5.1806755769533845 18.348580244718136 0.0405355058613742 7.6482368826416125e-02 0.1143632018373799 0.15707859577075603 0.045737859415992094 0.08677218260047073 nan 6086.4   
202 2424 5.475672633853203 19.255322162653346 0.0405355058613742 8.7579017282495369e-02 0.11475330518950616 0.16598318983430843 0.027890471648427645 0.10144124978098637 nan 6118.7   
203 2436 5.527263757912383 20.253291495781138 0.0405355058613742 4.4601299820003028e-02 0.1020311079419121 0.1837301014238737 0.06871205938093292 0.08408038666707116 nan 6151.9   
204 2448 5.787656635923212 21.017621489708233 0.0405355058613742 7.7918104165453861e-02 0.13894740132418004 0.1792265561635328 0.05405237184032108 0.10539002050659221 nan 6183.7   
205 2460 5.914373539362037 23.237853296050556 0.0405355058613742 7.1647946909871696e-02 0.1244556137596072 0.17737558840545803 0.045084505513471096 0.10322128748156284 nan 6216.3   
206 2472 5.856793812013919 24.252273539492712 0.0405355058613742 8.0145265795380699e-02 0.11213661988713104 0.1647419086662805 0.04032104097438645 0.1026538327254382 nan 6249.2   
207 2484 5.76192492253684 22.676238230240777 0.0405355058613742 7.8520708378421497e-02 0.13066151342117177 0.222434935225165 0.031174415917283066 0.11820096423679624 nan 6280.5   
208 2496 5.428754670687398 23.123602458045024 0.0405355058613742 5.4700788534861870e-02 0.13053572627329946 0.1772870622209041 0.06815975585056827 0.09132129648818385 nan 6313.3   
209 2508 5.144215568642652 23.34795523703115 0.0405355058613742 7.5043466696025976e-02 0.1123283288331648 0.23073649445736258 0.05101674683311869 0.08863952102661135 nan 6345.7   
210 2520 4.935628304933896 22.144737599766213 0.0405355058613742 9.0291388461198357e-02 0.13336860449070623 0.1989992857825719 0.054541757919497474 0.09644692764153281 nan 6378.2   
211 2532 5.0687208304160905 20.774984190709407 0.0405355058613742 6.2706399962054959e-02 0.12392019838603682 0.14238390106402546 0.029580266829817847 0.10462589258115124 nan 6410.4   
212 2544 5.019940568596599 21.34819708356534 0.0405355058613742 8.4484957521912582e-02 0.14572273371920974 0.2070903936221001 0.061854952569712726 0.10254087121683887 nan 6443.1   
213 2556 5.29316178093354 21.789097747198255 0.0405355058613742 7.5834984403169228e-02 0.131896737041482 0.17471403649692033 0.04102513589820153 0.10302653926410746 nan 6476.5   
214 2568 5.355574970133456 21.968142910097164 0.03565331475841003 3.5653314758410028e-02 0.12247976207705939 0.20325172273458728 0.035385531017871785 0.10320515466398628 nan 6510.3   
215 2580 5.1671050931659845 22.39053338343676 0.03565331475841003 8.7231270347411627e-02 0.10576532698367373 0.18559533070572512 0.046720909664056884 0.09082322157853408 nan 6543.2   
216 2592 5.135073074312006 21.95125757102607 0.03565331475841003 7.6420577712996596e-02 0.14110576836437394 0.22445627672594162 0.05399879815389405 0.11773548911553752 nan 6575.8   
217 2604 5.2773406828083 22.454197631661394 0.03565331475841003 7.3247692999989719e-02 0.10352929633591837 0.14302181091297128 0.019021821261054478 0.09549529568069268 nan 6609.1   
218 2616 5.615900405961283 21.958302131499313 0.03565331475841003 8.0440129481984854e-02 0.12140268510111098 0.20321483237866853 0.04308691126567954 0.0860904727399196 nan 6642.6   
219 2628 5.937992135902118 23.468388611561853 0.03565331475841003 5.6952151953479399e-02 0.13087285741670152 0.1753125977083565 0.05379332061199965 0.0941315315315045 nan 6675.2   
220 2640 6.202873082135906 23.09672092361339 0.03565331475841003 8.1443100596297738e-02 0.1331184866735607 0.20120187191167244 0.057450128257464955 0.10557613120997636 nan 6707.3   
221 2652 6.333232964901366 22.92932797041946 0.03565331475841003 7.0297486200417300e-02 0.10482289334860087 0.1702730362032411 0.056604266656403085 0.08501813212586376 nan 6740.7   
222 2664 5.800168835414642 22.134952668025324 0.03565331475841003 6.9645210889423409e-02 0.14794215690104906 0.2088757395378081 0.050846516136400566 0.11088906036120749 nan 6773.6   
223 2676 5.079277634546167 22.18304786532579 0.03565331475841003 9.3146189213390310e-02 0.12710644073076863 0.18360437995938908 0.04035275801924906 0.10922550235348244 nan 6806.2   
224 2688 4.937819216664251 22.07484856033381 0.03565331475841003 9.3467561993520090e-02 0.1306858581427718 0.18341927080416992 0.042853031154477056 0.1016595423886347 nan 6839.3   
225 2700 4.925845749808076 22.919759177693585 0.03565331475841003 7.8855930246681041e-02 0.13235237551154513 0.19349326481361834 0.047449623701733556 0.10203437718780745 nan 6871.7   
226 2712 4.924674712694314 24.226095062399512 0.03565331475841003 8.4905555597996021e-02 0.1302032832424878 0.1710578408795045 0.04809963599562633 0.10200481292854477 nan 6904.3   
227 2724 4.556804444513065 23.825180757171886 0.03565331475841003 4.3740863747017709e-02 0.12096538404271766 0.16953664074079952 0.04768077641891684 0.10161976174213301 nan 6937.3   
228 2736 4.46614003020515 24.289002772205887 0.03565331475841003 9.2859296705081584e-02 0.1371413811888628 0.20049158178387824 0.03786851417675999 0.10850011831924536 nan 6969.7   
229 2748 4.162624291218055 24.733296537941545 0.03565331475841003 7.0473021321638463e-02 0.11936230399291138 0.15703401359290356 0.03575183281289751 0.09670630664750957 nan 7003.1   
230 2760 3.9025526138848656 25.336088873174795 0.03565331475841003 5.5412684067016771e-02 0.14157211724457824 0.2043170814218522 0.05408926003816812 0.10464475016960602 nan 7035.6   
231 2772 3.8265669791373345 25.278201847029727 0.03565331475841003 7.3687651379235219e-02 0.13441500951416172 0.16595782703749715 0.04528415702031889 0.09541512039285273 nan 7068.0   
232 2784 3.8565366769332274 25.67103701141457 0.03565331475841003 8.6041500575586974e-02 0.13548575295314583 0.19770254501888407 0.024429221553459807 0.11628084511733652 nan 7100.8   
233 2796 4.14946300353895 25.936094162818915 0.03565331475841003 9.0070156838151547e-02 0.12639033440462155 0.14932113880296133 0.0304117609065806 0.10866652484155026 nan 7133.4   
234 2808 4.597311802506722 25.98429372866628 0.03565331475841003 7.6642694500471703e-02 0.13720255968826695 0.19184959236810148 0.034106805981465316 0.11895863838175041 nan 7165.6   
235 2820 4.689132638856056 25.516343181966324 0.03565331475841003 8.3509180031661440e-02 0.14354817174388343 0.22501700944493125 0.074769214378102 0.0996360297118977 nan 7198.2   
236 2832 4.873536862941315 25.805467995367206 0.03565331475841003 6.7006591796451700e-02 0.10726427954925179 0.1572089340856564 0.03295829731068457 0.08787743578246543 nan 7231.8   
237 2844 5.447463813034141 24.839150801232677 0.03565331475841003 8.2413584650836369e-02 0.12712568597640458 0.20151782244895375 0.049586338439256944 0.09976506033256607 nan 7264.5   
238 2856 5.9871269980496615 25.6747786436727 0.03565331475841003 7.3385640578230119e-02 0.10416984058570843 0.2005413349614804 0.05939795332414782 0.09068292792340088 nan 7297.2   
239 2868 6.755314994251015 26.1266215489094 0.03565331475841003 8.1250378676750237e-02 0.13960884045994224 0.17538295413213928 0.06304087794111972 0.10121842060692017 nan 7329.9   
240 2880 7.7018173918864825 26.032184919629657 0.03565331475841003 6.6185509734845341e-02 0.14420903193149856 0.18188124907826805 0.04055017291179386 0.11483589251318349 nan 7362.6   
241 2892 7.470661029440161 27.05960527364428 0.03565331475841003 7.8771706956308016e-02 0.11793747789460855 0.15878165788819848 0.030173868297517337 0.09953623274852202 nan 7395.0   
242 2904 7.207675186546052 27.731766389452005 0.03565331475841003 5.9673255254596894e-02 0.11793491413322954 0.19155392443005484 0.02887955830559706 0.10671793600010594 nan 7428.3   
243 2916 6.987474331590913 27.932001286338043 0.03565331475841003 8.7625127642415368e-02 0.12458431788591928 0.21138048487359112 0.037620366979089145 0.11472201092378188 nan 7460.6   
244 2928 6.561392658578088 27.913543139610862 0.03565331475841003 6.0910699444910024e-02 0.13370101923924682 0.21370396745205314 0.08548579845514427 0.10177435384704898 nan 7492.5   
245 2940 6.384665029388811 28.337411743969646 0.03565331475841003 7.0175047986633307e-02 0.11885207939677155 0.15824942414186186 0.02725418290868968 0.09798076726596237 nan 7525.3   
246 2952 6.799572884653214 28.15180057144602 0.03565331475841003 9.7879548040816861e-02 0.12350367784715963 0.19924328854386478 0.06622596665103539 0.10148046736833144 nan 7557.9   
247 2964 7.281018846190841 27.825880138091243 0.03565331475841003 1.0131279898327204e-01 0.1490171660098282 0.20210522989188381 0.06275774135241133 0.126887604233171 nan 7590.2   
248 2976 7.756832813159683 27.73708154659662 0.03565331475841003 7.4442928833745134e-02 0.13952492600354377 0.16053043794644745 0.041967681038815124 0.1065634310516003 nan 7622.9   
249 2988 8.039382828436736 27.516598989018426 0.03565331475841003 7.1760720986625157e-02 0.13845076077378854 0.16474494259067765 0.04085377786444605 0.10492526477805467 nan 7655.4   
250 3000 8.484983160091483 27.149575836111413 0.03565331475841003 9.3617214596868545e-02 0.1405462336310673 0.23955758960979795 0.051759373732411545 0.12300247362973107 nan 7688.2   
251 3012 8.207782426149768 25.78625575494882 0.03565331475841003 6.5105209318306836e-02 0.14689926629291522 0.2712146728162515 0.05551142460751504 0.11069756679814716 nan 7720.9   
252 3024 8.315914808473456 25.730968729681074 0.03565331475841003 6.0439504764321569e-02 0.12301555164086282 0.22918399802100953 0.09705422094720187 0.082550591264591 nan 7754.0   
253 3036 8.472303516793765 26.10961206784984 0.03565331475841003 7.0276622801657140e-02 0.12828361935766108 0.19816897890617421 0.0720886660390346 0.09589984609054988 nan 7786.6   
254 3048 8.42433828666679 27.622973599381123 0.03565331475841003 7.1531216367894848e-02 0.138692157928637 0.17595499857307048 0.04905571281787302 0.1034009795318519 nan 7819.8   
255 3060 8.062037935922783 28.381092836585314 0.03565331475841003 1.0051410116966061e-01 0.12054340006223181 0.3168842829195599 0.036604977949561995 0.10690517634356242 nan 7851.0   
256 3072 7.177940605519423 28.623400465990144 0.03565331475841003 8.0033717507079508e-02 0.1137015624423496 0.2306527298779546 0.051138877985956496 0.09591595722944686 nan 7884.9   
257 3084 6.597654584604503 29.06742643948442 0.03565331475841003 7.1802190077505310e-02 0.12553024752875022 0.19447527040679935 0.05162426373846479 0.09191941390277433 nan 7918.0   
258 3096 6.380459795247047 30.122806336209084 0.03565331475841003 5.7092444541281345e-02 0.1279015394886375 0.23259491304689417 0.047479057827017085 0.10062901136477673 nan 7951.0   
259 3108 6.412023043530711 29.58951490887335 0.03565331475841003 7.2662281098708356e-02 0.12008794036088431 0.1917077843475519 0.03663179733580832 0.09807692378424415 nan 7983.7   
260 3120 7.1950165716987895 27.698843840219716 0.03565331475841003 8.0433801563311050e-02 0.1394279433619134 0.17722846852782284 0.05220449227107632 0.10889145503844339 nan 8016.4   
261 3132 7.089925737200756 26.974096603530267 0.03565331475841003 9.0675388939534959e-02 0.126930485381844 0.19432879968931382 0.03337219260751623 0.11211924360740039 nan 8048.8   
262 3144 6.49555703500819 27.097861943242794 0.03565331475841003 7.5816105848445989e-02 0.11651160781592303 0.23731381530872117 0.058245336259725 0.09818968588358501 nan 8081.7   
263 3156 6.015516115267034 25.46268583392297 0.03565331475841003 8.8526990620259968e-02 0.10531094977951418 0.14308763887645823 0.028441484886488316 0.09372789611660831 nan 8114.2   
264 3168 6.1522773476625 25.58258786846442 0.03565331475841003 7.8484532828001219e-02 0.13376940192315004 0.17081222140195784 0.02686538056646634 0.11140144719135095 nan 8146.7   
265 3180 6.669525499311732 26.557027880515776 0.03565331475841003 6.1446652274604940e-02 0.11531693658265314 0.14899000583964947 0.038459248118906914 0.08985901894310261 nan 8180.0   
266 3192 6.638349710693281 26.306374264655716 0.03565331475841003 8.9808648985502296e-02 0.11810786061171749 0.14308708369841655 0.0441580475835676 0.09794459643603294 nan 8212.5   
267 3204 6.040193440392883 27.16483690001096 0.03565331475841003 5.2326239696654911e-02 0.1312326695634495 0.1944611004629653 0.060954710058340536 0.10049446051804799 nan 8245.6   
268 3216 5.934339878745221 27.237892767364816 0.03565331475841003 7.3776480213669740e-02 0.13280420133062412 0.19015937970041516 0.04231658780708519 0.12228239045811151 nan 8278.4   
269 3228 5.695725255528659 26.453851361105716 0.03565331475841003 1.0644665948889061e-01 0.14502250531276814 0.2196893185233685 0.04374709622970763 0.12354719695827326 nan 8309.4   
270 3240 5.357377489015782 28.784328659252864 0.03565331475841003 6.6029641578954745e-02 0.13451640010729832 0.22478167423153006 0.05339771308187494 0.10764541643333173 nan 8342.8   
271 3252 5.583057471740879 29.206968084166938 0.03565331475841003 6.4599655674369330e-02 0.1319564205445382 0.1996091830314408 0.04756514307888987 0.09527296204339997 nan 8375.3   
272 3264 5.777212837093779 29.812268678819542 0.03565331475841003 7.4158528437065191e-02 0.117316688997723 0.1785924504613828 0.04647856455436729 0.10289462616173727 nan 8407.7   
273 3276 5.582062538858682 31.95881928971859 0.03565331475841003 8.0190949699123534e-02 0.1252470218535542 0.20088141583670427 0.05013238539684858 0.10330527051405505 nan 8440.8   
274 3288 5.539880132603271 30.691063546201708 0.03565331475841003 6.4755230710386802e-02 0.13880243547112645 0.1729727299214322 0.04150801653050942 0.10423527267400598 nan 8473.7   
275 3300 6.209399695496623 31.019614735879088 0.03565331475841003 7.2769375937907110e-02 0.12472056751330558 0.1865593783001592 0.07451230169335792 0.0872003727705341 nan 8505.2   
276 3312 6.713918101758576 31.772625928199048 0.03565331475841003 7.9226187943136780e-02 0.1237561476187152 0.19585164007345424 0.03443279272804382 0.10800124148491062 nan 8539.0   
277 3324 6.680335881515961 31.314382592825936 0.03565331475841003 8.2647562516645526e-02 0.15300980086828234 0.19804771285953804 0.03143987427140843 0.12802255158802497 nan 8571.6   
278 3336 6.343578975486712 31.185333372665077 0.03565331475841003 7.0556771779114846e-02 0.1129361127944113 0.20618254560704885 0.05829482490277618 0.09874856284429018 nan 8604.1   
279 3348 6.2506004452322745 32.356014878861274 0.03565331475841003 8.9470566886872036e-02 0.11893702278505348 0.16061802163234132 0.026506129044666496 0.10144843197344182 nan 8636.9   
280 3360 6.209500269926092 30.261010388884138 0.03565331475841003 6.1368935222720092e-02 0.14151553399630584 0.1802991499068235 0.06299921358783149 0.10006687530360013 nan 8669.6   
281 3372 6.1723023862910855 30.10055897493662 0.03565331475841003 4.0537059830637337e-02 0.10823600919476288 0.23397587126578392 0.08242898477151236 0.09201170600581648 nan 8702.0   
282 3384 5.814246531481057 30.312801873279618 0.03565331475841003 6.4860454249669755e-02 0.1293271701693015 0.21696760417058555 0.04124931156366857 0.10899035169816218 nan 8735.2   
283 3396 5.476490888991443 31.646639530632672 0.03565331475841003 8.6876539317961618e-02 0.13181839936899564 0.16842117486764854 0.021603735566347912 0.11365551762527416 nan 8767.8   
284 3408 5.536485917042591 32.024463594930445 0.03565331475841003 7.9443867610854521e-02 0.13462618928225176 0.17353256080670923 0.05844637584382292 0.09757988913254753 nan 8800.6   
285 3420 5.372260416178376 32.23582282603507 0.03565331475841003 9.9920063010922752e-02 0.1333633121636717 0.16394864941928783 0.04157078819077198 0.10587197729024445 nan 8833.3   
286 3432 5.446531466401916 32.69138206441428 0.03565331475841003 6.3829777961114012e-02 0.12280445176843058 0.19109966239250395 0.07704293356067426 0.09319914041526034 nan 8865.6   
287 3444 6.051262250569674 34.45642102429827 0.03565331475841003 6.3295140342141232e-02 0.12386327397073787 0.17334504906545084 0.057271101811120384 0.08525117931383511 nan 8897.6   
288 3456 5.731829811357084 33.67849924789188 0.03565331475841003 8.5066551797335160e-02 0.12796162893818225 0.190052910360217 0.0573570895439386 0.10197880912954664 nan 8929.8   
289 3468 5.735919815921845 33.045084277985794 0.03565331475841003 1.0176846482567306e-01 0.14236085408384466 0.21127280700817574 0.07163680448946944 0.10682367964288222 nan 8963.0   
290 3480 5.29834729382928 34.61148332571634 0.03565331475841003 7.7470584895568351e-02 0.12524359788103653 0.19985081448703715 0.03197147094036573 0.109043089050888 nan 8995.5   
291 3492 4.948103472589578 34.376092523146276 0.03565331475841003 8.4370672152554227e-02 0.11418004619765217 0.1749764368455872 0.05593378703167051 0.09698513954273202 nan 9028.2   
292 3504 4.7918519286292085 33.41111457099428 0.03565331475841003 7.0421226267680895e-02 0.12025472055191418 0.17839652388008861 0.02678384986382984 0.10681364454676606 nan 9060.2   
293 3516 4.847737025769142 36.89770468609545 0.03565331475841003 8.3207227718636853e-02 0.12603322753274535 0.17836005872436453 0.049766937592256255 0.09864586582370133 nan 9091.6   
294 3528 4.6873321133055725 37.356605263053616 0.03565331475841003 5.8284884338885200e-02 0.11565522738398192 0.1620927910250918 0.05259442105667397 0.08490789387153888 nan 9125.1   
295 3540 4.600372763514772 39.493738517420766 0.03565331475841003 5.7274351824136586e-02 0.11268196345067741 0.17272459535884865 0.05209697781460457 0.09483032682092343 nan 9158.0   
296 3552 4.242144041394484 40.5175014905636 0.03565331475841003 5.7102087544926718e-02 0.10691230506436347 0.1804482951925982 0.0296396878325004 0.093105329956268 nan 9190.4   
297 3564 4.50998658063503 41.076062108102086 0.03565331475841003 7.6355098311954722e-02 0.14693365568008201 0.19827848263904957 0.04829086886953288 0.11733232718421649 nan 9222.8   
298 3576 4.375646589385191 41.693669550436965 0.03565331475841003 8.2395208024666045e-02 0.1264157316996389 0.1707954694376677 0.04484799296037584 0.10462937744757825 nan 9255.7   
299 3588 4.258774600432769 43.0186363196008 0.03565331475841003 1.0090739581529609e-01 0.13573700990471038 0.18294109453763344 0.04240823696697507 0.11376892638036926 nan 9288.1   
300 3600 4.07715724388294 40.524736477571395 0.03565331475841003 8.2231827488777332e-02 0.12488637645162004 0.17647675952384087 0.042808095233826504 0.10654143122828091 nan 9318.7   
301 3612 3.71515271158674 40.67376050205798 0.03565331475841003 1.0070425763004708e-01 0.13579628359789397 0.1566354532815022 0.027467507124838336 0.12022984608298828 nan 9352.9   
302 3624 3.6131123125337594 40.383147612498185 0.03565331475841003 8.8182320359239216e-02 0.13987769207317963 0.21641907974104502 0.034496434619122274 0.11589750866413301 nan 9385.7   
303 3636 3.496621612659634 41.01256697742794 0.03565331475841003 7.5657349954403291e-02 0.16181637999336113 0.25568314903875694 0.07584599449281061 0.09860124522022733 nan 9417.9   
304 3648 3.2511564747490147 39.991996164903426 0.03565331475841003 5.9244827005059397e-02 0.09824984388246881 0.1613005125461167 0.03656152387706796 0.08844954910065117 nan 9451.3   
305 3660 3.1939952414624235 41.05627091849521 0.03565331475841003 7.2331564377778615e-02 0.11521954874158323 0.17888235058902932 0.029071808285462533 0.102650631160549 nan 9483.7   
306 3672 3.4245467076786498 40.593478987286716 0.03565331475841003 6.7300140808049053e-02 0.1368509937457282 0.1513617348492281 0.059185668669444164 0.08700160733719112 nan 9516.6   
307 3684 3.751958560289778 41.87069780155083 0.03565331475841003 6.8977637774380984e-02 0.09971296147022457 0.14861283239638418 0.027758137848914732 0.08294618582533536 nan 9550.2   
308 3696 3.9818835854012207 42.31312106339267 0.03565331475841003 8.1693611951875592e-02 0.1317139340428477 0.23271884633954143 0.04746108678932014 0.10154789121833067 nan 9582.4   
309 3708 3.8619540184879027 42.65048100887199 0.03565331475841003 5.6014169913930885e-02 0.1407383352625267 0.18956077819554087 0.07086067000252139 0.1073766175121732 nan 9615.1   
310 3720 3.8345553422044376 43.6910708210795 0.03565331475841003 6.8197908958370149e-02 0.1426574987060997 0.25830872762752344 0.058730649147360675 0.10879605747969004 nan 9648.4   
311 3732 3.806616757790723 43.56490946199451 0.03565331475841003 7.1048097879387845e-02 0.13204638163354482 0.20273279206938852 0.06051500504838603 0.10546429869293988 nan 9680.9   
312 3744 3.5966585423581674 46.332909912029535 0.03565331475841003 8.2503189217448897e-02 0.1282104151562197 0.18284111803508812 0.051364235737846375 0.09908207023124488 nan 9712.6   
313 3756 3.3506419612782716 45.88127083550249 0.03565331475841003 5.1210780732842326e-02 0.10960969682412536 0.1693855184350553 0.021224772346988385 0.09866030677623931 nan 9745.8   
314 3768 2.9608306648739484 44.97881029322947 0.03565331475841003 8.5967785296239163e-02 0.11237457967455046 0.1363914604381674 0.016048755233424472 0.09942213703890948 nan 9778.4   
315 3780 3.0160864959929956 43.46624590231847 0.03565331475841003 5.5366422438944962e-02 0.13496345934223153 0.18110380018037428 0.047052675144895334 0.10892258817804892 nan 9811.4   
316 3792 3.1292426962677857 42.9406489171542 0.03565331475841003 6.3688550958053772e-02 0.136676563288318 0.2006468844181547 0.0675881841831229 0.08680594513601098 nan 9843.5   
317 3804 2.995229639649694 43.374231970702695 0.03565331475841003 7.1293143108454929e-02 0.10965851755992677 0.20908636500402486 0.051448759206235484 0.074203610466192 nan 9876.1   
318 3816 2.973692250843343 46.018581184491204 0.03565331475841003 7.2271187122272845e-02 0.1122532529458767 0.20245278004382294 0.05337451581006525 0.0973979057903594 nan 9908.5   
319 3828 2.855726924816217 47.06256151584381 0.03565331475841003 5.7281932909455706e-02 0.10815344704373941 0.18606293654708123 0.07840560437358324 0.08873454815815388 nan 9941.1   
320 3840 2.7468772912596013 47.02248482845461 0.03565331475841003 7.2284401498328946e-02 0.12131240300834524 0.1555702090372535 0.06492731271249205 0.08193278755478559 nan 9974.3   
321 3852 2.668151225488323 45.11102468494214 0.03565331475841003 7.8098449851773902e-02 0.13196216486737491 0.170945316939674 0.07310379227014414 0.0823027205365167 nan 10007.1   
322 3864 2.344254155638116 46.354672752966636 0.03565331475841003 6.1933666228745042e-02 0.10451106906849211 0.12662815513934111 0.02081940234721695 0.09289151841338514 nan 10039.5   
323 3876 2.382795671068436 46.50513175250131 0.03565331475841003 6.6276717799315696e-02 0.10043272950325399 0.15105505166453445 0.0465039871884976 0.08732626284671138 nan 10071.6   
324 3888 2.618358539585719 47.58830669964365 0.03565331475841003 5.9754709475963196e-02 0.13192117700554024 0.2069409223590323 0.038784840307210244 0.12034288915091801 nan 10104.2   
325 3900 2.80555512503658 49.10050889189866 0.03565331475841003 8.2918543183640642e-02 0.1043125366838799 0.19758185913676524 0.05331372162434325 0.09451218238146356 nan 10136.2   
326 3912 2.6156409571819403 48.507125654094764 0.03565331475841003 7.7648853112037536e-02 0.12640103624552707 0.16043255135739937 0.022911137030344003 0.11828342240491771 nan 10168.3   
327 3924 2.38145288163321 49.60615495382798 0.03565331475841003 7.7887502390407204e-02 0.1397611801457479 0.17084760217980544 0.032360293684264935 0.11968734514511029 nan 10201.8   
328 3936 2.5272163053244867 51.17427436163738 0.03565331475841003 6.6899700202892487e-02 0.10911978766148989 0.20623765314816386 0.030062509170343477 0.10404629838355467 nan 10235.2   
329 3948 2.632749838955864 51.538281937273574 0.03565331475841003 6.8230919433690640e-02 0.12075888867813442 0.1725169992249165 0.04940140807258239 0.10087946960859753 nan 10267.6   
330 3960 2.53441008160789 50.50731337796386 0.03565331475841003 6.2195282561968178e-02 0.12556606987120822 0.20402139650300397 0.05679601697794068 0.10116099793839059 nan 10300.0   
331 3972 2.609495399903343 50.324010658106694 0.03565331475841003 6.6466754420720892e-02 0.09791793701114719 0.15161982599070956 0.04287831887651608 0.08605577397065103 nan 10332.5   
332 3984 2.633138119983197 51.96280810135864 0.03565331475841003 6.7690745159779797e-02 0.11818177167185477 0.14079901504284356 0.04653960153154263 0.08961575342519634 nan 10365.1   
333 3996 2.571505031847682 53.74892807540994 0.03565331475841003 7.3261693347884613e-02 0.12742605176186644 0.16881644168855106 0.03732335892547431 0.11180549578861784 nan 10397.2   
334 4008 2.7145207179978197 52.407275594578124 0.03565331475841003 8.3220636657919164e-02 0.13021645070185675 0.16784369725800888 0.04077515929028694 0.0935579546604687 nan 10429.6   
335 4020 2.656059732094675 54.01490403069719 0.03565331475841003 8.4708595363073874e-02 0.13374653635722203 0.1493951839474613 0.04467146922860167 0.09658330737631797 nan 10462.7   
336 4032 2.796876942445285 55.31757797149485 0.03565331475841003 6.3975557038308109e-02 0.12890515598286645 0.17055022768565659 0.03932372616708471 0.10881611544197847 nan 10495.5   
337 4044 2.8711060557592485 60.581255046197626 0.03565331475841003 5.2270130425537881e-02 0.1321389910948226 0.23804812652512483 0.05290989437943987 0.1009555518903303 nan 10528.4   
338 4056 2.880119597986711 62.9105106538652 0.03565331475841003 6.5070860394911709e-02 0.12636196448884052 0.1841965910471174 0.04855362519736636 0.1067847992787295 nan 10561.4   
339 4068 3.003388058677925 58.33082385587101 0.03565331475841003 8.2688013550787767e-02 0.10508820621289523 0.20005804105474326 0.026853102295257225 0.09211804328579806 nan 10594.3   
340 4080 2.650852400704093 59.81659569794366 0.03565331475841003 6.5104101938018730e-02 0.1274979236938721 0.16075113438375405 0.016283697609105557 0.11670495269131267 nan 10627.0   
341 4092 2.6770438833221206 60.604404963069804 0.03565331475841003 9.3448286904777328e-02 0.11860110700328298 0.23399399434283943 0.05254134097986227 0.09955255496949977 nan 10658.9   
342 4104 2.694129189775688 60.19621764704935 0.03565331475841003 8.7599132002852187e-02 0.11103406810397545 0.2043308749884966 0.023232193307322097 0.09655665981998976 nan 10692.3   
343 4116 2.8137031205206524 62.15649109142579 0.03565331475841003 6.0180680816296676e-02 0.10405666594288827 0.19139248987733276 0.048416799488267076 0.0937714780545301 nan 10725.9   
344 4128 2.7036196901188077 60.80117776133976 0.03565331475841003 6.8677768269237494e-02 0.11382647687011542 0.24077286245393695 0.08062520835814137 0.08808474040564067 nan 10759.2   
345 4140 2.8368752479411663 60.25017878929625 0.03565331475841003 8.6351848517492960e-02 0.10555823292902328 0.1624283764720138 0.02088445278253767 0.09819999467242738 nan 10792.2   
346 4152 2.9203780333587894 60.00411686156763 0.03565331475841003 6.8824171126514774e-02 0.12274861289611258 0.19319420791216632 0.051166736281236594 0.0898852741339881 nan 10825.1   
347 4164 2.8736750881168653 60.4349004311006 0.03565331475841003 7.9966852519814044e-02 0.13398523623563516 0.17638493961009685 0.05433029790428051 0.10640631902160769 nan 10858.0   
348 4176 2.6339609404406104 62.261339167908595 0.03565331475841003 7.0640302151397119e-02 0.10665008359562655 0.177664932110556 0.04014775639497539 0.08775079608535188 nan 10890.4   
349 4188 2.553099751454761 64.07941849086843 0.03565331475841003 6.4323934475064543e-02 0.09918455751670159 0.16623911066456662 0.04291391393049554 0.07839457480909527 nan 10922.7   
350 4200 2.5477818152648397 65.3006628542248 0.03565331475841003 7.6636683620411816e-02 0.1075155693308985 0.13188616628948635 0.026166022928763105 0.09019417562225251 nan 10954.8   
351 4212 2.8437835499303827 65.808670203806 0.03565331475841003 9.5580227478528554e-02 0.12475883799219467 0.16629089895013915 0.05397500404232847 0.1021964448668419 nan 10987.4   
352 4224 2.8753185497093354 63.22269889630822 0.03565331475841003 8.8440700732846544e-02 0.12120684242357524 0.16405703297089738 0.029800366327930566 0.10812636827393496 nan 11019.8   
353 4236 2.836492161767881 63.321550899840425 0.03565331475841003 5.3088064254668652e-02 0.11101822451460007 0.1672197838326659 0.04250789582785741 0.09587615098139768 nan 11052.8   
354 4248 2.8702744565989655 63.80289886810516 0.03565331475841003 8.1753803170367539e-02 0.12995188310864436 0.17548354602834906 0.024850475790369114 0.11328182136010351 nan 11085.6   
355 4260 2.609960954632425 63.54031942650134 0.03565331475841003 8.6674838514205307e-02 0.09474555436263123 0.14373313208764046 0.02537701029219215 0.08995465471875334 nan 11118.5   
356 4272 2.42414003820451 64.9117848963422 0.03565331475841003 7.1341958155540564e-02 0.12408548759330461 0.15375264584224999 0.02806531121976079 0.10859535304664082 nan 11151.5   
357 4284 2.482362418409128 62.804260251637274 0.03565331475841003 6.8340416096106735e-02 0.10146697412030077 0.18866190959580456 0.041185802782288033 0.09011170695525372 nan 11184.2   
358 4296 2.4538219130159664 61.16270894911418 0.03565331475841003 6.2479128302173760e-02 0.11966720473096584 0.1492266814213958 0.0336129864189941 0.10415256879749155 nan 11216.4   
359 4308 2.4566991316619076 59.32330366173997 0.03565331475841003 6.8452502458261288e-02 0.12304080858229609 0.20678864640575836 0.06794659687544431 0.08743193556285943 nan 11249.0   
360 4320 2.601217713964521 61.211779647600466 0.03565331475841003 6.2243656810056405e-02 0.11846851498947802 0.1921085822030427 0.08740837149026986 0.07501338563767465 nan 11282.3   
361 4332 2.7465062901197728 59.59223019603589 0.03565331475841003 9.9589905973021212e-02 0.13880791825364788 0.1606657854355941 0.019089926138216334 0.12799348986012943 nan 11315.8   
362 4344 3.044523329503215 60.31313384437166 0.03565331475841003 7.4784729144780820e-02 0.12587852122719115 0.16955805991032225 0.05176720189801118 0.09391146848846016 nan 11349.2   
363 4356 2.885180814330364 56.979684226851596 0.03565331475841003 1.0439069677988119e-01 0.1226926774253742 0.1738181763458648 0.04570303862828978 0.11424745607813136 nan 11381.7   
364 4368 2.7340373484888105 55.81798759417235 0.03565331475841003 9.6595572637983795e-02 0.10926435184868068 0.15140142573697465 0.03198156810868667 0.10146879190441789 nan 11413.4   
365 4380 2.8411437298395663 56.094131232427735 0.03565331475841003 4.8009982929241322e-02 0.10719506361995039 0.1749189386177593 0.05899187731979871 0.08275731566431971 nan 11446.0   
366 4392 3.0065141327360076 58.97598945019106 0.03565331475841003 7.0099513387850906e-02 0.11238216309470417 0.1554810883453779 0.03899262849107815 0.08845380110016124 nan 11478.5   
367 4404 2.655857710217379 55.23766333498161 0.03565331475841003 4.1181526599346568e-02 0.10631451072399745 0.16471955274899489 0.0656493659585275 0.0720297507499304 nan 11510.6   
368 4416 2.669613133640296 53.33511031415622 0.03565331475841003 7.1361119877767845e-02 0.11381745212086901 0.2129724013128278 0.05558675683540626 0.08935287494127508 nan 11543.5   
369 4428 2.735698595570361 55.0697002080789 0.03565331475841003 7.9361905913229225e-02 0.11713821705935926 0.17138168080602847 0.05437446246595812 0.09482430669984915 nan 11574.8   
370 4440 3.06082974428985 53.699927737822634 0.03565331475841003 5.2355771791476331e-02 0.13377138366313995 0.17839051046425453 0.06889538769440429 0.0900653874462932 nan 11608.5   
371 4452 3.1429556363803917 54.9663153216712 0.03565331475841003 7.1756620138167970e-02 0.11255266612127515 0.153347070106232 0.03018438324654643 0.09385138641975693 nan 11640.9   
372 4464 3.2316364548392578 57.131726572063045 0.03565331475841003 6.6773798325145697e-02 0.115816026841635 0.14761993816278104 0.015979212725480196 0.11086517222357906 nan 11672.9   
373 4476 3.1065638296329987 56.38252309557677 0.03565331475841003 8.9798314446570715e-02 0.11668024324673139 0.18669766048656183 0.03842704878430622 0.09332884418181767 nan 11706.4   
374 4488 2.8907275968328556 55.938542155812506 0.03565331475841003 8.7556433843761383e-02 0.12754505998908697 0.26245762940090095 0.033236517162982385 0.10277644764875381 nan 11739.4   
375 4500 2.6506944398482206 53.343602160755886 0.03565331475841003 6.4732319181963982e-02 0.11441145677179652 0.1736741485830666 0.05330052735380711 0.0910059401520221 nan 11772.0   
376 4512 2.457065823216566 52.92408946141673 0.03565331475841003 6.6804427161817850e-02 0.0994272128697532 0.1378993804769914 0.039604825557409504 0.08064493133182858 nan 11805.1   
377 4524 2.444058845490913 52.78330540953464 0.03565331475841003 6.6507106893222756e-02 0.10887525604558894 0.18611945337489344 0.030347373466329847 0.09407600778584163 nan 11838.5   
378 4536 2.399878940921318 51.945730199994564 0.03565331475841003 8.1329346171455666e-02 0.12090712887609026 0.1564280933270515 0.030792832801116637 0.10411298335755337 nan 11871.0   
379 4548 2.478637883340555 48.042361965621076 0.03565331475841003 6.2650230421595635e-02 0.11780090744348877 0.17895713314730335 0.051247908647162305 0.08921395958670666 nan 11904.1   
380 4560 2.4715000186065166 49.635250710566574 0.03565331475841003 7.8711412060980007e-02 0.1289745311013495 0.19403108399461916 0.021059456435482737 0.11815584635702264 nan 11936.4   
381 4572 2.259168164986768 47.955932628914475 0.03565331475841003 5.7585227464132471e-02 0.12592657453526188 0.22116298004561483 0.042509079077596684 0.0974471240283479 nan 11968.6   
382 4584 2.243052493543428 48.438225526601734 0.03565331475841003 6.5822977179076106e-02 0.11495225728613423 0.16036590438377085 0.041198116731081036 0.08725220779777501 nan 12001.8   
383 4596 2.0606776861179434 49.25766176982382 0.03565331475841003 8.3650682750189775e-02 0.11592623878667249 0.1364515451134457 0.024639534902918703 0.09877692038780558 nan 12035.6   
384 4608 1.7367150877551656 50.586870240702765 0.03565331475841003 7.1004570802268255e-02 0.123256624341379 0.16473069528501616 0.025745804268906186 0.10201027161388784 nan 12068.1   
385 4620 1.6420779847332776 52.751398259480546 0.03565331475841003 7.2434754211913033e-02 0.11706220470472789 0.15647819685221973 0.033801507822034046 0.09875913193592757 nan 12100.9   
386 4632 1.6388872171285027 55.129336265964476 0.03565331475841003 6.8515513804634331e-02 0.1061051972110594 0.18385142504828808 0.05170976502622793 0.09499287440117393 nan 12133.1   
387 4644 1.5502823286402003 55.063321488041616 0.03565331475841003 9.8580611344021518e-02 0.132696065125059 0.17100950694194625 0.04129011163738169 0.11102285183074051 nan 12165.9   
388 4656 1.4704560819165489 56.50549379406498 0.03565331475841003 6.7670653469139724e-02 0.12197724601272579 0.1777067749447485 0.032255227941757586 0.1021110257450584 nan 12198.2   
389 4668 1.4080207047356006 57.391573057917995 0.03565331475841003 8.4117254278510772e-02 0.11708904356371637 0.16936456411351686 0.030625610751872867 0.09888881281594625 nan 12231.6   
390 4680 1.402900075013249 60.99844256295014 0.03565331475841003 7.3723746282910688e-02 0.11088815199146987 0.17352239436840616 0.05926414742561449 0.09663399629021842 nan 12264.7   
391 4692 1.3758446061425997 60.966019619210726 0.03565331475841003 7.3222731995161230e-02 0.11133826356437533 0.2185563041662028 0.05069711284843664 0.08150718868106568 nan 12297.7   
392 4704 1.446957692330938 61.83371964077736 0.03565331475841003 5.7209553701499848e-02 0.09931240420418062 0.21884012186198704 0.03206664846119929 0.07833694915022933 nan 12328.4   
393 4716 1.5505754720462106 63.00634766361337 0.03565331475841003 5.8221622138043397e-02 0.13486398305854896 0.19758782045911685 0.031049047159886906 0.10657633165652411 nan 12362.8   
394 4728 1.4913515632833747 67.07957701320846 0.03565331475841003 9.2571199386419639e-02 0.1140899961196524 0.1581110362024295 0.021057955286804708 0.09892544355305688 nan 12395.2   
395 4740 1.3808507568161612 68.61310713104395 0.03565331475841003 7.1976286283745611e-02 0.12810560356521533 0.20095286416176086 0.045689175505182256 0.0922859263878072 nan 12428.8   
396 4752 1.3698289624637612 68.07287036197954 0.03565331475841003 5.6277764826143675e-02 0.11756364700077722 0.17239311241262245 0.03631432029438589 0.09541178640306294 nan 12461.3   
397 4764 1.4577829030975176 73.90167448860005 0.03565331475841003 7.9544391279541979e-02 0.10995680522141545 0.15302068361731722 0.0141156076089647 0.1020272910559844 nan 12494.3   
398 4776 1.461828546102009 70.63211678918579 0.03565331475841003 8.4196066967665961e-02 0.14169525599747806 0.1807322987830769 0.043358016500707836 0.11162301222718621 nan 12525.7   
399 4788 1.4238537007900098 77.75837304963972 0.03565331475841003 6.2757604445184620e-02 0.10874913478380134 0.20759043911364303 0.04561246273739916 0.0913132026183926 nan 12558.4   
400 4800 1.378078832342778 81.03264438624265 0.03565331475841003 8.8327231381984228e-02 0.1274181236632655 0.2081124514354389 0.021241315992133955 0.11390846651667609 nan 12591.2   
401 4812 1.390986470610352 84.48325316048317 0.03565331475841003 6.9180342304792905e-02 0.12347380296226393 0.19938776932323515 0.07503925846571492 0.09333170540837417 nan 12623.5   
402 4824 1.3997278954947963 87.0871710698292 0.03565331475841003 6.2622240548322383e-02 0.13339380399122622 0.17313334644462045 0.019880093183937964 0.11861797281039 nan 12656.2   
403 4836 1.2505900265160597 85.55009574029188 0.03565331475841003 8.7214183474802323e-02 0.13210408215286978 0.16156836801102492 0.03474991157107159 0.10754148678914575 nan 12689.5   
404 4848 1.1603282731319158 83.18522953091126 0.03565331475841003 7.8641963594893116e-02 0.11048488518510861 0.18816312635149854 0.027585591351964048 0.09470005629588961 nan 12720.9   
405 4860 1.2624641886293722 81.76237615974614 0.03565331475841003 8.5908233712154725e-02 0.11309803814884466 0.24858569072813308 0.031230543699004853 0.10130264205281883 nan 12753.4   
406 4872 1.2271759818725034 85.00811690278746 0.03565331475841003 6.0541594094522970e-02 0.10887656319834225 0.13216618863853552 0.02913648257987754 0.09242681155611866 nan 12786.2   
407 4884 1.2576069217163417 84.85333619857958 0.03565331475841003 5.2222869989770951e-02 0.12664964695366812 0.17588808936014932 0.03597427469507812 0.1066086677965606 nan 12818.6   
408 4896 1.2512168505189991 86.55320058795205 0.03565331475841003 7.0124391640413966e-02 0.12211771718356423 0.17345480479231715 0.021912692867695996 0.11441940452773756 nan 12851.9   
409 4908 1.132855380324599 93.77838797067369 0.03565331475841003 1.0048100462540936e-01 0.12080340444916848 0.16336944172780835 0.03491720274693619 0.10694061193509327 nan 12884.9   
410 4920 1.0143841802830473 93.3820107059795 0.03565331475841003 4.6732962636773775e-02 0.11611218233156094 0.1684290408031254 0.0633776071354866 0.07784454314302844 nan 12915.5   
411 4932 0.9966902929045791 90.80246665634463 0.03565331475841003 9.1166626419750943e-02 0.1269619500722955 0.1520632575146546 0.03275916255886621 0.10398867960279809 nan 12950.6   
412 4944 0.9724917423170663 95.29801603179162 0.03565331475841003 6.5584485607871126e-02 0.12727031783042897 0.18551693795154015 0.05127634860213118 0.09920827603499335 nan 12983.3   
413 4956 0.8891021130845904 99.32030816836962 0.03565331475841003 5.3590771341101837e-02 0.11042327702890616 0.17627120868990753 0.031911668526040896 0.08972123208086841 nan 13016.9   
414 4968 0.8298209525322955 100.92693308538578 0.03565331475841003 7.6801002384400574e-02 0.09704156326676171 0.1549727620733454 0.04603358989467811 0.08229613587964081 nan 13050.1   
415 4980 0.7312493214681985 101.08588901518075 0.03565331475841003 6.9289445175574671e-02 0.13972838275455965 0.18777569367136787 0.07091620944630424 0.08648503819053023 nan 13083.2   
416 4992 0.7586229603415494 101.1754033818033 0.03565331475841003 5.7650757702890479e-02 0.11214269905097864 0.15065832549456593 0.030261055233177153 0.09447844695948426 nan 13116.1   
417 5004 0.7572107656765361 107.92149946257992 0.03565331475841003 5.7492511546775107e-02 0.11918936057398923 0.2351339639617002 0.06137043064092776 0.08790004146934222 nan 13149.0   
418 5016 0.6890964746299838 113.39787654290433 0.03565331475841003 7.0238274733720948e-02 0.12110888269058769 0.16831193837751882 0.0346204552785184 0.09042737830762151 nan 13181.5   
419 5028 0.6726847437763812 111.30964485045719 0.03565331475841003 7.3953218862127801e-02 0.10812448247710806 0.17361209651181417 0.0389380067931534 0.09348983935384589 nan 13213.7   
420 5040 0.7425156489169374 111.19053026246279 0.03565331475841003 6.0595424490417181e-02 0.09946138727078556 0.20789710746097928 0.06430304194693638 0.07424572422394192 nan 13245.0   
421 5052 0.8880402467018235 116.85710521992783 0.03565331475841003 7.7745900041316623e-02 0.120837240098309 0.15777139575065469 0.028293919877183493 0.10558467825339538 nan 13278.5   
422 5064 0.9407719134908074 114.80640871457737 0.03565331475841003 7.0838900263351712e-02 0.13373516924977552 0.16774538834162875 0.0341718907710504 0.10527879192056222 nan 13312.5   
423 5076 0.8799314975887966 118.96612823236404 0.03565331475841003 7.9890145519756192e-02 0.09441961888666288 0.20492912708052646 0.054493484987594695 0.08278758762186043 nan 13344.7   
424 5088 0.8347570715936997 114.58503639239642 0.03565331475841003 7.4777308032776907e-02 0.10900029274229472 0.17664759311631806 0.05324208765426172 0.08637918215270232 nan 13377.2   
425 5100 0.8121077444146574 118.66093417642708 0.03565331475841003 7.7702279856836573e-02 0.10981013628653723 0.14517908036176033 0.015223757765734897 0.10035462836479017 nan 13410.2   
426 5112 0.8071322551748822 117.25529434247187 0.03565331475841003 4.4258242955245185e-02 0.09371814013305228 0.14188670292661643 0.0245644081385904 0.07416980855090544 nan 13442.0   
427 5124 0.8087205644895881 117.88746114388096 0.03565331475841003 6.0247541161568698e-02 0.10938148183972182 0.17022109749789002 0.03598385367056052 0.08155438934163614 nan 13475.1   
428 5136 0.7664475128414624 125.31354065368197 0.03565331475841003 7.0570836765047620e-02 0.12809147475609078 0.14523489996664724 0.03729821795678734 0.09282506641237867 nan 13508.4   
429 5148 0.7999059727552329 125.53726970181793 0.03565331475841003 1.0004800700175875e-01 0.11529773726943109 0.17037253222066653 0.0516587263078947 0.10410677973340482 nan 13540.9   
430 5160 0.727355187476126 123.63299021197575 0.03565331475841003 6.2943646646335658e-02 0.11250767112177956 0.16118224679611348 0.037619078351380564 0.10092874039527597 nan 13573.1   
431 5172 0.6714900613231947 131.63661584380992 0.03565331475841003 6.3407586051303672e-02 0.11569515511081106 0.17507157657490527 0.06358580113903024 0.08118426278267755 nan 13606.2   
432 5184 0.6414765758168264 135.5980079612174 0.03565331475841003 6.5875333537794734e-02 0.11040547205214286 0.17891530348399104 0.031199077373146394 0.09417923929376429 nan 13639.1   
433 5196 0.6340868132179742 135.67465810183072 0.03565331475841003 7.3201355853400443e-02 0.12948662156344556 0.1446979325226284 0.04852294076134572 0.0849199025237602 nan 13671.3   
434 5208 0.6107135845324755 140.90459750011937 0.03565331475841003 7.5759933698490323e-02 0.13921865230389238 0.16837491024682422 0.04697614255757694 0.09720590481571097 nan 13704.1   
435 5220 0.5765376178520214 144.36498397794082 0.03565331475841003 6.6840894704583514e-02 0.10943710226005074 0.1779399616115379 0.0375357760042688 0.08858411278141123 nan 13736.6   
436 5232 0.559722745528068 145.94257077780068 0.03565331475841003 8.7954814961062361e-02 0.14164202258682615 0.18826944498680032 0.025015026295861414 0.12266488631627734 nan 13769.3   
437 5244 0.5597222091246893 147.9352911032478 0.03565331475841003 5.1066454408895033e-02 0.10697029815927656 0.17270562760671362 0.047031706967043424 0.09767280371498235 nan 47052.1   
438 5256 0.49805437677030384 144.39175167745816 0.03565331475841003 8.1303393753676928e-02 0.11057607234753669 0.15078861333896204 0.03383568149761186 0.09547187987421878 nan 47087.2   
439 5268 0.46021112502541883 150.61615001444738 0.03565331475841003 7.8278148533942965e-02 0.12755132916634904 0.16376164512328484 0.04270251231876512 0.10280028969836122 nan 47119.5   
440 5280 0.4586179535606879 154.58192098625636 0.03565331475841003 6.3480601555307298e-02 0.09998640669920536 0.14062548245407913 0.032364385081243965 0.07685429348847753 nan 47147.5   
441 5292 0.4447469591138183 158.58269772812346 0.03565331475841003 9.3042625853799937e-02 0.13114910563386634 0.166324454994314 0.04577214237730137 0.11223696989830462 nan 47175.6   
442 5304 0.498862301549116 159.91627995515316 0.03565331475841003 8.4507169697719431e-02 0.11354060926169735 0.15722022212210446 0.04394725018824651 0.09312371369887938 nan 47203.6   
443 5316 0.5198162625936967 140.52156638486323 0.03565331475841003 7.6044002723116122e-02 0.10486569729663175 0.15304415346694125 0.05600462654368979 0.09041102879214322 nan 47231.6   
444 5328 0.533067483495631 135.15642548805135 0.03565331475841003 7.5441343966755087e-02 0.1423000428167916 0.19298198424643082 0.05746803768751346 0.10512487041963195 nan 47259.6   
445 5340 0.4797805711103469 137.77401866746465 0.03565331475841003 8.3339333437669055e-02 0.1451352637388645 0.17195085198338336 0.038304753604719605 0.12403926521883948 nan 47287.4   
446 5352 0.44895658016815354 138.04553230676746 0.03565331475841003 5.8757108809845422e-02 0.12407652678755421 0.1991235536281864 0.04616143249563538 0.08598568169879504 nan 47315.3   
447 5364 0.41810687696939614 136.7861747425451 0.03565331475841003 6.6549133935611890e-02 0.10453339060857365 0.21900485677854936 0.03483483090079392 0.09232293785090259 nan 47343.1   
448 5376 0.434491664500192 135.08243887039583 0.03565331475841003 7.1693064466551229e-02 0.10515961151352195 0.164729132027708 0.049511074535974794 0.08256555787204518 nan 47371.4   
449 5388 0.3848826934639148 130.90633448614142 0.03565331475841003 5.3940519271693951e-02 0.11314379371739622 0.13764901519398184 0.04005170189957799 0.08748907624812033 nan 47401.0   
450 5400 0.34165202280762713 137.24865461147698 0.03565331475841003 6.4747216913580583e-02 0.10917586722880311 0.18441985096449667 0.04228298404972994 0.0900277517537211 nan 47429.8   
451 5412 0.3054184263465829 138.52040493472686 0.03565331475841003 9.4884414348051768e-02 0.13515907079627554 0.18416407470139562 0.026088544768623434 0.12349827358132678 nan 47458.0   
452 5424 0.27944232408924974 137.05562502644784 0.03565331475841003 9.7466052407870957e-02 0.12916861818084016 0.21104782708977407 0.048052812454354485 0.11710830967279968 nan 47486.2   
453 5436 0.25917989768252453 137.34530009351408 0.03565331475841003 6.7957228603212155e-02 0.11599204824168412 0.16561303446629116 0.03592617153328667 0.09521783877510798 nan 47514.1   
454 5448 0.2550879516174192 142.73050664339198 0.03565331475841003 7.0863079633000051e-02 0.1161213757367006 0.1619965775189071 0.03617253962417026 0.08974161852679131 nan 47542.5   
455 5460 0.26676585397385816 145.4976067120166 0.03565331475841003 6.3599279031947689e-02 0.12403336944208736 0.20370804685085564 0.044301658859813825 0.0982075202957517 nan 47570.4   
456 5472 0.25450651113622913 154.54067627303954 0.03565331475841003 7.5111210069973830e-02 0.09490203870142364 0.16970361716854113 0.057456059036474716 0.08633466952327185 nan 47598.4   
457 5484 0.2507201761593271 153.4600778453934 0.03565331475841003 9.5810890860902678e-02 0.1119133185838793 0.20504183025521847 0.01990553341377725 0.10515313203242112 nan 47626.3   
458 5496 0.2607025113822242 149.32187050929844 0.03565331475841003 8.0374083096555374e-02 0.10378326961432176 0.16359673580182502 0.03544414824631875 0.08698562296358395 nan 47654.2   
459 5508 0.24147112896924364 151.2775994264558 0.03565331475841003 4.9487822147545511e-02 0.13330278979675497 0.20046620768733484 0.07495725411200058 0.08849565642069046 nan 47682.4   
