% # columns="iteration, evaluation, sigma, beta, void,  sigvec==sigma_vec.scaling factors from diagonal decoding", seed=296721, Sat Apr  4 02:41:21 2026, <python>{}</python>
1 12 19.806170996024836 1 0 0.5 0.5 0.25 0.03 0.03 0.005 0.02 0.015 0.02
2 24 18.26458892343582 1 0 0.5 0.5 0.25 0.03 0.03 0.005 0.02 0.015 0.02
3 36 17.927919069356147 1 0 0.5 0.5 0.25 0.03 0.03 0.005 0.02 0.015 0.02
4 48 17.996381819510347 1 0 0.5 0.5 0.25 0.03 0.03 0.005 0.02 0.015 0.02
5 60 19.58159182539221 1 0 0.5 0.5 0.25 0.03 0.03 0.005 0.02 0.015 0.02
6 72 23.508760561608813 1 0 0.5 0.5 0.25 0.03 0.03 0.004453471835713556 0.02 0.015 0.02
7 84 25.418638462007454 1 0 0.5 0.5 0.25 0.03 0.03 0.003958354463980956 0.02 0.015 0.02
8 96 27.212237299454035 1 0 0.5 0.5 0.25 0.03 0.03 0.003772219034946835 0.02 0.015 0.02
9 108 26.426722868641633 1 0 0.5 0.5 0.25 0.03 0.03 0.003754453929278696 0.02 0.015 0.02
10 120 25.29069929110173 1 0 0.5 0.5 0.25 0.03 0.03 0.003754453929278696 0.02 0.015 0.02
11 132 23.87278003188461 1 0 0.5 0.5 0.25 0.03 0.03 0.003754453929278696 0.02 0.015 0.02
12 144 24.227565429088475 1 0 0.5 0.5 0.25 0.03 0.03 0.003754453929278696 0.02 0.015 0.02
13 156 24.33464747077289 1 0 0.5 0.5 0.25 0.03 0.03 0.003754453929278696 0.02 0.015 0.02
14 168 26.086995804569842 1 0 0.5 0.5 0.25 0.03 0.03 0.0037114377624312507 0.02 0.015 0.02
15 180 25.779236141829944 1 0 0.5 0.5 0.25 0.03 0.03 0.0037114377624312507 0.02 0.015 0.02
16 192 24.298923761046677 1 0 0.5 0.5 0.25 0.03 0.03 0.0037114377624312507 0.02 0.015 0.02
17 204 25.042330708906626 1 0 0.5 0.5 0.25 0.03 0.03 0.0037114377624312507 0.02 0.015 0.02
18 216 24.372045267863612 1 0 0.5 0.5 0.25 0.03 0.03 0.0037114377624312507 0.02 0.015 0.02
19 228 26.94743517558541 1 0 0.5 0.5 0.25 0.03 0.03 0.0035781943872869168 0.02 0.015 0.02
20 240 30.428676009420712 1 0 0.5 0.5 0.25 0.03 0.03 0.0030582014077783328 0.02 0.015 0.02
21 252 29.905901321051225 1 0 0.5 0.5 0.25 0.03 0.03 0.0030582014077783328 0.02 0.015 0.02
22 264 31.692119709302037 1 0 0.5 0.5 0.25 0.03 0.03 0.002914391796914871 0.02 0.015 0.02
23 276 28.6009151963986 1 0 0.5 0.5 0.25 0.03 0.03 0.002914391796914871 0.02 0.015 0.02
24 288 30.143449859809504 1 0 0.5 0.5 0.25 0.03 0.03 0.002914391796914871 0.02 0.015 0.02
25 300 33.856664569693166 1 0 0.5 0.5 0.25 0.03 0.03 0.0026387239527866915 0.01941450810732047 0.015 0.019894948308892237
26 312 31.638802794162544 1 0 0.5 0.5 0.25 0.03 0.03 0.0026387239527866915 0.01941450810732047 0.015 0.019894948308892237
27 324 31.03976093885465 1 0 0.5 0.5 0.25 0.03 0.03 0.0026387239527866915 0.01941450810732047 0.015 0.019894948308892237
28 336 28.15934576083876 1 0 0.5 0.5 0.25 0.03 0.03 0.0026387239527866915 0.01941450810732047 0.015 0.019894948308892237
29 348 27.73324752321752 1 0 0.5 0.5 0.25 0.03 0.03 0.0026387239527866915 0.01941450810732047 0.015 0.019894948308892237
30 360 27.142664214729642 1 0 0.5 0.5 0.25 0.03 0.03 0.0026387239527866915 0.01941450810732047 0.015 0.019894948308892237
31 372 27.6384645923022 1 0 0.5 0.5 0.25 0.03 0.03 0.0026387239527866915 0.01941450810732047 0.015 0.019894948308892237
32 384 27.653728323023735 1 0 0.5 0.5 0.25 0.03 0.03 0.0026387239527866915 0.01941450810732047 0.015 0.019894948308892237
33 396 29.026629748082478 1 0 0.5 0.5 0.25 0.03 0.03 0.0026387239527866915 0.01941450810732047 0.015 0.019894948308892237
34 408 28.22738899674323 1 0 0.5 0.5 0.25 0.03 0.03 0.0026387239527866915 0.01941450810732047 0.015 0.019894948308892237
35 420 29.11073569858473 1 0 0.5 0.5 0.25 0.03 0.03 0.0026387239527866915 0.01941450810732047 0.015 0.019894948308892237
36 432 31.730210818723172 1 0 0.5 0.5 0.25 0.03 0.03 0.0026387239527866915 0.01941450810732047 0.015 0.019894948308892237
37 444 31.607262899662246 1 0 0.5 0.5 0.25 0.03 0.03 0.0026387239527866915 0.01941450810732047 0.015 0.019894948308892237
38 456 30.46605766940856 1 0 0.5 0.5 0.25 0.03 0.03 0.0026387239527866915 0.01941450810732047 0.015 0.019894948308892237
39 468 27.632753729904774 1 0 0.5 0.5 0.25 0.03 0.03 0.0026387239527866915 0.01941450810732047 0.015 0.019894948308892237
40 480 26.356306386919073 1 0 0.5 0.5 0.25 0.03 0.03 0.0026387239527866915 0.01941450810732047 0.015 0.019894948308892237
41 492 26.67544652738531 1 0 0.5 0.5 0.25 0.03 0.03 0.0026387239527866915 0.01941450810732047 0.015 0.019894948308892237
42 504 25.995447421603853 1 0 0.5 0.5 0.25 0.03 0.03 0.0026387239527866915 0.01941450810732047 0.015 0.019894948308892237
43 516 23.26011253856581 1 0 0.5 0.5 0.25 0.03 0.03 0.0026387239527866915 0.01941450810732047 0.015 0.019894948308892237
44 528 24.46952383332509 1 0 0.5 0.5 0.25 0.03 0.03 0.0026387239527866915 0.01941450810732047 0.015 0.019894948308892237
45 540 23.20788843884795 1 0 0.5 0.5 0.25 0.03 0.03 0.0026387239527866915 0.01941450810732047 0.015 0.019894948308892237
46 552 20.8245844413876 1 0 0.5 0.5 0.25 0.03 0.03 0.0026387239527866915 0.01941450810732047 0.015 0.019894948308892237
47 564 22.94588355622324 1 0 0.5 0.5 0.25 0.03 0.03 0.0026387239527866915 0.01941450810732047 0.015 0.019894948308892237
48 576 24.154239268373857 1 0 0.5 0.5 0.25 0.03 0.03 0.0026387239527866915 0.01941450810732047 0.015 0.019894948308892237
49 588 23.198823011283285 1 0 0.5 0.5 0.25 0.03 0.03 0.0026387239527866915 0.01941450810732047 0.015 0.019894948308892237
50 600 23.750855500753843 1 0 0.5 0.5 0.25 0.03 0.03 0.0026387239527866915 0.01941450810732047 0.015 0.019894948308892237
51 612 21.77905731745713 1 0 0.5 0.5 0.25 0.03 0.03 0.0026387239527866915 0.01941450810732047 0.015 0.019894948308892237
52 624 19.28676895889131 1 0 0.5 0.5 0.25 0.03 0.03 0.0026387239527866915 0.01941450810732047 0.015 0.019894948308892237
53 636 18.978778061897 1 0 0.5 0.5 0.25 0.03 0.03 0.0026387239527866915 0.01941450810732047 0.015 0.019894948308892237
54 648 19.279976215219378 1 0 0.5 0.5 0.25 0.03 0.03 0.0026387239527866915 0.01941450810732047 0.015 0.019894948308892237
55 660 19.069831522866572 1 0 0.5 0.5 0.25 0.03 0.03 0.0026387239527866915 0.01941450810732047 0.015 0.019894948308892237
56 672 17.902634915299725 1 0 0.5 0.5 0.25 0.03 0.03 0.0026387239527866915 0.01941450810732047 0.015 0.019894948308892237
57 684 18.02521585920004 1 0 0.5 0.5 0.25 0.03 0.03 0.0026387239527866915 0.01941450810732047 0.015 0.019894948308892237
58 696 17.65698305983957 1 0 0.5 0.5 0.25 0.03 0.03 0.0026387239527866915 0.01941450810732047 0.015 0.019894948308892237
59 708 18.025455881739248 1 0 0.5 0.5 0.25 0.03 0.03 0.0026387239527866915 0.01941450810732047 0.015 0.019894948308892237
60 720 17.69281182858144 1 0 0.5 0.5 0.25 0.03 0.03 0.0026387239527866915 0.01941450810732047 0.015 0.019894948308892237
61 732 19.05947130630256 1 0 0.5 0.5 0.25 0.03 0.03 0.0026387239527866915 0.01941450810732047 0.015 0.019894948308892237
62 744 22.756985790108097 1 0 0.5 0.5 0.25 0.03 0.03 0.0026387239527866915 0.01941450810732047 0.015 0.019894948308892237
63 756 23.677356643666876 1 0 0.5 0.5 0.25 0.03 0.03 0.0026387239527866915 0.01941450810732047 0.015 0.019894948308892237
64 768 23.028019237639654 1 0 0.5 0.5 0.25 0.03 0.03 0.0026387239527866915 0.01941450810732047 0.015 0.019894948308892237
65 780 21.984848406544927 1 0 0.5 0.5 0.25 0.03 0.03 0.0026387239527866915 0.01941450810732047 0.015 0.019894948308892237
66 792 19.869977649895507 1 0 0.5 0.5 0.25 0.03 0.03 0.0026387239527866915 0.01941450810732047 0.015 0.019894948308892237
67 804 19.396609001341897 1 0 0.5 0.5 0.25 0.03 0.03 0.0026387239527866915 0.01941450810732047 0.015 0.019894948308892237
68 816 19.862254970557956 1 0 0.5 0.5 0.25 0.03 0.03 0.0026387239527866915 0.01941450810732047 0.015 0.019894948308892237
69 828 19.86112626031875 1 0 0.5 0.5 0.25 0.03 0.03 0.0026387239527866915 0.01941450810732047 0.015 0.019894948308892237
70 840 18.799099630184262 1 0 0.5 0.5 0.25 0.03 0.03 0.0026387239527866915 0.01941450810732047 0.015 0.019894948308892237
71 852 17.235549235600775 1 0 0.5 0.5 0.25 0.03 0.03 0.0026387239527866915 0.01941450810732047 0.015 0.019894948308892237
72 864 17.636834575669393 1 0 0.5 0.5 0.25 0.03 0.03 0.0026387239527866915 0.01941450810732047 0.015 0.019894948308892237
73 876 16.1574013903311 1 0 0.5 0.5 0.25 0.03 0.03 0.0026387239527866915 0.01941450810732047 0.015 0.019894948308892237
74 888 15.652251403669831 1 0 0.5 0.5 0.25 0.03 0.03 0.0026387239527866915 0.01941450810732047 0.015 0.019894948308892237
75 900 15.174582936283308 1 0 0.5 0.5 0.25 0.03 0.03 0.0026387239527866915 0.01941450810732047 0.015 0.019894948308892237
76 912 14.939558747702531 1 0 0.5 0.5 0.25 0.03 0.03 0.0026387239527866915 0.01941450810732047 0.015 0.019894948308892237
77 924 14.592219993742292 1 0 0.5 0.5 0.25 0.03 0.03 0.0026387239527866915 0.01941450810732047 0.015 0.019894948308892237
78 936 13.936781636072578 1 0 0.5 0.5 0.25 0.03 0.03 0.0026387239527866915 0.01941450810732047 0.015 0.019894948308892237
79 948 12.853465329862429 1 0 0.5 0.5 0.25 0.03 0.03 0.0026387239527866915 0.01941450810732047 0.015 0.019894948308892237
80 960 11.220123138993541 1 0 0.5 0.5 0.25 0.03 0.03 0.0026387239527866915 0.01941450810732047 0.015 0.019894948308892237
81 972 11.204094567252383 1 0 0.5 0.5 0.25 0.03 0.03 0.0026387239527866915 0.01941450810732047 0.015 0.019894948308892237
82 984 12.307278372087788 1 0 0.5 0.5 0.25 0.03 0.03 0.0026387239527866915 0.01941450810732047 0.015 0.019894948308892237
83 996 12.474539209772447 1 0 0.5 0.5 0.25 0.03 0.03 0.0026387239527866915 0.01941450810732047 0.015 0.019894948308892237
84 1008 13.38756933053735 1 0 0.5 0.5 0.25 0.03 0.03 0.0026387239527866915 0.01941450810732047 0.015 0.019894948308892237
85 1020 15.04223979085657 1 0 0.5 0.5 0.25 0.03 0.03 0.0026387239527866915 0.01941450810732047 0.015 0.019894948308892237
86 1032 16.24012763127716 1 0 0.5 0.5 0.25 0.03 0.03 0.0026387239527866915 0.01941450810732047 0.015 0.019894948308892237
87 1044 16.237769461076198 1 0 0.5 0.5 0.25 0.03 0.03 0.0026387239527866915 0.01941450810732047 0.015 0.019894948308892237
88 1056 15.927188853121944 1 0 0.5 0.5 0.25 0.03 0.03 0.0026387239527866915 0.01941450810732047 0.015 0.019894948308892237
89 1068 16.84526170424402 1 0 0.5 0.5 0.25 0.03 0.03 0.0026387239527866915 0.01941450810732047 0.015 0.019894948308892237
90 1080 17.24715132015823 1 0 0.5 0.5 0.25 0.03 0.03 0.0026387239527866915 0.01941450810732047 0.015 0.019894948308892237
91 1092 19.389795440908628 1 0 0.5 0.5 0.25 0.03 0.03 0.0026387239527866915 0.01941450810732047 0.015 0.019894948308892237
92 1104 18.79889715152696 1 0 0.5 0.5 0.25 0.03 0.03 0.0026387239527866915 0.01941450810732047 0.015 0.019894948308892237
93 1116 18.76820213489939 1 0 0.5 0.5 0.25 0.03 0.03 0.0026387239527866915 0.01941450810732047 0.015 0.019894948308892237
94 1128 19.135836887723556 1 0 0.5 0.5 0.25 0.03 0.03 0.0026387239527866915 0.01941450810732047 0.015 0.019894948308892237
95 1140 19.591334700024177 1 0 0.5 0.5 0.25 0.03 0.03 0.0026387239527866915 0.01941450810732047 0.015 0.019894948308892237
96 1152 18.011200242496447 1 0 0.5 0.5 0.25 0.03 0.03 0.0026387239527866915 0.01941450810732047 0.015 0.019894948308892237
97 1164 17.31070016793696 1 0 0.5 0.5 0.25 0.03 0.03 0.0026387239527866915 0.01941450810732047 0.015 0.019894948308892237
98 1176 17.01579773471184 1 0 0.5 0.5 0.25 0.03 0.03 0.0026387239527866915 0.01941450810732047 0.015 0.019894948308892237
99 1188 17.176420488328823 1 0 0.5 0.5 0.25 0.03 0.03 0.0026387239527866915 0.01941450810732047 0.015 0.019894948308892237
100 1200 16.706806732916515 1 0 0.5 0.5 0.25 0.03 0.03 0.0026387239527866915 0.01941450810732047 0.015 0.019894948308892237
101 1212 15.982073622604295 1 0 0.5 0.5 0.25 0.03 0.03 0.0026387239527866915 0.01941450810732047 0.015 0.019894948308892237
102 1224 15.111675485635196 1 0 0.5 0.5 0.25 0.03 0.03 0.0026387239527866915 0.01941450810732047 0.015 0.019894948308892237
103 1236 15.803799152721412 1 0 0.5 0.5 0.25 0.03 0.03 0.0026387239527866915 0.01941450810732047 0.015 0.019894948308892237
104 1248 15.058734466310348 1 0 0.5 0.5 0.25 0.03 0.03 0.0026387239527866915 0.01941450810732047 0.015 0.019894948308892237
105 1260 15.102569867481307 1 0 0.5 0.5 0.25 0.03 0.03 0.0026387239527866915 0.01941450810732047 0.015 0.019894948308892237
106 1272 13.915670403589093 1 0 0.5 0.5 0.25 0.03 0.03 0.0026387239527866915 0.01941450810732047 0.015 0.019894948308892237
107 1284 13.873078976951366 1 0 0.5 0.5 0.25 0.03 0.03 0.0026387239527866915 0.01941450810732047 0.015 0.019894948308892237
108 1296 14.126325124977308 1 0 0.5 0.5 0.25 0.03 0.03 0.0026387239527866915 0.01941450810732047 0.015 0.019894948308892237
109 1308 13.161484611506612 1 0 0.5 0.5 0.25 0.03 0.03 0.0026387239527866915 0.01941450810732047 0.015 0.019894948308892237
110 1320 14.461274647764544 1 0 0.5 0.5 0.25 0.03 0.03 0.0026387239527866915 0.01941450810732047 0.015 0.019894948308892237
111 1332 14.49992417963792 1 0 0.5 0.5 0.25 0.03 0.03 0.0026387239527866915 0.01941450810732047 0.015 0.019894948308892237
112 1344 15.582425691164223 1 0 0.5 0.5 0.25 0.03 0.03 0.0026387239527866915 0.01941450810732047 0.015 0.019894948308892237
113 1356 15.2575227913802 1 0 0.5 0.5 0.25 0.03 0.03 0.0026387239527866915 0.01941450810732047 0.015 0.019894948308892237
114 1368 14.213025892004474 1 0 0.5 0.5 0.25 0.03 0.03 0.0026387239527866915 0.01941450810732047 0.015 0.019894948308892237
115 1380 14.481163571317776 1 0 0.5 0.5 0.25 0.03 0.03 0.0026387239527866915 0.01941450810732047 0.015 0.019894948308892237
116 1392 13.541610392978738 1 0 0.5 0.5 0.25 0.03 0.03 0.0026387239527866915 0.01941450810732047 0.015 0.019894948308892237
117 1404 13.113028938134304 1 0 0.5 0.5 0.25 0.03 0.03 0.0026387239527866915 0.01941450810732047 0.015 0.019894948308892237
118 1416 12.345944670272507 1 0 0.5 0.5 0.25 0.03 0.03 0.0026387239527866915 0.01941450810732047 0.015 0.019894948308892237
119 1428 11.125645932494939 1 0 0.5 0.5 0.25 0.03 0.03 0.0026387239527866915 0.01941450810732047 0.015 0.019894948308892237
120 1440 10.008267840379593 1 0 0.5 0.5 0.25 0.03 0.03 0.0026387239527866915 0.01941450810732047 0.015 0.019894948308892237
121 1452 8.924089490136941 1 0 0.5 0.5 0.25 0.03 0.03 0.0026387239527866915 0.01941450810732047 0.015 0.019894948308892237
122 1464 8.919794365504766 1 0 0.5 0.5 0.25 0.03 0.03 0.0026387239527866915 0.01941450810732047 0.015 0.019894948308892237
123 1476 8.291579642434021 1 0 0.5 0.5 0.25 0.03 0.03 0.0026387239527866915 0.01941450810732047 0.015 0.019894948308892237
124 1488 8.729077821871744 1 0 0.5 0.5 0.25 0.03 0.03 0.0026387239527866915 0.01941450810732047 0.015 0.019894948308892237
125 1500 8.2348529119136 1 0 0.5 0.5 0.25 0.03 0.03 0.0026387239527866915 0.01941450810732047 0.015 0.019894948308892237
126 1512 7.488753914274282 1 0 0.5 0.5 0.25 0.03 0.03 0.0026387239527866915 0.01941450810732047 0.015 0.019894948308892237
127 1524 7.399519189047132 1 0 0.5 0.5 0.25 0.03 0.03 0.0026387239527866915 0.01941450810732047 0.015 0.019894948308892237
128 1536 7.142140491879348 1 0 0.5 0.5 0.25 0.03 0.03 0.0026387239527866915 0.01941450810732047 0.015 0.019894948308892237
129 1548 7.516960833840813 1 0 0.5 0.5 0.25 0.03 0.03 0.0026387239527866915 0.01941450810732047 0.015 0.019894948308892237
130 1560 8.269265559558239 1 0 0.5 0.5 0.25 0.03 0.03 0.0026387239527866915 0.01941450810732047 0.015 0.019894948308892237
131 1572 9.450285936812103 1 0 0.5 0.5 0.25 0.03 0.03 0.0026387239527866915 0.01941450810732047 0.015 0.019894948308892237
132 1584 10.065304533545973 1 0 0.5 0.5 0.25 0.03 0.03 0.0026387239527866915 0.01941450810732047 0.015 0.019894948308892237
133 1596 10.751902628831093 1 0 0.5 0.5 0.25 0.03 0.03 0.0026387239527866915 0.01941450810732047 0.015 0.019894948308892237
134 1608 11.142054734113987 1 0 0.5 0.5 0.25 0.03 0.03 0.0026387239527866915 0.01941450810732047 0.015 0.019894948308892237
135 1620 10.952462817020479 1 0 0.5 0.5 0.25 0.03 0.03 0.0026387239527866915 0.01941450810732047 0.015 0.019894948308892237
136 1632 10.553119826068109 1 0 0.5 0.5 0.25 0.03 0.03 0.0026387239527866915 0.01941450810732047 0.015 0.019894948308892237
137 1644 9.815971765251824 1 0 0.5 0.5 0.25 0.03 0.03 0.0026387239527866915 0.01941450810732047 0.015 0.019894948308892237
138 1656 8.888600696656829 1 0 0.5 0.5 0.25 0.03 0.03 0.0026387239527866915 0.01941450810732047 0.015 0.019894948308892237
139 1668 9.022243676296654 1 0 0.5 0.5 0.25 0.03 0.03 0.0026387239527866915 0.01941450810732047 0.015 0.019894948308892237
140 1680 8.256495621409696 1 0 0.5 0.5 0.25 0.03 0.03 0.0026387239527866915 0.01941450810732047 0.015 0.019894948308892237
141 1692 8.11357032488453 1 0 0.5 0.5 0.25 0.03 0.03 0.0026387239527866915 0.01941450810732047 0.015 0.019894948308892237
142 1704 8.952541983641519 1 0 0.5 0.5 0.25 0.03 0.03 0.0026387239527866915 0.01941450810732047 0.015 0.019894948308892237
143 1716 9.44028743777563 1 0 0.5 0.5 0.25 0.03 0.03 0.0026387239527866915 0.01941450810732047 0.015 0.019894948308892237
144 1728 9.808583910207615 1 0 0.5 0.5 0.25 0.03 0.03 0.0026387239527866915 0.01941450810732047 0.015 0.019894948308892237
145 1740 9.597930112707123 1 0 0.5 0.5 0.25 0.03 0.03 0.0026387239527866915 0.01941450810732047 0.015 0.019894948308892237
146 1752 9.3797278664271 1 0 0.5 0.5 0.25 0.03 0.03 0.0026387239527866915 0.01941450810732047 0.015 0.019894948308892237
147 1764 9.289848934111976 1 0 0.5 0.5 0.25 0.03 0.03 0.0026387239527866915 0.01941450810732047 0.015 0.019894948308892237
148 1776 8.545468388237033 1 0 0.5 0.5 0.25 0.03 0.03 0.0026387239527866915 0.01941450810732047 0.015 0.019894948308892237
149 1788 7.6052265883656585 1 0 0.5 0.5 0.25 0.03 0.03 0.0026387239527866915 0.01941450810732047 0.015 0.019894948308892237
150 1800 7.673231967808446 1 0 0.5 0.5 0.25 0.03 0.03 0.0026387239527866915 0.01941450810732047 0.015 0.019894948308892237
151 1812 8.1149343220867 1 0 0.5 0.5 0.25 0.03 0.03 0.0026387239527866915 0.01941450810732047 0.015 0.019894948308892237
152 1824 7.983475888679344 1 0 0.5 0.5 0.25 0.03 0.03 0.0026387239527866915 0.01941450810732047 0.015 0.019894948308892237
153 1836 7.605753149518554 1 0 0.5 0.5 0.25 0.03 0.03 0.0026387239527866915 0.01941450810732047 0.015 0.019894948308892237
154 1848 7.534992985561377 1 0 0.5 0.5 0.25 0.03 0.03 0.0026387239527866915 0.01941450810732047 0.015 0.019894948308892237
155 1860 7.819961792988409 1 0 0.5 0.5 0.25 0.03 0.03 0.0026387239527866915 0.01941450810732047 0.015 0.019894948308892237
156 1872 7.329874620113206 1 0 0.5 0.5 0.25 0.03 0.03 0.0026387239527866915 0.01941450810732047 0.015 0.019894948308892237
157 1884 6.7655689973059445 1 0 0.5 0.5 0.25 0.03 0.03 0.0026387239527866915 0.01941450810732047 0.015 0.019894948308892237
158 1896 5.980545580747365 1 0 0.5 0.5 0.25 0.03 0.03 0.0026387239527866915 0.01941450810732047 0.015 0.019894948308892237
159 1908 5.736270925977939 1 0 0.5 0.5 0.25 0.03 0.03 0.0026387239527866915 0.01941450810732047 0.015 0.019894948308892237
160 1920 6.007720406627404 1 0 0.5 0.5 0.25 0.03 0.03 0.0026387239527866915 0.01941450810732047 0.015 0.019894948308892237
161 1932 5.88075976029234 1 0 0.5 0.5 0.25 0.03 0.03 0.0026387239527866915 0.01941450810732047 0.015 0.019894948308892237
162 1944 5.213382129029237 1 0 0.5 0.5 0.25 0.03 0.03 0.0026387239527866915 0.01941450810732047 0.015 0.019894948308892237
163 1956 5.076318899691188 1 0 0.5 0.5 0.25 0.03 0.03 0.0026387239527866915 0.01941450810732047 0.015 0.019894948308892237
164 1968 4.8431953326043224 1 0 0.5 0.5 0.25 0.03 0.03 0.0026387239527866915 0.01941450810732047 0.015 0.019894948308892237
165 1980 4.571797350664728 1 0 0.5 0.5 0.25 0.03 0.03 0.0026387239527866915 0.01941450810732047 0.015 0.019894948308892237
166 1992 4.6931001473015295 1 0 0.5 0.5 0.25 0.03 0.03 0.0026387239527866915 0.01941450810732047 0.015 0.019894948308892237
167 2004 5.212359115620752 1 0 0.5 0.5 0.25 0.03 0.03 0.0026387239527866915 0.01941450810732047 0.015 0.019894948308892237
168 2016 5.279431323364305 1 0 0.5 0.5 0.25 0.03 0.03 0.0026387239527866915 0.01941450810732047 0.015 0.019894948308892237
169 2028 5.702852859410853 1 0 0.5 0.5 0.25 0.03 0.03 0.0026387239527866915 0.01941450810732047 0.015 0.019894948308892237
170 2040 6.3430057381496905 1 0 0.5 0.5 0.25 0.03 0.03 0.0026387239527866915 0.01941450810732047 0.015 0.019894948308892237
171 2052 6.219985872564799 1 0 0.5 0.5 0.25 0.03 0.03 0.0026387239527866915 0.01941450810732047 0.015 0.019894948308892237
172 2064 5.810751409768596 1 0 0.5 0.5 0.25 0.03 0.03 0.0026387239527866915 0.01941450810732047 0.015 0.019894948308892237
173 2076 5.23890606015887 1 0 0.5 0.5 0.25 0.03 0.03 0.0026387239527866915 0.01941450810732047 0.015 0.019894948308892237
174 2088 5.062438900925055 1 0 0.5 0.5 0.25 0.03 0.03 0.0026387239527866915 0.01941450810732047 0.015 0.019894948308892237
175 2100 4.892245390365823 1 0 0.5 0.5 0.25 0.03 0.03 0.0026387239527866915 0.01941450810732047 0.015 0.019894948308892237
176 2112 5.423031751867389 1 0 0.5 0.5 0.25 0.03 0.03 0.0026387239527866915 0.01941450810732047 0.015 0.019894948308892237
177 2124 6.496809106298 1 0 0.5 0.5 0.25 0.03 0.03 0.0026387239527866915 0.01941450810732047 0.015 0.019894948308892237
178 2136 6.736044534311336 1 0 0.5 0.5 0.25 0.03 0.03 0.0026387239527866915 0.01941450810732047 0.015 0.019894948308892237
179 2148 6.70512992548039 1 0 0.5 0.5 0.25 0.03 0.03 0.0026387239527866915 0.01941450810732047 0.015 0.019894948308892237
180 2160 6.392193723106102 1 0 0.5 0.5 0.25 0.03 0.03 0.0026387239527866915 0.01941450810732047 0.015 0.019894948308892237
181 2172 5.920251477828398 1 0 0.5 0.5 0.25 0.03 0.03 0.0026387239527866915 0.01941450810732047 0.015 0.019894948308892237
182 2184 5.906752183612139 1 0 0.5 0.5 0.25 0.03 0.03 0.0026387239527866915 0.01941450810732047 0.015 0.019894948308892237
183 2196 5.851738307245267 1 0 0.5 0.5 0.25 0.03 0.03 0.0026387239527866915 0.01941450810732047 0.015 0.019894948308892237
184 2208 5.58816438949491 1 0 0.5 0.5 0.25 0.03 0.03 0.0026387239527866915 0.01941450810732047 0.015 0.019894948308892237
185 2220 5.581669553378068 1 0 0.5 0.5 0.25 0.03 0.03 0.0026387239527866915 0.01941450810732047 0.015 0.019894948308892237
186 2232 5.619308000082971 1 0 0.5 0.5 0.25 0.03 0.03 0.0026387239527866915 0.01941450810732047 0.015 0.019894948308892237
187 2244 5.7731169523918915 1 0 0.5 0.5 0.25 0.03 0.03 0.0026387239527866915 0.01941450810732047 0.015 0.019894948308892237
188 2256 5.36469093239506 1 0 0.5 0.5 0.25 0.03 0.03 0.0026387239527866915 0.01941450810732047 0.015 0.019894948308892237
189 2268 5.608687198120716 1 0 0.5 0.5 0.25 0.03 0.03 0.0026387239527866915 0.01941450810732047 0.015 0.019894948308892237
190 2280 5.302072739096885 1 0 0.5 0.5 0.25 0.03 0.03 0.0026387239527866915 0.01941450810732047 0.015 0.019894948308892237
191 2292 4.745015272430459 1 0 0.5 0.5 0.25 0.03 0.03 0.0026387239527866915 0.01941450810732047 0.015 0.019894948308892237
192 2304 4.756884727862704 1 0 0.5 0.5 0.25 0.03 0.03 0.0026387239527866915 0.01941450810732047 0.015 0.019894948308892237
193 2316 4.570349156409615 1 0 0.5 0.5 0.25 0.03 0.03 0.0026387239527866915 0.01941450810732047 0.015 0.019894948308892237
194 2328 4.489075591127417 1 0 0.5 0.5 0.25 0.03 0.03 0.0026387239527866915 0.01941450810732047 0.015 0.019894948308892237
195 2340 4.508133450640113 1 0 0.5 0.5 0.25 0.03 0.03 0.0026387239527866915 0.01941450810732047 0.015 0.019894948308892237
196 2352 4.46198296784424 1 0 0.5 0.5 0.25 0.03 0.03 0.0026387239527866915 0.01941450810732047 0.015 0.019894948308892237
197 2364 4.854141654880143 1 0 0.5 0.5 0.25 0.03 0.03 0.0026387239527866915 0.01941450810732047 0.015 0.019894948308892237
198 2376 4.758184322059027 1 0 0.5 0.5 0.25 0.03 0.03 0.0026387239527866915 0.01941450810732047 0.015 0.019894948308892237
199 2388 4.766004161625405 1 0 0.5 0.5 0.25 0.03 0.03 0.0026387239527866915 0.01941450810732047 0.015 0.019894948308892237
200 2400 5.050013622726795 1 0 0.5 0.5 0.25 0.03 0.03 0.0026387239527866915 0.01941450810732047 0.015 0.019894948308892237
201 2412 5.1806755769533845 1 0 0.5 0.5 0.25 0.03 0.03 0.0026387239527866915 0.01941450810732047 0.015 0.019894948308892237
202 2424 5.475672633853203 1 0 0.5 0.5 0.25 0.03 0.03 0.0026387239527866915 0.01941450810732047 0.015 0.019894948308892237
203 2436 5.527263757912383 1 0 0.5 0.5 0.25 0.03 0.03 0.0026387239527866915 0.01941450810732047 0.015 0.019894948308892237
204 2448 5.787656635923212 1 0 0.5 0.5 0.25 0.03 0.03 0.0026387239527866915 0.01941450810732047 0.015 0.019894948308892237
205 2460 5.914373539362037 1 0 0.5 0.5 0.25 0.03 0.03 0.0026387239527866915 0.01941450810732047 0.015 0.019894948308892237
206 2472 5.856793812013919 1 0 0.5 0.5 0.25 0.03 0.03 0.0026387239527866915 0.01941450810732047 0.015 0.019894948308892237
207 2484 5.76192492253684 1 0 0.5 0.5 0.25 0.03 0.03 0.0026387239527866915 0.01941450810732047 0.015 0.019894948308892237
208 2496 5.428754670687398 1 0 0.5 0.5 0.25 0.03 0.03 0.0026387239527866915 0.01941450810732047 0.015 0.019894948308892237
209 2508 5.144215568642652 1 0 0.5 0.5 0.25 0.03 0.03 0.0026387239527866915 0.01941450810732047 0.015 0.019894948308892237
210 2520 4.935628304933896 1 0 0.5 0.5 0.25 0.03 0.03 0.0026387239527866915 0.01941450810732047 0.015 0.019894948308892237
211 2532 5.0687208304160905 1 0 0.5 0.5 0.25 0.03 0.03 0.0026387239527866915 0.01941450810732047 0.015 0.019894948308892237
212 2544 5.019940568596599 1 0 0.5 0.5 0.25 0.03 0.03 0.0026387239527866915 0.01941450810732047 0.015 0.019894948308892237
213 2556 5.29316178093354 1 0 0.5 0.5 0.25 0.03 0.03 0.0026387239527866915 0.01941450810732047 0.015 0.019894948308892237
214 2568 5.355574970133456 1 0 0.5 0.5 0.25 0.03 0.03 0.0026387239527866915 0.01941450810732047 0.015 0.019894948308892237
215 2580 5.1671050931659845 1 0 0.5 0.5 0.25 0.03 0.03 0.0026387239527866915 0.01941450810732047 0.015 0.019894948308892237
216 2592 5.135073074312006 1 0 0.5 0.5 0.25 0.03 0.03 0.0026387239527866915 0.01941450810732047 0.015 0.019894948308892237
217 2604 5.2773406828083 1 0 0.5 0.5 0.25 0.03 0.03 0.0026387239527866915 0.01941450810732047 0.015 0.019894948308892237
218 2616 5.615900405961283 1 0 0.5 0.5 0.25 0.03 0.03 0.0026387239527866915 0.01941450810732047 0.015 0.019894948308892237
219 2628 5.937992135902118 1 0 0.5 0.5 0.25 0.03 0.03 0.0026387239527866915 0.01941450810732047 0.015 0.019894948308892237
220 2640 6.202873082135906 1 0 0.5 0.5 0.25 0.03 0.03 0.0026387239527866915 0.01941450810732047 0.015 0.019894948308892237
221 2652 6.333232964901366 1 0 0.5 0.5 0.25 0.03 0.03 0.0026387239527866915 0.01941450810732047 0.015 0.019894948308892237
222 2664 5.800168835414642 1 0 0.5 0.5 0.25 0.03 0.03 0.0026387239527866915 0.01941450810732047 0.015 0.019894948308892237
223 2676 5.079277634546167 1 0 0.5 0.5 0.25 0.03 0.03 0.0026387239527866915 0.01941450810732047 0.015 0.019894948308892237
224 2688 4.937819216664251 1 0 0.5 0.5 0.25 0.03 0.03 0.0026387239527866915 0.01941450810732047 0.015 0.019894948308892237
225 2700 4.925845749808076 1 0 0.5 0.5 0.25 0.03 0.03 0.0026387239527866915 0.01941450810732047 0.015 0.019894948308892237
226 2712 4.924674712694314 1 0 0.5 0.5 0.25 0.03 0.03 0.0026387239527866915 0.01941450810732047 0.015 0.019894948308892237
227 2724 4.556804444513065 1 0 0.5 0.5 0.25 0.03 0.03 0.0026387239527866915 0.01941450810732047 0.015 0.019894948308892237
228 2736 4.46614003020515 1 0 0.5 0.5 0.25 0.03 0.03 0.0026387239527866915 0.01941450810732047 0.015 0.019894948308892237
229 2748 4.162624291218055 1 0 0.5 0.5 0.25 0.03 0.03 0.0026387239527866915 0.01941450810732047 0.015 0.019894948308892237
230 2760 3.9025526138848656 1 0 0.5 0.5 0.25 0.03 0.03 0.0026387239527866915 0.01941450810732047 0.015 0.019894948308892237
231 2772 3.8265669791373345 1 0 0.5 0.5 0.25 0.03 0.03 0.0026387239527866915 0.01941450810732047 0.015 0.019894948308892237
232 2784 3.8565366769332274 1 0 0.5 0.5 0.25 0.03 0.03 0.0026387239527866915 0.01941450810732047 0.015 0.019894948308892237
233 2796 4.14946300353895 1 0 0.5 0.5 0.25 0.03 0.03 0.0026387239527866915 0.01941450810732047 0.015 0.019894948308892237
234 2808 4.597311802506722 1 0 0.5 0.5 0.25 0.03 0.03 0.0026387239527866915 0.01941450810732047 0.015 0.019894948308892237
235 2820 4.689132638856056 1 0 0.5 0.5 0.25 0.03 0.03 0.0026387239527866915 0.01941450810732047 0.015 0.019894948308892237
236 2832 4.873536862941315 1 0 0.5 0.5 0.25 0.03 0.03 0.0026387239527866915 0.01941450810732047 0.015 0.019894948308892237
237 2844 5.447463813034141 1 0 0.5 0.5 0.25 0.03 0.03 0.0026387239527866915 0.01941450810732047 0.015 0.019894948308892237
238 2856 5.9871269980496615 1 0 0.5 0.5 0.25 0.03 0.03 0.0026387239527866915 0.01941450810732047 0.015 0.019894948308892237
239 2868 6.755314994251015 1 0 0.5 0.5 0.25 0.03 0.03 0.0026387239527866915 0.01941450810732047 0.015 0.019894948308892237
240 2880 7.7018173918864825 1 0 0.5 0.5 0.25 0.03 0.03 0.0026387239527866915 0.01941450810732047 0.015 0.019894948308892237
241 2892 7.470661029440161 1 0 0.5 0.5 0.25 0.03 0.03 0.0026387239527866915 0.01941450810732047 0.015 0.019894948308892237
242 2904 7.207675186546052 1 0 0.5 0.5 0.25 0.03 0.03 0.0026387239527866915 0.01941450810732047 0.015 0.019894948308892237
243 2916 6.987474331590913 1 0 0.5 0.5 0.25 0.03 0.03 0.0026387239527866915 0.01941450810732047 0.015 0.019894948308892237
244 2928 6.561392658578088 1 0 0.5 0.5 0.25 0.03 0.03 0.0026387239527866915 0.01941450810732047 0.015 0.019894948308892237
245 2940 6.384665029388811 1 0 0.5 0.5 0.25 0.03 0.03 0.0026387239527866915 0.01941450810732047 0.015 0.019894948308892237
246 2952 6.799572884653214 1 0 0.5 0.5 0.25 0.03 0.03 0.0026387239527866915 0.01941450810732047 0.015 0.019894948308892237
247 2964 7.281018846190841 1 0 0.5 0.5 0.25 0.03 0.03 0.0026387239527866915 0.01941450810732047 0.015 0.019894948308892237
248 2976 7.756832813159683 1 0 0.5 0.5 0.25 0.03 0.03 0.0026387239527866915 0.01941450810732047 0.015 0.019894948308892237
249 2988 8.039382828436736 1 0 0.5 0.5 0.25 0.03 0.03 0.0026387239527866915 0.01941450810732047 0.015 0.019894948308892237
250 3000 8.484983160091483 1 0 0.5 0.5 0.25 0.03 0.03 0.0026387239527866915 0.01941450810732047 0.015 0.019894948308892237
251 3012 8.207782426149768 1 0 0.5 0.5 0.25 0.03 0.03 0.0026387239527866915 0.01941450810732047 0.015 0.019894948308892237
252 3024 8.315914808473456 1 0 0.5 0.5 0.25 0.03 0.03 0.0026387239527866915 0.01941450810732047 0.015 0.019894948308892237
253 3036 8.472303516793765 1 0 0.5 0.5 0.25 0.03 0.03 0.0026387239527866915 0.01941450810732047 0.015 0.019894948308892237
254 3048 8.42433828666679 1 0 0.5 0.5 0.25 0.03 0.03 0.0026387239527866915 0.01941450810732047 0.015 0.019894948308892237
255 3060 8.062037935922783 1 0 0.5 0.5 0.25 0.03 0.03 0.0026387239527866915 0.01941450810732047 0.015 0.019894948308892237
256 3072 7.177940605519423 1 0 0.5 0.5 0.25 0.03 0.03 0.0026387239527866915 0.01941450810732047 0.015 0.019894948308892237
257 3084 6.597654584604503 1 0 0.5 0.5 0.25 0.03 0.03 0.0026387239527866915 0.01941450810732047 0.015 0.019894948308892237
258 3096 6.380459795247047 1 0 0.5 0.5 0.25 0.03 0.03 0.0026387239527866915 0.01941450810732047 0.015 0.019894948308892237
259 3108 6.412023043530711 1 0 0.5 0.5 0.25 0.03 0.03 0.0026387239527866915 0.01941450810732047 0.015 0.019894948308892237
260 3120 7.1950165716987895 1 0 0.5 0.5 0.25 0.03 0.03 0.0026387239527866915 0.01941450810732047 0.015 0.019894948308892237
261 3132 7.089925737200756 1 0 0.5 0.5 0.25 0.03 0.03 0.0026387239527866915 0.01941450810732047 0.015 0.019894948308892237
262 3144 6.49555703500819 1 0 0.5 0.5 0.25 0.03 0.03 0.0026387239527866915 0.01941450810732047 0.015 0.019894948308892237
263 3156 6.015516115267034 1 0 0.5 0.5 0.25 0.03 0.03 0.0026387239527866915 0.01941450810732047 0.015 0.019894948308892237
264 3168 6.1522773476625 1 0 0.5 0.5 0.25 0.03 0.03 0.0026387239527866915 0.01941450810732047 0.015 0.019894948308892237
265 3180 6.669525499311732 1 0 0.5 0.5 0.25 0.03 0.03 0.0026387239527866915 0.01941450810732047 0.015 0.019894948308892237
266 3192 6.638349710693281 1 0 0.5 0.5 0.25 0.03 0.03 0.0026387239527866915 0.01941450810732047 0.015 0.019894948308892237
267 3204 6.040193440392883 1 0 0.5 0.5 0.25 0.03 0.03 0.0026387239527866915 0.01941450810732047 0.015 0.019894948308892237
268 3216 5.934339878745221 1 0 0.5 0.5 0.25 0.03 0.03 0.0026387239527866915 0.01941450810732047 0.015 0.019894948308892237
269 3228 5.695725255528659 1 0 0.5 0.5 0.25 0.03 0.03 0.0026387239527866915 0.01941450810732047 0.015 0.019894948308892237
270 3240 5.357377489015782 1 0 0.5 0.5 0.25 0.03 0.03 0.0026387239527866915 0.01941450810732047 0.015 0.019894948308892237
271 3252 5.583057471740879 1 0 0.5 0.5 0.25 0.03 0.03 0.0026387239527866915 0.01941450810732047 0.015 0.019894948308892237
272 3264 5.777212837093779 1 0 0.5 0.5 0.25 0.03 0.03 0.0026387239527866915 0.01941450810732047 0.015 0.019894948308892237
273 3276 5.582062538858682 1 0 0.5 0.5 0.25 0.03 0.03 0.0026387239527866915 0.01941450810732047 0.015 0.019894948308892237
274 3288 5.539880132603271 1 0 0.5 0.5 0.25 0.03 0.03 0.0026387239527866915 0.01941450810732047 0.015 0.019894948308892237
275 3300 6.209399695496623 1 0 0.5 0.5 0.25 0.03 0.03 0.0026387239527866915 0.01941450810732047 0.015 0.019894948308892237
276 3312 6.713918101758576 1 0 0.5 0.5 0.25 0.03 0.03 0.0026387239527866915 0.01941450810732047 0.015 0.019894948308892237
277 3324 6.680335881515961 1 0 0.5 0.5 0.25 0.03 0.03 0.0026387239527866915 0.01941450810732047 0.015 0.019894948308892237
278 3336 6.343578975486712 1 0 0.5 0.5 0.25 0.03 0.03 0.0026387239527866915 0.01941450810732047 0.015 0.019894948308892237
279 3348 6.2506004452322745 1 0 0.5 0.5 0.25 0.03 0.03 0.0026387239527866915 0.01941450810732047 0.015 0.019894948308892237
280 3360 6.209500269926092 1 0 0.5 0.5 0.25 0.03 0.03 0.0026387239527866915 0.01941450810732047 0.015 0.019894948308892237
281 3372 6.1723023862910855 1 0 0.5 0.5 0.25 0.03 0.03 0.0026387239527866915 0.01941450810732047 0.015 0.019894948308892237
282 3384 5.814246531481057 1 0 0.5 0.5 0.25 0.03 0.03 0.0026387239527866915 0.01941450810732047 0.015 0.019894948308892237
283 3396 5.476490888991443 1 0 0.5 0.5 0.25 0.03 0.03 0.0026387239527866915 0.01941450810732047 0.015 0.019894948308892237
284 3408 5.536485917042591 1 0 0.5 0.5 0.25 0.03 0.03 0.0026387239527866915 0.01941450810732047 0.015 0.019894948308892237
285 3420 5.372260416178376 1 0 0.5 0.5 0.25 0.03 0.03 0.0026387239527866915 0.01941450810732047 0.015 0.019894948308892237
286 3432 5.446531466401916 1 0 0.5 0.5 0.25 0.03 0.03 0.0026387239527866915 0.01941450810732047 0.015 0.019894948308892237
287 3444 6.051262250569674 1 0 0.5 0.5 0.25 0.03 0.03 0.0026387239527866915 0.01941450810732047 0.015 0.019894948308892237
288 3456 5.731829811357084 1 0 0.5 0.5 0.25 0.03 0.03 0.0026387239527866915 0.01941450810732047 0.015 0.019894948308892237
289 3468 5.735919815921845 1 0 0.5 0.5 0.25 0.03 0.03 0.0026387239527866915 0.01941450810732047 0.015 0.019894948308892237
290 3480 5.29834729382928 1 0 0.5 0.5 0.25 0.03 0.03 0.0026387239527866915 0.01941450810732047 0.015 0.019894948308892237
291 3492 4.948103472589578 1 0 0.5 0.5 0.25 0.03 0.03 0.0026387239527866915 0.01941450810732047 0.015 0.019894948308892237
292 3504 4.7918519286292085 1 0 0.5 0.5 0.25 0.03 0.03 0.0026387239527866915 0.01941450810732047 0.015 0.019894948308892237
293 3516 4.847737025769142 1 0 0.5 0.5 0.25 0.03 0.03 0.0026387239527866915 0.01941450810732047 0.015 0.019894948308892237
294 3528 4.6873321133055725 1 0 0.5 0.5 0.25 0.03 0.03 0.0026387239527866915 0.01941450810732047 0.015 0.019894948308892237
295 3540 4.600372763514772 1 0 0.5 0.5 0.25 0.03 0.03 0.0026387239527866915 0.01941450810732047 0.015 0.019894948308892237
296 3552 4.242144041394484 1 0 0.5 0.5 0.25 0.03 0.03 0.0026387239527866915 0.01941450810732047 0.015 0.019894948308892237
297 3564 4.50998658063503 1 0 0.5 0.5 0.25 0.03 0.03 0.0026387239527866915 0.01941450810732047 0.015 0.019894948308892237
298 3576 4.375646589385191 1 0 0.5 0.5 0.25 0.03 0.03 0.0026387239527866915 0.01941450810732047 0.015 0.019894948308892237
299 3588 4.258774600432769 1 0 0.5 0.5 0.25 0.03 0.03 0.0026387239527866915 0.01941450810732047 0.015 0.019894948308892237
300 3600 4.07715724388294 1 0 0.5 0.5 0.25 0.03 0.03 0.0026387239527866915 0.01941450810732047 0.015 0.019894948308892237
301 3612 3.71515271158674 1 0 0.5 0.5 0.25 0.03 0.03 0.0026387239527866915 0.01941450810732047 0.015 0.019894948308892237
302 3624 3.6131123125337594 1 0 0.5 0.5 0.25 0.03 0.03 0.0026387239527866915 0.01941450810732047 0.015 0.019894948308892237
303 3636 3.496621612659634 1 0 0.5 0.5 0.25 0.03 0.03 0.0026387239527866915 0.01941450810732047 0.015 0.019894948308892237
304 3648 3.2511564747490147 1 0 0.5 0.5 0.25 0.03 0.03 0.0026387239527866915 0.01941450810732047 0.015 0.019894948308892237
305 3660 3.1939952414624235 1 0 0.5 0.5 0.25 0.03 0.03 0.0026387239527866915 0.01941450810732047 0.015 0.019894948308892237
306 3672 3.4245467076786498 1 0 0.5 0.5 0.25 0.03 0.03 0.0026387239527866915 0.01941450810732047 0.015 0.019894948308892237
307 3684 3.751958560289778 1 0 0.5 0.5 0.25 0.03 0.03 0.0026387239527866915 0.01941450810732047 0.015 0.019894948308892237
308 3696 3.9818835854012207 1 0 0.5 0.5 0.25 0.03 0.03 0.0026387239527866915 0.01941450810732047 0.015 0.019894948308892237
309 3708 3.8619540184879027 1 0 0.5 0.5 0.25 0.03 0.03 0.0026387239527866915 0.01941450810732047 0.015 0.019894948308892237
310 3720 3.8345553422044376 1 0 0.5 0.5 0.25 0.03 0.03 0.0026387239527866915 0.01941450810732047 0.015 0.019894948308892237
311 3732 3.806616757790723 1 0 0.5 0.5 0.25 0.03 0.03 0.0026387239527866915 0.01941450810732047 0.015 0.019894948308892237
312 3744 3.5966585423581674 1 0 0.5 0.5 0.25 0.03 0.03 0.0026387239527866915 0.01941450810732047 0.015 0.019894948308892237
313 3756 3.3506419612782716 1 0 0.5 0.5 0.25 0.03 0.03 0.0026387239527866915 0.01941450810732047 0.015 0.019894948308892237
314 3768 2.9608306648739484 1 0 0.5 0.5 0.25 0.03 0.03 0.0026387239527866915 0.01941450810732047 0.015 0.019894948308892237
315 3780 3.0160864959929956 1 0 0.5 0.5 0.25 0.03 0.03 0.0026387239527866915 0.01941450810732047 0.015 0.019894948308892237
316 3792 3.1292426962677857 1 0 0.5 0.5 0.25 0.03 0.03 0.0026387239527866915 0.01941450810732047 0.015 0.019894948308892237
317 3804 2.995229639649694 1 0 0.5 0.5 0.25 0.03 0.03 0.0026387239527866915 0.01941450810732047 0.015 0.019894948308892237
318 3816 2.973692250843343 1 0 0.5 0.5 0.25 0.03 0.03 0.0026387239527866915 0.01941450810732047 0.015 0.019894948308892237
319 3828 2.855726924816217 1 0 0.5 0.5 0.25 0.03 0.03 0.0026387239527866915 0.01941450810732047 0.015 0.019894948308892237
320 3840 2.7468772912596013 1 0 0.5 0.5 0.25 0.03 0.03 0.0026387239527866915 0.01941450810732047 0.015 0.019894948308892237
321 3852 2.668151225488323 1 0 0.5 0.5 0.25 0.03 0.03 0.0026387239527866915 0.01941450810732047 0.015 0.019894948308892237
322 3864 2.344254155638116 1 0 0.5 0.5 0.25 0.03 0.03 0.0026387239527866915 0.01941450810732047 0.015 0.019894948308892237
323 3876 2.382795671068436 1 0 0.5 0.5 0.25 0.03 0.03 0.0026387239527866915 0.01941450810732047 0.015 0.019894948308892237
324 3888 2.618358539585719 1 0 0.5 0.5 0.25 0.03 0.03 0.0026387239527866915 0.01941450810732047 0.015 0.019894948308892237
325 3900 2.80555512503658 1 0 0.5 0.5 0.25 0.03 0.03 0.0026387239527866915 0.01941450810732047 0.015 0.019894948308892237
326 3912 2.6156409571819403 1 0 0.5 0.5 0.25 0.03 0.03 0.0026387239527866915 0.01941450810732047 0.015 0.019894948308892237
327 3924 2.38145288163321 1 0 0.5 0.5 0.25 0.03 0.03 0.0026387239527866915 0.01941450810732047 0.015 0.019894948308892237
328 3936 2.5272163053244867 1 0 0.5 0.5 0.25 0.03 0.03 0.0026387239527866915 0.01941450810732047 0.015 0.019894948308892237
329 3948 2.632749838955864 1 0 0.5 0.5 0.25 0.03 0.03 0.0026387239527866915 0.01941450810732047 0.015 0.019894948308892237
330 3960 2.53441008160789 1 0 0.5 0.5 0.25 0.03 0.03 0.0026387239527866915 0.01941450810732047 0.015 0.019894948308892237
331 3972 2.609495399903343 1 0 0.5 0.5 0.25 0.03 0.03 0.0026387239527866915 0.01941450810732047 0.015 0.019894948308892237
332 3984 2.633138119983197 1 0 0.5 0.5 0.25 0.03 0.03 0.0026387239527866915 0.01941450810732047 0.015 0.019894948308892237
333 3996 2.571505031847682 1 0 0.5 0.5 0.25 0.03 0.03 0.0026387239527866915 0.01941450810732047 0.015 0.019894948308892237
334 4008 2.7145207179978197 1 0 0.5 0.5 0.25 0.03 0.03 0.0026387239527866915 0.01941450810732047 0.015 0.019894948308892237
335 4020 2.656059732094675 1 0 0.5 0.5 0.25 0.03 0.03 0.0026387239527866915 0.01941450810732047 0.015 0.019894948308892237
336 4032 2.796876942445285 1 0 0.5 0.5 0.25 0.03 0.03 0.0026387239527866915 0.01941450810732047 0.015 0.019894948308892237
337 4044 2.8711060557592485 1 0 0.5 0.5 0.25 0.03 0.03 0.0026387239527866915 0.01941450810732047 0.015 0.019894948308892237
338 4056 2.880119597986711 1 0 0.5 0.5 0.25 0.03 0.03 0.0026387239527866915 0.01941450810732047 0.015 0.019894948308892237
339 4068 3.003388058677925 1 0 0.5 0.5 0.25 0.03 0.03 0.0026387239527866915 0.01941450810732047 0.015 0.019894948308892237
340 4080 2.650852400704093 1 0 0.5 0.5 0.25 0.03 0.03 0.0026387239527866915 0.01941450810732047 0.015 0.019894948308892237
341 4092 2.6770438833221206 1 0 0.5 0.5 0.25 0.03 0.03 0.0026387239527866915 0.01941450810732047 0.015 0.019894948308892237
342 4104 2.694129189775688 1 0 0.5 0.5 0.25 0.03 0.03 0.0026387239527866915 0.01941450810732047 0.015 0.019894948308892237
343 4116 2.8137031205206524 1 0 0.5 0.5 0.25 0.03 0.03 0.0026387239527866915 0.01941450810732047 0.015 0.019894948308892237
344 4128 2.7036196901188077 1 0 0.5 0.5 0.25 0.03 0.03 0.0026387239527866915 0.01941450810732047 0.015 0.019894948308892237
345 4140 2.8368752479411663 1 0 0.5 0.5 0.25 0.03 0.03 0.0026387239527866915 0.01941450810732047 0.015 0.019894948308892237
346 4152 2.9203780333587894 1 0 0.5 0.5 0.25 0.03 0.03 0.0026387239527866915 0.01941450810732047 0.015 0.019894948308892237
347 4164 2.8736750881168653 1 0 0.5 0.5 0.25 0.03 0.03 0.0026387239527866915 0.01941450810732047 0.015 0.019894948308892237
348 4176 2.6339609404406104 1 0 0.5 0.5 0.25 0.03 0.03 0.0026387239527866915 0.01941450810732047 0.015 0.019894948308892237
349 4188 2.553099751454761 1 0 0.5 0.5 0.25 0.03 0.03 0.0026387239527866915 0.01941450810732047 0.015 0.019894948308892237
350 4200 2.5477818152648397 1 0 0.5 0.5 0.25 0.03 0.03 0.0026387239527866915 0.01941450810732047 0.015 0.019894948308892237
351 4212 2.8437835499303827 1 0 0.5 0.5 0.25 0.03 0.03 0.0026387239527866915 0.01941450810732047 0.015 0.019894948308892237
352 4224 2.8753185497093354 1 0 0.5 0.5 0.25 0.03 0.03 0.0026387239527866915 0.01941450810732047 0.015 0.019894948308892237
353 4236 2.836492161767881 1 0 0.5 0.5 0.25 0.03 0.03 0.0026387239527866915 0.01941450810732047 0.015 0.019894948308892237
354 4248 2.8702744565989655 1 0 0.5 0.5 0.25 0.03 0.03 0.0026387239527866915 0.01941450810732047 0.015 0.019894948308892237
355 4260 2.609960954632425 1 0 0.5 0.5 0.25 0.03 0.03 0.0026387239527866915 0.01941450810732047 0.015 0.019894948308892237
356 4272 2.42414003820451 1 0 0.5 0.5 0.25 0.03 0.03 0.0026387239527866915 0.01941450810732047 0.015 0.019894948308892237
357 4284 2.482362418409128 1 0 0.5 0.5 0.25 0.03 0.03 0.0026387239527866915 0.01941450810732047 0.015 0.019894948308892237
358 4296 2.4538219130159664 1 0 0.5 0.5 0.25 0.03 0.03 0.0026387239527866915 0.01941450810732047 0.015 0.019894948308892237
359 4308 2.4566991316619076 1 0 0.5 0.5 0.25 0.03 0.03 0.0026387239527866915 0.01941450810732047 0.015 0.019894948308892237
360 4320 2.601217713964521 1 0 0.5 0.5 0.25 0.03 0.03 0.0026387239527866915 0.01941450810732047 0.015 0.019894948308892237
361 4332 2.7465062901197728 1 0 0.5 0.5 0.25 0.03 0.03 0.0026387239527866915 0.01941450810732047 0.015 0.019894948308892237
362 4344 3.044523329503215 1 0 0.5 0.5 0.25 0.03 0.03 0.0026387239527866915 0.01941450810732047 0.015 0.019894948308892237
363 4356 2.885180814330364 1 0 0.5 0.5 0.25 0.03 0.03 0.0026387239527866915 0.01941450810732047 0.015 0.019894948308892237
364 4368 2.7340373484888105 1 0 0.5 0.5 0.25 0.03 0.03 0.0026387239527866915 0.01941450810732047 0.015 0.019894948308892237
365 4380 2.8411437298395663 1 0 0.5 0.5 0.25 0.03 0.03 0.0026387239527866915 0.01941450810732047 0.015 0.019894948308892237
366 4392 3.0065141327360076 1 0 0.5 0.5 0.25 0.03 0.03 0.0026387239527866915 0.01941450810732047 0.015 0.019894948308892237
367 4404 2.655857710217379 1 0 0.5 0.5 0.25 0.03 0.03 0.0026387239527866915 0.01941450810732047 0.015 0.019894948308892237
368 4416 2.669613133640296 1 0 0.5 0.5 0.25 0.03 0.03 0.0026387239527866915 0.01941450810732047 0.015 0.019894948308892237
369 4428 2.735698595570361 1 0 0.5 0.5 0.25 0.03 0.03 0.0026387239527866915 0.01941450810732047 0.015 0.019894948308892237
370 4440 3.06082974428985 1 0 0.5 0.5 0.25 0.03 0.03 0.0026387239527866915 0.01941450810732047 0.015 0.019894948308892237
371 4452 3.1429556363803917 1 0 0.5 0.5 0.25 0.03 0.03 0.0026387239527866915 0.01941450810732047 0.015 0.019894948308892237
372 4464 3.2316364548392578 1 0 0.5 0.5 0.25 0.03 0.03 0.0026387239527866915 0.01941450810732047 0.015 0.019894948308892237
373 4476 3.1065638296329987 1 0 0.5 0.5 0.25 0.03 0.03 0.0026387239527866915 0.01941450810732047 0.015 0.019894948308892237
374 4488 2.8907275968328556 1 0 0.5 0.5 0.25 0.03 0.03 0.0026387239527866915 0.01941450810732047 0.015 0.019894948308892237
375 4500 2.6506944398482206 1 0 0.5 0.5 0.25 0.03 0.03 0.0026387239527866915 0.01941450810732047 0.015 0.019894948308892237
376 4512 2.457065823216566 1 0 0.5 0.5 0.25 0.03 0.03 0.0026387239527866915 0.01941450810732047 0.015 0.019894948308892237
377 4524 2.444058845490913 1 0 0.5 0.5 0.25 0.03 0.03 0.0026387239527866915 0.01941450810732047 0.015 0.019894948308892237
378 4536 2.399878940921318 1 0 0.5 0.5 0.25 0.03 0.03 0.0026387239527866915 0.01941450810732047 0.015 0.019894948308892237
379 4548 2.478637883340555 1 0 0.5 0.5 0.25 0.03 0.03 0.0026387239527866915 0.01941450810732047 0.015 0.019894948308892237
380 4560 2.4715000186065166 1 0 0.5 0.5 0.25 0.03 0.03 0.0026387239527866915 0.01941450810732047 0.015 0.019894948308892237
381 4572 2.259168164986768 1 0 0.5 0.5 0.25 0.03 0.03 0.0026387239527866915 0.01941450810732047 0.015 0.019894948308892237
382 4584 2.243052493543428 1 0 0.5 0.5 0.25 0.03 0.03 0.0026387239527866915 0.01941450810732047 0.015 0.019894948308892237
383 4596 2.0606776861179434 1 0 0.5 0.5 0.25 0.03 0.03 0.0026387239527866915 0.01941450810732047 0.015 0.019894948308892237
384 4608 1.7367150877551656 1 0 0.5 0.5 0.25 0.03 0.03 0.0026387239527866915 0.01941450810732047 0.015 0.019894948308892237
385 4620 1.6420779847332776 1 0 0.5 0.5 0.25 0.03 0.03 0.0026387239527866915 0.01941450810732047 0.015 0.019894948308892237
386 4632 1.6388872171285027 1 0 0.5 0.5 0.25 0.03 0.03 0.0026387239527866915 0.01941450810732047 0.015 0.019894948308892237
387 4644 1.5502823286402003 1 0 0.5 0.5 0.25 0.03 0.03 0.0026387239527866915 0.01941450810732047 0.015 0.019894948308892237
388 4656 1.4704560819165489 1 0 0.5 0.5 0.25 0.03 0.03 0.0026387239527866915 0.01941450810732047 0.015 0.019894948308892237
389 4668 1.4080207047356006 1 0 0.5 0.5 0.25 0.03 0.03 0.0026387239527866915 0.01941450810732047 0.015 0.019894948308892237
390 4680 1.402900075013249 1 0 0.5 0.5 0.25 0.03 0.03 0.0026387239527866915 0.01941450810732047 0.015 0.019894948308892237
391 4692 1.3758446061425997 1 0 0.5 0.5 0.25 0.03 0.03 0.0026387239527866915 0.01941450810732047 0.015 0.019894948308892237
392 4704 1.446957692330938 1 0 0.5 0.5 0.25 0.03 0.03 0.0026387239527866915 0.01941450810732047 0.015 0.019894948308892237
393 4716 1.5505754720462106 1 0 0.5 0.5 0.25 0.03 0.03 0.0026387239527866915 0.01941450810732047 0.015 0.019894948308892237
394 4728 1.4913515632833747 1 0 0.5 0.5 0.25 0.03 0.03 0.0026387239527866915 0.01941450810732047 0.015 0.019894948308892237
395 4740 1.3808507568161612 1 0 0.5 0.5 0.25 0.03 0.03 0.0026387239527866915 0.01941450810732047 0.015 0.019894948308892237
396 4752 1.3698289624637612 1 0 0.5 0.5 0.25 0.03 0.03 0.0026387239527866915 0.01941450810732047 0.015 0.019894948308892237
397 4764 1.4577829030975176 1 0 0.5 0.5 0.25 0.03 0.03 0.0026387239527866915 0.01941450810732047 0.015 0.019894948308892237
398 4776 1.461828546102009 1 0 0.5 0.5 0.25 0.03 0.03 0.0026387239527866915 0.01941450810732047 0.015 0.019894948308892237
399 4788 1.4238537007900098 1 0 0.5 0.5 0.25 0.03 0.03 0.0026387239527866915 0.01941450810732047 0.015 0.019894948308892237
400 4800 1.378078832342778 1 0 0.5 0.5 0.25 0.03 0.03 0.0026387239527866915 0.01941450810732047 0.015 0.019894948308892237
401 4812 1.390986470610352 1 0 0.5 0.5 0.25 0.03 0.03 0.0026387239527866915 0.01941450810732047 0.015 0.019894948308892237
402 4824 1.3997278954947963 1 0 0.5 0.5 0.25 0.03 0.03 0.0026387239527866915 0.01941450810732047 0.015 0.019894948308892237
403 4836 1.2505900265160597 1 0 0.5 0.5 0.25 0.03 0.03 0.0026387239527866915 0.01941450810732047 0.015 0.019894948308892237
404 4848 1.1603282731319158 1 0 0.5 0.5 0.25 0.03 0.03 0.0026387239527866915 0.01941450810732047 0.015 0.019894948308892237
405 4860 1.2624641886293722 1 0 0.5 0.5 0.25 0.03 0.03 0.0026387239527866915 0.01941450810732047 0.015 0.019894948308892237
406 4872 1.2271759818725034 1 0 0.5 0.5 0.25 0.03 0.03 0.0026387239527866915 0.01941450810732047 0.015 0.019894948308892237
407 4884 1.2576069217163417 1 0 0.5 0.5 0.25 0.03 0.03 0.0026387239527866915 0.01941450810732047 0.015 0.019894948308892237
408 4896 1.2512168505189991 1 0 0.5 0.5 0.25 0.03 0.03 0.0026387239527866915 0.01941450810732047 0.015 0.019894948308892237
409 4908 1.132855380324599 1 0 0.5 0.5 0.25 0.03 0.03 0.0026387239527866915 0.01941450810732047 0.015 0.019894948308892237
410 4920 1.0143841802830473 1 0 0.5 0.5 0.25 0.03 0.03 0.0026387239527866915 0.01941450810732047 0.015 0.019894948308892237
411 4932 0.9966902929045791 1 0 0.5 0.5 0.25 0.03 0.03 0.0026387239527866915 0.01941450810732047 0.015 0.019894948308892237
412 4944 0.9724917423170663 1 0 0.5 0.5 0.25 0.03 0.03 0.0026387239527866915 0.01941450810732047 0.015 0.019894948308892237
413 4956 0.8891021130845904 1 0 0.5 0.5 0.25 0.03 0.03 0.0026387239527866915 0.01941450810732047 0.015 0.019894948308892237
414 4968 0.8298209525322955 1 0 0.5 0.5 0.25 0.03 0.03 0.0026387239527866915 0.01941450810732047 0.015 0.019894948308892237
415 4980 0.7312493214681985 1 0 0.5 0.5 0.25 0.03 0.03 0.0026387239527866915 0.01941450810732047 0.015 0.019894948308892237
416 4992 0.7586229603415494 1 0 0.5 0.5 0.25 0.03 0.03 0.0026387239527866915 0.01941450810732047 0.015 0.019894948308892237
417 5004 0.7572107656765361 1 0 0.5 0.5 0.25 0.03 0.03 0.0026387239527866915 0.01941450810732047 0.015 0.019894948308892237
418 5016 0.6890964746299838 1 0 0.5 0.5 0.25 0.03 0.03 0.0026387239527866915 0.01941450810732047 0.015 0.019894948308892237
419 5028 0.6726847437763812 1 0 0.5 0.5 0.25 0.03 0.03 0.0026387239527866915 0.01941450810732047 0.015 0.019894948308892237
420 5040 0.7425156489169374 1 0 0.5 0.5 0.25 0.03 0.03 0.0026387239527866915 0.01941450810732047 0.015 0.019894948308892237
421 5052 0.8880402467018235 1 0 0.5 0.5 0.25 0.03 0.03 0.0026387239527866915 0.01941450810732047 0.015 0.019894948308892237
422 5064 0.9407719134908074 1 0 0.5 0.5 0.25 0.03 0.03 0.0026387239527866915 0.01941450810732047 0.015 0.019894948308892237
423 5076 0.8799314975887966 1 0 0.5 0.5 0.25 0.03 0.03 0.0026387239527866915 0.01941450810732047 0.015 0.019894948308892237
424 5088 0.8347570715936997 1 0 0.5 0.5 0.25 0.03 0.03 0.0026387239527866915 0.01941450810732047 0.015 0.019894948308892237
425 5100 0.8121077444146574 1 0 0.5 0.5 0.25 0.03 0.03 0.0026387239527866915 0.01941450810732047 0.015 0.019894948308892237
426 5112 0.8071322551748822 1 0 0.5 0.5 0.25 0.03 0.03 0.0026387239527866915 0.01941450810732047 0.015 0.019894948308892237
427 5124 0.8087205644895881 1 0 0.5 0.5 0.25 0.03 0.03 0.0026387239527866915 0.01941450810732047 0.015 0.019894948308892237
428 5136 0.7664475128414624 1 0 0.5 0.5 0.25 0.03 0.03 0.0026387239527866915 0.01941450810732047 0.015 0.019894948308892237
429 5148 0.7999059727552329 1 0 0.5 0.5 0.25 0.03 0.03 0.0026387239527866915 0.01941450810732047 0.015 0.019894948308892237
430 5160 0.727355187476126 1 0 0.5 0.5 0.25 0.03 0.03 0.0026387239527866915 0.01941450810732047 0.015 0.019894948308892237
431 5172 0.6714900613231947 1 0 0.5 0.5 0.25 0.03 0.03 0.0026387239527866915 0.01941450810732047 0.015 0.019894948308892237
432 5184 0.6414765758168264 1 0 0.5 0.5 0.25 0.03 0.03 0.0026387239527866915 0.01941450810732047 0.015 0.019894948308892237
433 5196 0.6340868132179742 1 0 0.5 0.5 0.25 0.03 0.03 0.0026387239527866915 0.01941450810732047 0.015 0.019894948308892237
434 5208 0.6107135845324755 1 0 0.5 0.5 0.25 0.03 0.03 0.0026387239527866915 0.01941450810732047 0.015 0.019894948308892237
435 5220 0.5765376178520214 1 0 0.5 0.5 0.25 0.03 0.03 0.0026387239527866915 0.01941450810732047 0.015 0.019894948308892237
436 5232 0.559722745528068 1 0 0.5 0.5 0.25 0.03 0.03 0.0026387239527866915 0.01941450810732047 0.015 0.019894948308892237
437 5244 0.5597222091246893 1 0 0.5 0.5 0.25 0.03 0.03 0.0026387239527866915 0.01941450810732047 0.015 0.019894948308892237
438 5256 0.49805437677030384 1 0 0.5 0.5 0.25 0.03 0.03 0.0026387239527866915 0.01941450810732047 0.015 0.019894948308892237
439 5268 0.46021112502541883 1 0 0.5 0.5 0.25 0.03 0.03 0.0026387239527866915 0.01941450810732047 0.015 0.019894948308892237
440 5280 0.4586179535606879 1 0 0.5 0.5 0.25 0.03 0.03 0.0026387239527866915 0.01941450810732047 0.015 0.019894948308892237
441 5292 0.4447469591138183 1 0 0.5 0.5 0.25 0.03 0.03 0.0026387239527866915 0.01941450810732047 0.015 0.019894948308892237
442 5304 0.498862301549116 1 0 0.5 0.5 0.25 0.03 0.03 0.0026387239527866915 0.01941450810732047 0.015 0.019894948308892237
443 5316 0.5198162625936967 1 0 0.5 0.5 0.25 0.03 0.03 0.0026387239527866915 0.01941450810732047 0.015 0.019894948308892237
444 5328 0.533067483495631 1 0 0.5 0.5 0.25 0.03 0.03 0.0026387239527866915 0.01941450810732047 0.015 0.019894948308892237
445 5340 0.4797805711103469 1 0 0.5 0.5 0.25 0.03 0.03 0.0026387239527866915 0.01941450810732047 0.015 0.019894948308892237
446 5352 0.44895658016815354 1 0 0.5 0.5 0.25 0.03 0.03 0.0026387239527866915 0.01941450810732047 0.015 0.019894948308892237
447 5364 0.41810687696939614 1 0 0.5 0.5 0.25 0.03 0.03 0.0026387239527866915 0.01941450810732047 0.015 0.019894948308892237
448 5376 0.434491664500192 1 0 0.5 0.5 0.25 0.03 0.03 0.0026387239527866915 0.01941450810732047 0.015 0.019894948308892237
449 5388 0.3848826934639148 1 0 0.5 0.5 0.25 0.03 0.03 0.0026387239527866915 0.01941450810732047 0.015 0.019894948308892237
450 5400 0.34165202280762713 1 0 0.5 0.5 0.25 0.03 0.03 0.0026387239527866915 0.01941450810732047 0.015 0.019894948308892237
451 5412 0.3054184263465829 1 0 0.5 0.5 0.25 0.03 0.03 0.0026387239527866915 0.01941450810732047 0.015 0.019894948308892237
452 5424 0.27944232408924974 1 0 0.5 0.5 0.25 0.03 0.03 0.0026387239527866915 0.01941450810732047 0.015 0.019894948308892237
453 5436 0.25917989768252453 1 0 0.5 0.5 0.25 0.03 0.03 0.0026387239527866915 0.01941450810732047 0.015 0.019894948308892237
454 5448 0.2550879516174192 1 0 0.5 0.5 0.25 0.03 0.03 0.0026387239527866915 0.01941450810732047 0.015 0.019894948308892237
455 5460 0.26676585397385816 1 0 0.5 0.5 0.25 0.03 0.03 0.0026387239527866915 0.01941450810732047 0.015 0.019894948308892237
456 5472 0.25450651113622913 1 0 0.5 0.5 0.25 0.03 0.03 0.0026387239527866915 0.01941450810732047 0.015 0.019894948308892237
457 5484 0.2507201761593271 1 0 0.5 0.5 0.25 0.03 0.03 0.0026387239527866915 0.01941450810732047 0.015 0.019894948308892237
458 5496 0.2607025113822242 1 0 0.5 0.5 0.25 0.03 0.03 0.0026387239527866915 0.01941450810732047 0.015 0.019894948308892237
459 5508 0.24147112896924364 1 0 0.5 0.5 0.25 0.03 0.03 0.0026387239527866915 0.01941450810732047 0.015 0.019894948308892237
