% # columns="iteration, evaluation, sigma, max axis length,  min axis length, all principal axes lengths  (sorted square roots of eigenvalues of C)", seed=74070, Wed Apr  8 03:48:08 2026
1 12 17.88653062064235 1.0000444454321133 1.0 1.0 1.0000055555709877 1.0000111111728396 1.0000166668055563 1.0000222224691375 1.0000277781635838 1.0000333338888951 1.0000388896450716 1.0000444454321133
2 24 17.328204398013533 1.0496679662788062 0.9082714645368356 0.9082714645368356 0.9353521825982439 0.963778017698434 0.9871717800928135 0.9928461243147899 1.0040459602525647 1.0088381630621186 1.0185256692498093 1.0496679662788062
3 36 17.91636993376956 1.1212675843944926 0.8688177104492666 0.8688177104492666 0.8996174591693565 0.9496239310493788 0.9532924851138586 0.996231537208548 1.0028593593133863 1.0093113527860076 1.04669087827192 1.1212675843944926
4 48 18.15366746651589 1.1473171092656007 0.8432853931602258 0.8432853931602258 0.8924867239803299 0.9145838807915444 0.9560092456085942 0.9713801933190673 1.00684567320283 1.010807699172629 1.0704311975105496 1.1473171092656007
5 60 19.74616967265136 1.1699654166489983 0.8146254219412971 0.8146254219412971 0.8837302469054831 0.904000700147622 0.9670424719453884 0.97174674948272 0.9866191545079462 1.0517814090516864 1.1119394559397104 1.1699654166489983
6 72 20.48333365209515 1.255210997082373 0.7629663264320505 0.7629663264320505 0.8639110519143197 0.9089858591160523 0.9651920082109858 0.9764637243528711 0.9951611371647846 1.0693660620980736 1.10337905056391 1.255210997082373
7 84 22.76910011880725 1.3202079804078166 0.7356931394951778 0.7356931394951778 0.8480832311556243 0.901642267637595 0.9541083769314085 0.9941454087347559 1.0066449776383477 1.042078418491283 1.1105574450482212 1.3202079804078166
8 96 22.577620734372594 1.4688115922149043 0.7083604413715129 0.7083604413715129 0.8346960032579738 0.9076552880656614 0.9538390084536874 0.9712462040363732 0.9971709272080637 1.0648003285305603 1.0904057308441824 1.4688115922149043
9 108 21.178050151577303 1.5072190406934212 0.6664676829037007 0.6664676829037007 0.8348818976420763 0.8886201534530693 0.9286804908024066 0.9499952651364026 1.0266735956082507 1.0599902994726318 1.0895665450495957 1.5072190406934212
10 120 21.03446405311242 1.4762778503151874 0.637801101043126 0.637801101043126 0.8529145240754742 0.8635493168611553 0.8970235895443864 0.9810174916756395 0.9917979279864025 1.066353325741249 1.0888507825601978 1.4762778503151874
11 132 20.577064129373202 1.4037295694510734 0.6194794701381324 0.6194794701381324 0.8210566458997725 0.8793376663815137 0.8961477666668248 0.9627757526328151 0.992912485656371 1.081549635839235 1.1326219906480788 1.4037295694510734
12 144 19.44393607356086 1.3989001685220532 0.6122704536272079 0.6122704536272079 0.8258495112830274 0.8847917774570693 0.9022199834174909 0.9310346989881788 0.953982206683519 1.10565411169486 1.1496571692690012 1.3989001685220532
13 156 19.994378991656994 1.3901407272218278 0.5951876071477081 0.5951876071477081 0.8304513458262475 0.849996104389566 0.8772954998104139 0.9110747756542215 0.9849520890733273 1.0818719326580435 1.1867091341569118 1.3901407272218278
14 168 19.38426278480803 1.4296699831563076 0.5861324438370484 0.5861324438370484 0.8112421669818051 0.8397430092404888 0.8826260132269331 0.9029741546849229 1.000935325454967 1.0911152081320508 1.2169670827517016 1.4296699831563076
15 180 20.79349741182405 1.42797336205477 0.5577252826267298 0.5577252826267298 0.8114237982817376 0.8408008542599289 0.8765034212914584 0.8911974509769782 0.9752327403025909 1.0526965108067339 1.2393841966197423 1.42797336205477
16 192 23.432555571104313 1.4202123288460757 0.5344698480646692 0.5344698480646692 0.787634079246707 0.831739989012027 0.8715359701157727 0.9317864225502364 0.9746869590938825 1.1092064745414658 1.2445434119761065 1.4202123288460757
17 204 25.555207189747815 1.425656097282089 0.5050014495732634 0.5050014495732634 0.7752907831745115 0.8261368977374166 0.8659436104950305 0.9451368711537091 1.045947664911249 1.1340232596026218 1.2640819526850902 1.425656097282089
18 216 25.678557538636227 1.460916783008099 0.47978159311375 0.47978159311375 0.7594764792294795 0.8426497951782557 0.8628544355738418 0.947102621795223 1.0450006251505284 1.1828540663338794 1.2616953238362503 1.460916783008099
19 228 23.74447002686445 1.4866051783197305 0.46412788001807626 0.46412788001807626 0.7397972058486335 0.8226891593164806 0.8650131231591927 0.9375077768559047 1.081898942869014 1.1791934217084925 1.2588413588390635 1.4866051783197305
20 240 23.46278386780754 1.4713722598126056 0.4536498674552984 0.4536498674552984 0.7400168717237936 0.8316840530945566 0.8534464292545354 0.9281186619422452 1.0437101396642563 1.2152427771022423 1.2755652047585653 1.4713722598126056
21 252 23.030657634802477 1.4275965087395863 0.43873380820372326 0.43873380820372326 0.731261985667251 0.8294926300766048 0.8522631241519297 0.9057021102214328 1.0005673135458144 1.2722010400386676 1.343932331853715 1.4275965087395863
22 264 23.410697051155317 1.4655282279683381 0.4113364260365541 0.4113364260365541 0.7350718990682789 0.8339973302460256 0.8386531177031681 0.8837737582559732 1.0413521506112777 1.2647608851152405 1.3351826002639915 1.4655282279683381
23 276 25.74146643955334 1.4123542001602067 0.4119083021855369 0.4119083021855369 0.6926862771177085 0.7961602059651381 0.8645025481873418 0.8816971839314138 1.0507949620849097 1.3066066108980674 1.3305102840652145 1.4123542001602067
24 288 28.37887748792148 1.4354662717145126 0.4288933396229896 0.4288933396229896 0.6887543047483732 0.7582535617857223 0.8684883816390382 0.901712720761863 1.017845509457444 1.2952933456979072 1.3510537771895992 1.4354662717145126
25 300 28.546294927337282 1.4482852364564616 0.43729676643476545 0.43729676643476545 0.6853926237129632 0.777008104101876 0.8354630817900245 0.9193079868835327 1.0282882815639676 1.27030336665889 1.3418860709661926 1.4482852364564616
26 312 29.041233888460674 1.50367970950688 0.43134015393447855 0.43134015393447855 0.6820361496034801 0.7373776212696936 0.8212788246316787 0.9027791276020724 1.0239822195127848 1.2791473998979601 1.3151981728129172 1.50367970950688
27 324 29.85384596062998 1.5313908012014699 0.4301859526052228 0.4301859526052228 0.6700595111861581 0.7516119576300149 0.8269015151013375 0.8736133254099111 1.0195762901409913 1.2481450588314524 1.3135001671181035 1.5313908012014699
28 336 30.39767786943686 1.5683059043893697 0.42277293904648405 0.42277293904648405 0.6623782173149335 0.7462679394456837 0.8069329163474692 0.8691576636627383 1.0124962368300343 1.191603931261484 1.422202530427403 1.5683059043893697
29 348 31.415059973319103 1.5608518194903382 0.4093128950758038 0.4093128950758038 0.6290181449938591 0.735390091900963 0.8109860918022446 0.8714311255344461 1.0164226035373345 1.1730871315285294 1.480160457951008 1.5608518194903382
30 360 35.55669511939759 1.6092049751979178 0.4130362963863121 0.4130362963863121 0.604171435606623 0.7450879962207183 0.7836914715642804 0.8724736028454477 1.0146381209274438 1.1815866202478327 1.4745058103325153 1.6092049751979178
31 372 39.63657002784279 1.6692444082671791 0.40483656469371204 0.40483656469371204 0.601739973180364 0.7464024182026955 0.7913337687794865 0.8977179432479957 1.021187859153636 1.180169271905987 1.4408613634227032 1.6692444082671791
32 384 38.94557412409812 1.7096462456850554 0.4084517070978751 0.4084517070978751 0.5901110588230496 0.7472110792364784 0.7967074587864742 0.9001986788892518 1.0705800890584478 1.1565816483219127 1.43001089982373 1.7096462456850554
33 396 33.99898351207396 1.686992255999157 0.40278080070998784 0.40278080070998784 0.5577272542938152 0.7493658362003027 0.8103665846572563 0.9061501875257777 1.0777323548683546 1.1675363863871708 1.4214467269564546 1.686992255999157
34 408 35.60350158446567 1.6971650605340702 0.39125657359339683 0.39125657359339683 0.5589948994185786 0.7507202205765178 0.7987682443530252 0.8756967401572472 1.0478320555924 1.1731450164008959 1.4352749169658208 1.6971650605340702
35 420 34.860329411816586 1.6975789186479238 0.36675313536748216 0.36675313536748216 0.5903877792370795 0.7508116220983615 0.805828913660783 0.8856212090299391 1.0437400538784556 1.1204059595774298 1.4554199732731106 1.6975789186479238
36 432 31.976658171747363 1.6926686431398583 0.36977067497224236 0.36977067497224236 0.5826604866276675 0.7440005220238639 0.7867752025413542 0.8677984282794413 1.0167466012828947 1.1141009762758043 1.451461210762011 1.6926686431398583
37 444 31.28294602053773 1.7415391380301628 0.3698233235584379 0.3698233235584379 0.5746718741370731 0.7259786156686804 0.7942403427148426 0.8491675929969331 1.023215249243309 1.074323406348979 1.4029105808771096 1.7415391380301628
38 456 33.99576202336333 1.68709270047281 0.37885014977371745 0.37885014977371745 0.5579973466111735 0.7307130326153648 0.7809282025207099 0.8536174525768162 1.006493089240724 1.057428930784484 1.4202094247573274 1.68709270047281
39 468 35.68598513113168 1.6702622260918603 0.36770341026614295 0.36770341026614295 0.5482288415870972 0.7211138881591275 0.7614656192221536 0.9067677352471551 0.995567466881198 1.116959447331828 1.4100930216115146 1.6702622260918603
40 480 33.92565345360117 1.6125511890949236 0.36310068578019816 0.36310068578019816 0.5484447728886894 0.7260072058799283 0.7491407579668907 0.9263669580751539 0.9914185114582544 1.1348343807747252 1.3744622329330207 1.6125511890949236
41 492 32.57536188377852 1.526498597475095 0.3615650745625256 0.3615650745625256 0.5412253852106095 0.6952341984601484 0.7595352228446481 0.9350751342422643 0.9994472458611179 1.1076336220243028 1.3440705449015158 1.526498597475095
42 504 31.941008766768494 1.5142314987563292 0.3440498914440744 0.3440498914440744 0.5305394527411355 0.6851629920497443 0.7632478667874975 0.9314618822922904 1.0165261694435386 1.1052756286785719 1.3301203087640185 1.5142314987563292
43 516 30.345526241820213 1.522456863171966 0.3469973227615903 0.3469973227615903 0.5335989508951104 0.683154847144601 0.731590988404667 0.9428388738366343 1.0326507589724465 1.0897456571888016 1.278161280833279 1.522456863171966
44 528 31.16290320164103 1.566566653271064 0.349608562530764 0.349608562530764 0.5262616509925676 0.6658969602983414 0.7162367411513554 0.923088694701902 1.0288506878742478 1.0819051364674417 1.2292064594982706 1.566566653271064
45 540 33.66281115317707 1.5412625690177275 0.35986315469870767 0.35986315469870767 0.5249309890685563 0.6827434002651511 0.683439772227686 0.8844492187478945 1.053973973139533 1.083307228916261 1.222433218599854 1.5412625690177275
46 552 33.43128845789733 1.5369073875547907 0.3707485182592029 0.3707485182592029 0.5298032383509288 0.6081848385698131 0.6827400866814611 0.8896626274356458 1.0652982590849112 1.0876330967363068 1.2373682521514568 1.5369073875547907
47 564 36.613750424094974 1.5501488382421231 0.3570960495015494 0.3570960495015494 0.540347176293984 0.6122219649620038 0.6812293648159234 0.8880333901912737 1.0206034129440973 1.0899315300598105 1.2493191034233002 1.5501488382421231
48 576 37.69566486007161 1.6724938030611942 0.3692058033852691 0.3692058033852691 0.5261086872899597 0.6015468343789804 0.683757198763318 0.9008863140769281 0.9651058394105242 1.0632093792671677 1.2396235455201203 1.6724938030611942
49 588 38.77916728656802 1.705854841577615 0.3618237377166327 0.3618237377166327 0.5299636684284197 0.6238752796733504 0.6789064593155215 0.8230693628845585 0.9477581970207898 1.0749627629452803 1.2555097010724294 1.705854841577615
50 600 37.16693567962131 1.8238134817094644 0.3432726309813098 0.3432726309813098 0.5275052443796637 0.6262327154560182 0.659731089232756 0.8166418261866885 0.928897302908491 1.0735850914351943 1.2533606678911757 1.8238134817094644
51 612 36.76987748723009 1.8462282587531302 0.32507908089387255 0.32507908089387255 0.5306452385341917 0.5948649128427062 0.6730002828079359 0.8204073918142833 0.9253934385828515 1.0850907507759797 1.2476554104013706 1.8462282587531302
