% # columns="iteration, evaluation, void, void, void, xmean", seed=24690, Wed Apr  8 01:14:17 2026, <python>{}</python> # scaling_of_variables: 1, typical_x: 0
1 12 0 0 0 317.45267752006504 283.5869329416211 24.737619864994027 1.4193577897191314 4.315194840891752 0.2610763466305372 0.5609652649755629 0.43947785242908266 1.0035504703170324
2 24 0 0 0 316.130827793385 282.88823341078984 26.19591868133306 1.3517632868580955 4.631718359445385 0.22522434903734517 0.7538214169893461 0.6176403754746652 0.848609067849284
3 36 0 0 0 313.1537191185057 290.6805954539737 26.128946195345176 1.295170626648823 4.901751326571839 0.2507842755065353 0.7852952301286501 0.4709698469365844 1.0637879415405158
4 48 0 0 0 317.89889826604207 284.39648579095234 25.70898490728257 1.6815780251827828 5.275956644483455 0.25937257884433074 0.621906448873234 0.407686726107757 0.8565720864093975
5 60 0 0 0 322.67411608347174 279.781499635832 23.126832045152845 1.5219782255200847 5.202698683385832 0.34400148175754086 0.5613533557418653 0.4449099427001409 0.7501145371918759
6 72 0 0 0 320.27121767799895 284.02961958349306 22.96247954808831 1.4126306185097248 4.923924977301422 0.3267388437233251 0.6337780187254687 0.21838159304150662 0.6600690345261806
7 84 0 0 0 325.43045993600936 285.99006537063724 21.21971536315833 1.5818679297722325 5.277591830952318 0.32346319739594376 0.6973086311620698 0.20042664049890213 0.5986596525443367
8 96 0 0 0 332.24463989618346 289.60407301993234 23.59849891691459 1.2682381631773507 5.564972680874758 0.29899018616723905 0.5381663000937622 0.015132700042171637 0.48834515860123073
9 108 0 0 0 335.353592989169 288.1556047082112 25.72364795519591 1.0018053760915056 5.706521252189615 0.328091621626558 0.2991136982376517 0.13085271548083652 0.4985543270890277
10 120 0 0 0 334.4556076054161 284.5154806275369 24.67495124302523 0.7920836374099807 5.638775966399949 0.3426961374239873 0.3659621132127209 0.08599684166304064 0.43020060342333166
11 132 0 0 0 341.03247990550346 289.43890463779803 28.26953639901092 0.5411852448123078 5.567536274841263 0.29626508734613877 0.35027697476697095 0.03952527807292845 0.6802177896200301
12 144 0 0 0 349.3766758595775 292.19117108265726 26.421007893385088 0.763694635100361 5.986886235400898 0.2530872967036653 0.22193619093379324 -0.04597528197558803 0.4749178027627013
13 156 0 0 0 352.9843697527468 289.0034078564151 25.07982278905196 0.30452473259128354 6.3602263031833255 0.2713311245225446 0.24335629324424898 -0.08808832099476138 0.2731837985294724
14 168 0 0 0 359.1394997686794 286.001156755812 25.74565043097005 0.38684412260110945 6.258569863861892 0.24248757319739073 0.21769587046264213 -0.00823995088672717 0.37602710299687214
15 180 0 0 0 364.0459426801913 288.170419626567 27.027286950419473 0.6185011013267051 6.282446548920987 0.23297094142095406 0.2652117633895696 0.1455904256792373 0.6452909224784736
16 192 0 0 0 371.5856158651847 295.351003518191 26.398536456015137 0.26898994222053746 6.61182679950019 0.16261779177505806 0.23179495588185156 -0.004719337284685357 0.7574796265085225
17 204 0 0 0 370.1656364610089 293.84717125393087 28.479879506366693 0.3458253523429313 6.8003342508615665 0.10112811855789466 0.19926634064972856 0.031303157368840526 0.5893169417500662
18 216 0 0 0 370.45568095160417 298.17287041782214 31.027823546587197 0.2590724371218014 6.8952522358715775 0.032127563444456414 0.006111100252286695 -0.020547017257956504 0.8747866061324885
19 228 0 0 0 368.5858939515935 303.69799191608195 33.31281752494101 0.6065848963139785 6.966698566877981 0.023737109466313067 0.09297462249784687 -0.10576288723142897 1.0239070003890356
20 240 0 0 0 370.8410626125145 305.8594378782563 34.09212310538319 0.3270121214065617 6.580550699426714 -0.0646506644506202 0.17735057107803703 -0.18270592838736244 1.2002212577721825
21 252 0 0 0 383.31070424482374 313.82913899441 32.7575729763352 0.1058632310142742 6.69584863448768 -0.07871812400084088 -0.1237002047726923 0.04638722850009363 1.58452590668118
22 264 0 0 0 375.82572492002726 313.3740424464953 29.322446757097254 0.02498126918583575 6.15232757872804 -0.05249429285114865 -0.06859598959407663 -0.09249045629990761 1.6988169443497745
23 276 0 0 0 376.88885130445385 312.915698610421 30.45188646551815 0.02916269596408203 6.296925662996294 -0.052254199300591636 0.2525916513002042 -0.11614614511344204 1.6987865434723948
24 288 0 0 0 377.1126831498301 315.9335417859542 26.23850947146404 0.28715122979948543 6.556318308294553 -0.13127641560116582 0.25321737787409443 -0.18603903072642314 1.8343604927237356
25 300 0 0 0 382.0644014600143 318.02666483324464 23.73791750351541 0.5002129090920756 6.80253779745333 -0.2118969692026843 -0.1828752883626274 -0.10825564435705644 2.256642978537839
26 312 0 0 0 385.6442005883066 325.0856701838884 23.004242827744676 0.16388676321174575 6.557275171978007 -0.21569584534937272 -0.12294736733150347 -0.13584612251826383 1.968575683333295
27 324 0 0 0 394.3255137436112 326.4425997518169 22.30240227981702 -0.23431649610838878 6.5708294172370625 -0.20987547725142822 0.04954239788230354 -0.20304313623946468 2.104593382541714
28 336 0 0 0 394.72534348703294 334.99301562158524 18.881996653757355 0.12275606632214733 6.238563103597805 -0.19471189514759019 -0.11884414235035898 -0.18913882958994524 2.0365692151555845
29 348 0 0 0 405.6316146582202 338.55036138829024 22.586840744311402 0.04204680133049864 5.812797169280486 -0.23359411068059197 -0.1500992053390663 -0.2497881178621123 1.8248900133012658
30 360 0 0 0 393.3861616941206 323.05026464636967 23.14805805751064 0.04081100636428997 5.9886437794095215 -0.1673591726929854 -0.010453583455052488 0.02771167487141122 1.514653935845607
31 372 0 0 0 404.7722818461302 329.09999917385227 18.702293051290614 0.0557794975559736 6.339075187798822 -0.29991865753118596 -0.10655835839853085 -0.14865107792332286 2.215523726160121
32 384 0 0 0 413.401762173044 332.3678171487995 17.35302566714642 -0.08622144817939977 5.973176784701058 -0.3943219204841995 -0.17191791448364496 -0.26626661751259 2.0473143093574264
33 396 0 0 0 411.489692973102 330.4465467722182 17.898731401473356 -0.12001784328538152 6.088443854372108 -0.3983507248615773 -0.11212450728137217 -0.20783962688681787 2.213846919920626
34 408 0 0 0 410.18922529030044 330.87902076091984 19.758280321656507 -0.10100837442329055 6.2844507738438615 -0.43718201996918027 -0.30598889270903795 -0.23763040278559378 2.248973612029175
35 420 0 0 0 410.82011125649876 334.45577239189504 22.32138903993222 -0.08706156352714234 5.910740938513238 -0.4414021764303877 -0.10982883890914064 -0.24638132452734296 2.3496606637007695
36 432 0 0 0 404.29883549175474 331.11863384481126 25.04655649757271 0.17193651068179264 6.235223961373834 -0.4546100088425945 0.002228662000305335 -0.18142413321752407 2.2692381588492707
37 444 0 0 0 415.8181161166195 338.6031288603636 24.920231180466523 -0.12578137622120805 5.7204831929031075 -0.47701254523091946 -0.021203312528938513 -0.21007438627830252 2.5051941383754373
38 456 0 0 0 422.6503043243456 340.2019035836464 27.859529017564604 0.038368146382595725 6.045702014875519 -0.4476467594889179 0.01005471232359583 -0.2264335262680509 2.3472705964421015
39 468 0 0 0 422.1208124869218 340.74213522516186 28.161453178640244 0.2202086888140953 6.066097933576431 -0.4479493141466936 0.12258114832773072 -0.22305993720430303 2.341661966362215
40 480 0 0 0 423.05963612840725 338.41326372866536 28.190659809036624 0.11979758747695957 6.262866678489843 -0.45537301483923887 0.09061508048255752 -0.22180135257733544 2.604173141273082
41 492 0 0 0 421.80527356852957 339.12835450479025 27.2135605927081 0.01826935017534946 5.760008450184874 -0.4182913547734081 0.12818647363627336 -0.23104055445442517 2.619910635455332
42 504 0 0 0 421.6303352741539 337.6080026028302 29.05302122537438 0.002851095065977116 6.1994198151667925 -0.4324829626202933 -0.08766184495137574 -0.22641128719222062 2.6671020773787744
43 516 0 0 0 419.53536997428756 337.30989760183985 29.23332350718071 0.05981361209610092 5.995265816009167 -0.38879865970061983 0.004101632855606377 -0.20935012225189725 2.6940754775603146
44 528 0 0 0 422.44134398443913 337.08338810501425 27.590875883811538 0.07755548316701684 5.930437212968373 -0.37467218725565987 0.024046087550838122 -0.2136389740902415 2.64011012649177
45 540 0 0 0 423.18522207876146 336.92961748972016 27.244072052720373 -0.10535023894903145 6.045683208146561 -0.3826406146870892 -0.02564760082847791 -0.24398621118862296 2.501103827336799
46 552 0 0 0 421.3302918378517 337.60977672936247 28.95993722522007 0.08885287134392725 6.25653425424934 -0.395482573213328 0.01507782681100038 -0.2200722273100677 2.5546693387759154
47 564 0 0 0 418.3066595973431 337.2760931061373 28.93372750673799 0.14520835981765645 6.200872414365035 -0.39770972394750415 0.04207047386020915 -0.22354857833991976 2.6602969443558138
48 576 0 0 0 419.8510393996144 338.06041071874677 27.103846941689138 0.1612657465168111 6.150907647896439 -0.3914175882482938 0.043345530492511566 -0.23126115608883274 2.671102571574067
49 588 0 0 0 419.67178709385445 337.8011686190343 28.713380636255422 0.24957865121815997 6.071838126070974 -0.39975777381282407 0.04289935576677061 -0.21575425680464413 2.774021036093352
50 600 0 0 0 417.6945217677388 334.82477558139624 30.54534742869645 0.33041479407729185 6.072073150922742 -0.4056210063852136 0.045576087604765544 -0.2224521253298478 2.809158798864851
51 612 0 0 0 417.22775310898766 330.23252392519123 31.20088364460464 0.4273620417993044 6.278391637670593 -0.40914530924055614 0.032591632723327 -0.22768510405329323 2.7481938585694112
