% # columns="iteration, evaluation, sigma, axis ratio, bestever, best, median, worst objective function value, interquartile range, 25%tile, current best feasible f-value, elapsed wallclock time [s], further/more values", seed=24690, Wed Apr  8 16:33:22 2026, <python>{}</python>
1 12 18.46011147738858 1.0000444454321133 0.7680210038968115 7.6802100389681149e-01 0.8631761806668019 1.1302460787230018 0.11243514240503294 0.8349152413276171 nan 84.4   
2 24 18.714676347930645 1.1689747592131685 0.7650277145739365 7.6502771457393648e-01 0.8351108612390361 1.077729569452252 0.044101664685832986 0.8285986349775867 nan 163.6   
3 36 18.989908157682574 1.2398856357779704 0.7650277145739365 8.0138252522985443e-01 0.9334334057055278 1.0356480260415228 0.16043150275934326 0.8363042647660361 nan 245.1   
4 48 21.825530132752686 1.4187781785574087 0.7650277145739365 7.6810672400791724e-01 0.8550408582911156 1.0228868997599074 0.13816644912242015 0.8074866151901867 nan 333.2   
5 60 26.969025429578775 1.5980258163983982 0.7445957077958949 7.4459570779589490e-01 0.7943025226587397 1.1680304731657456 0.11335709005375172 0.7783334403689903 nan 428.9   
6 72 34.405738060175395 1.7429975164263065 0.7344073822892108 7.3440738228921076e-01 0.7633354926564894 0.8220508890026617 0.02679309090293236 0.7478913149440947 nan 519.7   
7 84 38.719862282356516 1.880353580511155 0.7344073822892108 7.3820407241056152e-01 0.7490952063769889 0.8189763914582378 0.02979951553442628 0.7420868503874724 nan 609.4   
8 96 43.640528994510674 1.9087365620761887 0.7207048482595532 7.2070484825955317e-01 0.7482628723326112 0.7998933773672792 0.02706557590441605 0.7344371789098849 nan 703.6   
9 108 45.20675142075684 2.1591481550026397 0.7207048482595532 7.2098532613165978e-01 0.7452234547813621 0.7598490772366375 0.022839846345813486 0.7314983950687275 nan 806.3   
10 120 50.344559613060554 2.095428334594171 0.7164613216789726 7.1646132167897258e-01 0.7380303920489159 0.7708376776218339 0.0223687486002051 0.7269265411913286 nan 890.7   
11 132 62.8110676587153 2.195440922360791 0.6970975557607542 6.9709755576075416e-01 0.7349365266768939 0.7626677695907019 0.028508353329839586 0.7118168360666102 nan 970.4   
12 144 74.68070505989871 2.2994899447337254 0.6786034040569149 6.7860340405691488e-01 0.7080191024483771 0.894570536979399 0.015357762072564896 0.6959362851231206 nan 1050.6   
13 156 85.94394656105773 2.288717893873017 0.6681623056046554 6.6816230560465539e-01 0.6988503073058897 0.7165373243357047 0.013125661951691403 0.6936921159615693 nan 1129.4   
14 168 104.38846743700267 2.5324631795276615 0.6192967870749417 6.1929678707494173e-01 0.6880571237424018 0.7097105313549671 0.030566006720656347 0.6686390931484326 nan 1208.5   
15 180 131.77129751484242 2.373833090437494 0.5914215491488397 5.9142154914883971e-01 0.6860616682851453 0.7553210870966913 0.08380395397324625 0.6144295350168498 nan 1288.3   
16 192 156.2848866337812 2.3503149517871686 0.5662555115369585 5.6625551153695852e-01 0.6101689830558681 0.6698963508613951 0.019705444684015694 0.6047065294106642 nan 1367.7   
17 204 184.46244335917854 2.309118480955208 0.5517511743840461 5.5175117438404608e-01 0.6179700578170431 0.7820633159794993 0.12363575448262454 0.5788495746716973 nan 1448.4   
18 216 206.18989997357758 2.3529909458275586 0.5517511743840461 5.7512231654915347e-01 0.5952514806867779 0.6302674574321749 0.03517493609722577 0.5805102430520528 nan 1526.5   
19 228 211.93444485386274 2.5757285991596532 0.5517511743840461 5.6921444794522480e-01 0.628991115334987 0.959207653406287 0.09878989022814688 0.6002318366449889 nan 1608.5   
20 240 204.4365920273554 2.4701558473216303 0.5517511743840461 5.9831037441381762e-01 0.6251494672722617 0.6564304020152478 0.027040566607227645 0.608531617832191 nan 1687.6   
21 252 197.8538786782147 2.5548022906981096 0.5517511743840461 5.6475399167717066e-01 0.6258058624257622 0.7004239748098653 0.056358711820041374 0.5997964897386542 nan 1766.4   
22 264 196.05325014485916 2.4900436442393077 0.5517511743840461 5.6439835827364371e-01 0.6171780630601641 0.7219477453343757 0.027185735311657244 0.5991543337562621 nan 1849.1   
23 276 185.79757404385947 2.5129007739418574 0.5517511743840461 5.8110894783898637e-01 0.6065838774788485 0.7061940727525082 0.027198797259550433 0.5912279725459739 nan 1929.8   
24 288 189.34357815552852 2.576608766146594 0.5517511743840461 5.7710072845649130e-01 0.6071662680810079 0.7265695176672872 0.011358318759697728 0.6027042066756443 nan 2009.1   
25 300 191.98961558819843 2.556826888137855 0.5517511743840461 5.5580125479732778e-01 0.6087408795715709 0.7033152778597029 0.033416236530172116 0.5801277277925574 nan 2088.2   
26 312 199.11368457928782 2.475548678201884 0.5318433650390906 5.3184336503909058e-01 0.6149699048593427 0.9179931645777264 0.07893412469227157 0.5777157303894075 nan 2168.5   
27 324 202.5869015086218 2.4330533240414987 0.5318433650390906 5.5443326857080077e-01 0.6132598842188446 0.6873732654565718 0.039843383535499655 0.5824479736330481 nan 2245.5   
28 336 183.38313619502895 2.3904760509772975 0.5318433650390906 5.3799886384958828e-01 0.6026229696594722 0.675234739685549 0.05727749269538107 0.5602003861498106 nan 2322.3   
29 348 173.30092402646235 2.3835121394204672 0.5318433650390906 5.6506941979142700e-01 0.60896026015962 0.7129340902408702 0.01605300128038345 0.5977209893446767 nan 2399.3   
30 360 157.09280654096725 2.5375550229051314 0.5318433650390906 5.3928219779123654e-01 0.6072160099248518 0.6810241251072029 0.0350993553858121 0.583004135206314 nan 2477.8   
31 372 166.68953441104617 2.563638137366474 0.5318433650390906 5.5227226248659156e-01 0.5858703215776604 0.6680658539262236 0.04227900793557371 0.5750656774814981 nan 2555.0   
32 384 177.93117264407337 2.727580586108725 0.5318433650390906 5.5780616513925829e-01 0.6042538208997428 0.919232426970675 0.014053868791298663 0.5983217908731162 nan 2633.0   
33 396 160.58053627030654 2.9143050572367435 0.5318433650390906 5.5012395074146192e-01 0.60024642511322 0.6355170796192371 0.057211455583195736 0.5658404985979875 nan 2709.7   
34 408 140.66824851704854 2.9484518056489746 0.5318433650390906 5.3936502046874124e-01 0.5972774691217022 0.6677690763471249 0.04026996925230797 0.5673040455848963 nan 2786.4   
35 420 136.37743155484435 3.007514287127615 0.5318433650390906 5.4197836749915052e-01 0.5666203890795181 0.6133710767203411 0.023000684109552028 0.5568234644274798 nan 2864.2   
36 432 134.99875578459768 3.212580373078917 0.5318433650390906 5.4466537225568146e-01 0.5752750340314787 0.6144699031435272 0.031773586465577264 0.5633981265065195 nan 2942.3   
37 444 139.88022101790028 3.185245217832548 0.5214868362132452 5.2148683621324521e-01 0.56341660225916 0.6158797154203679 0.025382097467098075 0.5492474486370515 nan 3027.5   
38 456 139.53872143498432 3.4985356174316675 0.5214868362132452 5.3907951383825226e-01 0.5860547123308798 0.6440543010719659 0.03371349290029735 0.558932857495598 nan 3107.3   
39 468 138.66325055700995 3.6083655978136018 0.5214868362132452 5.5806835351827333e-01 0.583955100620454 0.6462413750680138 0.035544837570270715 0.5722079510764415 nan 3185.0   
40 480 123.91700887522855 3.7251102975090804 0.5214868362132452 5.4599343602384165e-01 0.5732702566556599 0.6165048102062499 0.026265475849337583 0.5608434731940032 nan 3263.2   
41 492 116.6916836269054 3.95077149733407 0.5214868362132452 5.4323481602063084e-01 0.5645877247724114 0.6128981074627833 0.030089684818036533 0.5459802270815892 nan 3341.7   
42 504 102.52934942197295 4.153566387098357 0.5214868362132452 5.3735315317451759e-01 0.5740544912555585 0.605592597480737 0.038884741168093595 0.5497183623688896 nan 3425.0   
43 516 93.00285730564404 4.236342319195082 0.5214868362132452 5.3146997257171003e-01 0.5630375751331543 0.6663238098920756 0.037095138490816804 0.5450790732474371 nan 3509.5   
44 528 93.32459518874802 4.140408349344196 0.5214868362132452 5.3400095562890004e-01 0.5495085566716013 0.5901261993709389 0.017986065809418528 0.5374815270043469 nan 3588.2   
45 540 98.8148311734815 4.490524083407614 0.5214868362132452 5.2736855352406364e-01 0.5523366395368315 0.6526014305320957 0.030357259812255566 0.5339383957124822 nan 3667.2   
46 552 93.22108416619248 4.553909607412224 0.5214868362132452 5.2954824908837639e-01 0.5452801774636393 0.6317435648987315 0.03059873609175856 0.535584467795829 nan 3751.6   
47 564 89.31838549672852 4.901670346542514 0.5214868362132452 5.2534808508062170e-01 0.5570611086165325 0.5798571396769947 0.04356110362980081 0.5268295441248849 nan 3828.8   
48 576 93.86811471479407 5.309578051070996 0.5214868362132452 5.2294111188830339e-01 0.534107454393655 0.5579858120878072 0.019033436491208366 0.5264962434027733 nan 3908.5   
49 588 96.24867469627887 5.9513869477158705 0.5214868362132452 5.3259181397049693e-01 0.5541259964098518 0.6450776081529406 0.028168642314646997 0.538027764130141 nan 3986.3   
50 600 97.87003082352335 5.974764358982018 0.5130826930684083 5.1308269306840826e-01 0.5380861336636635 0.6018170892651415 0.03294880563970182 0.5238715022872733 nan 4062.9   
51 612 102.75429902019674 6.385900098270169 0.5130826930684083 5.1484735546461191e-01 0.5511027993096473 0.592109300931394 0.04330671436672928 0.5251833025627071 nan 4140.2   
52 624 95.74876160466468 7.069576189848365 0.5109150630540973 5.1091506305409728e-01 0.5378234038345241 0.6453648906577722 0.04692482352630112 0.5186922325252363 nan 4216.9   
53 636 104.75982024173965 7.369775388518821 0.5067990323684839 5.0679903236848389e-01 0.5317916214525699 0.7322864276541676 0.03366271584649205 0.5200574850430967 nan 4295.1   
54 648 114.7152986176226 7.187935585706255 0.5067990323684839 5.0883467806563654e-01 0.5219530586854384 0.6107184064442599 0.030989092478421187 0.5120784686826908 nan 4372.8   
55 660 139.28902600784136 6.935449633775925 0.5067990323684839 5.0726754855958434e-01 0.5239852699251278 0.5827537093971513 0.023755722571829785 0.5148651008069708 nan 4450.4   
56 672 153.38345118383646 6.999064891160246 0.5067990323684839 5.0814253815408650e-01 0.5295777416781353 0.6232179451015398 0.032239746801877356 0.5181911831273782 nan 4528.4   
57 684 151.49180194928812 6.869394161016658 0.5067990323684839 5.0776740093907557e-01 0.54521602677743 0.6319703541570894 0.028725213063558463 0.5329233868370822 nan 4604.6   
58 696 135.2937212777639 6.816013812083057 0.5060903447775496 5.0609034477754955e-01 0.528537307686271 0.611733113290864 0.05338728231819767 0.5193620198705631 nan 4681.4   
59 708 124.13097568551605 7.064148162459227 0.5060903447775496 5.1403415258173180e-01 0.5336915959947675 0.5938866596463406 0.04236894594778484 0.5156348047556247 nan 4759.2   
60 720 121.83370490559027 7.052430585238026 0.5060903447775496 5.1638249191412777e-01 0.5417078730226719 0.596295924116679 0.031371372198560565 0.5273674982251179 nan 4836.6   
61 732 113.70390977173746 7.1467368763330406 0.5060903447775496 5.1398183361494776e-01 0.5328210804555144 0.5573165966105731 0.031095835245872894 0.5193056140018173 nan 4914.2   
62 744 107.60101606465877 7.131356001118248 0.5060903447775496 5.1274343533764144e-01 0.5291851091318738 0.5612042836750961 0.02119386749864105 0.5176411475705968 nan 4991.7   
63 756 102.26773664960841 7.051649445693283 0.5060903447775496 5.0910021374516479e-01 0.5187271405955983 0.5594038905244672 0.009166246372155129 0.5153443105640889 nan 5068.5   
64 768 100.89894928442703 7.549719259138088 0.5060903447775496 5.0616550087106948e-01 0.5269788659077943 0.6031877294654542 0.034598747958498155 0.5107841504473788 nan 5146.5   
65 780 95.74623018799916 7.730601116612076 0.5060903447775496 5.0960456740460636e-01 0.5180866001476474 0.5760454523800393 0.009691798739420165 0.5105974175165672 nan 5223.7   
66 792 88.33152707001861 7.858281072898272 0.5060903447775496 5.0868984727123023e-01 0.5203468274615705 0.5264241530351653 0.008507299066829122 0.5136305606169989 nan 5301.7   
67 804 78.23987376596101 8.113262864035446 0.5060903447775496 5.0723030497799004e-01 0.5288603520712911 0.5572952240967595 0.021929625206324355 0.5147155147687501 nan 5378.8   
68 816 76.12039040714532 7.7801499763540365 0.5060903447775496 5.0750304812822722e-01 0.5116883495275607 0.5267675474758435 0.011241976031035161 0.509659389299165 nan 5457.4   
69 828 70.12841365209736 7.7472045045782645 0.5060903447775496 5.0958474003825960e-01 0.5195372549095111 0.563895840409991 0.012075016019173823 0.514397863875925 nan 5534.6   
70 840 70.45554507282166 7.888232219564415 0.5058558400828159 5.0585584008281592e-01 0.5123369062725129 0.5198358476541496 0.005243843312383478 0.5091354986865761 nan 5611.9   
71 852 65.00133460511913 8.229553852846037 0.5058558400828159 5.0878714193636665e-01 0.5136007691895291 0.5619751027640268 0.009510057761421553 0.5101290448678875 nan 5688.1   
72 864 64.07576690182901 8.066126216444834 0.505515975948567 5.0551597594856701e-01 0.5169862939217731 0.5288510000167855 0.01203766504153747 0.5087509637596319 nan 5765.8   
73 876 62.17834307594977 8.284641931156873 0.505515975948567 5.0721355833370163e-01 0.51156247887221 0.5197634145318522 0.004950542760274845 0.5083750742389026 nan 5843.3   
74 888 62.297378810326805 9.06557522964866 0.505515975948567 5.0732515838775816e-01 0.5106290498751396 0.5197682887280224 0.002187129178713443 0.5097085992750667 nan 5920.3   
75 900 58.85660300789271 9.217903811003232 0.505515975948567 5.0667526379062511e-01 0.5101478877354011 0.5185932684840444 0.0038915696933299326 0.5073609095655394 nan 5998.4   
76 912 57.102118686317986 9.775998001059174 0.505515975948567 5.0605696574514880e-01 0.5092350464573181 0.5166043380242327 0.005737023865711732 0.5080080364580202 nan 6077.6   
77 924 53.69509918273811 9.697835967776275 0.505515975948567 5.0611810586289518e-01 0.507177659202779 0.5143865546691571 0.0021538635349060975 0.5065206090009615 nan 6170.8   
78 936 53.98602684552322 9.517483888720832 0.505515975948567 5.0605776734841790e-01 0.5082485827471118 0.5142760222547325 0.002030431103343555 0.5066395199795561 nan 6262.3   
79 948 53.96041827538145 9.78196544010339 0.505515975948567 5.0594177649922090e-01 0.5097336471520867 0.5303406334360864 0.004860192282928555 0.5066898703904705 nan 6346.9   
80 960 54.52827290569284 9.9961868313072 0.505515975948567 5.0595858072878819e-01 0.5073276446564373 0.5342926848771975 0.0031128192357089413 0.5063831942207301 nan 6430.7   
81 972 50.06016253741499 9.423174524703418 0.5052456024396617 5.0524560243966166e-01 0.506761515010772 0.5183257936291075 0.002980918610280714 0.5059097300745538 nan 6513.2   
82 984 50.224799435714814 9.53193226923397 0.5052456024396617 5.0549468883928161e-01 0.5098735545914506 0.5119289487867139 0.004566027025524999 0.5063677061212404 nan 6596.5   
83 996 49.09797936808026 10.070033803718061 0.5052456024396617 5.0564515307163227e-01 0.5073086240620736 0.5144660596604564 0.00220090812997753 0.5064364090467001 nan 6682.2   
84 1008 41.727834314407524 9.885746756546705 0.505153734445114 5.0515373444511402e-01 0.5066607830151958 0.516180767973407 0.0017051601000838135 0.5061649769106583 nan 6767.0   
85 1020 39.37284781895073 9.60530840636446 0.505153734445114 5.0535469749524997e-01 0.5074616418332167 0.5143397463184113 0.0019947911128013196 0.5061321500422395 nan 6851.6   
86 1032 35.7243373181755 10.453689837199041 0.505153734445114 5.0523301567472145e-01 0.5062412248863967 0.5083035941431313 0.0008296591851789659 0.505789942633054 nan 6942.1   
87 1044 30.919658603165036 9.86756724149483 0.5048159042252072 5.0481590422520717e-01 0.5063990389456177 0.5100023642433882 0.0036622137543164124 0.5057345787382764 nan 7021.3   
88 1056 28.960758517062626 10.071649997067754 0.5048159042252072 5.0492137532346848e-01 0.5059799217300882 0.5070494547574833 0.0009223803329694302 0.5053246806395648 nan 7105.8   
89 1068 26.035203199537694 10.254775007754604 0.5048159042252072 5.0483124837581628e-01 0.5055055370622028 0.5067596727788684 0.0006458694831363854 0.5052041437246835 nan 7189.3   
90 1080 24.89815297934891 10.333637902128407 0.5048159042252072 5.0498460808774581e-01 0.505567141855361 0.5062754765843658 0.00047378165487166335 0.5052659436524438 nan 7273.9   
91 1092 22.827883288251545 10.20809761480356 0.5047672347788668 5.0476723477886676e-01 0.5053928510956187 0.5069816586251188 0.0006363778860987157 0.5049546426825688 nan 7356.9   
92 1104 20.910148738102595 10.45409126618746 0.5047672347788668 5.0478072716227951e-01 0.5053448203319828 0.5063299950909497 0.00044246421054672247 0.5050253241196301 nan 7439.4   
93 1116 18.727086986213614 10.41542362387019 0.5047672347788668 5.0478233734495148e-01 0.5051079119398745 0.5059746660565596 0.00039178239636639134 0.504941013759326 nan 7523.6   
94 1128 16.503481083451614 10.374638689026067 0.5047672347788668 5.0476752797498370e-01 0.5049278065184042 0.5055402147415812 0.00012973916452063694 0.5048683359783294 nan 7609.9   
95 1140 14.423105430607553 10.09060277597823 0.5047672347788668 5.0480758497146794e-01 0.5049024035017613 0.5054311836280674 0.00030764447931574956 0.5048232979025263 nan 7694.4   
96 1152 13.729298589334803 10.197540657152228 0.5046656563294218 5.0466565632942184e-01 0.5048453802412667 0.5050957206368865 0.00021272056129306716 0.5047965875786407 nan 7779.1   
97 1164 14.96067611234923 10.459895890479668 0.5046656563294218 5.0468409022977445e-01 0.5049137254105387 0.5052981828529131 0.00015497417242260614 0.5048384093473536 nan 7862.6   
98 1176 14.918298030841118 10.534631562255033 0.5046656563294218 5.0470224198617153e-01 0.5048862602723538 0.5057030714799445 0.00022072546089302314 0.5048087704237783 nan 7947.8   
99 1188 15.00981476734607 10.460953393456695 0.5046656563294218 5.0475195404563800e-01 0.5049037446019882 0.5051867319619552 0.00026953861350886843 0.5047839826694933 nan 8031.7   
100 1200 15.064418385111223 10.35205876045522 0.5046656563294218 5.0467157168053944e-01 0.5047635936668805 0.5050034247340296 0.00016001894596762156 0.5046922058432273 nan 8116.0   
101 1212 15.382990084709945 10.784322899717726 0.5046656563294218 5.0470243471794685e-01 0.5048185945662851 0.5052981189720877 0.0002600933991654397 0.5047410867404761 nan 8199.2   
102 1224 15.965972627955615 11.573466656442939 0.5046656563294218 5.0469633805720537e-01 0.5049122875414936 0.5052187337443548 0.00025408160766382526 0.5047969806755992 nan 8283.4   
103 1236 15.791360955919956 12.032699004973821 0.5046656563294218 5.0470228503715431e-01 0.5049090931960948 0.5051616006582049 0.00027544481242225416 0.5048124143296734 nan 8364.2   
104 1248 15.344237172976644 12.060551848155534 0.5046656563294218 5.0468268677018346e-01 0.5048021495246182 0.5049882712536815 0.00019023419850983103 0.5047211832981375 nan 8448.2   
105 1260 15.681392989614336 11.80214853941533 0.5046634196211769 5.0466341962117689e-01 0.5048171068392263 0.5049397631346453 0.00011906572167930118 0.5047492212457624 nan 8529.8   
106 1272 16.808295674156497 11.98201557853556 0.5046634196211769 5.0474762149689001e-01 0.5048147243185238 0.5050086595805985 6.618581351836017e-05 0.504781856918079 nan 8610.8   
107 1284 16.04017357415542 12.122329582485877 0.5046634196211769 5.0470899434461081e-01 0.5048529188060424 0.5049873238725331 0.00010774372619615225 0.5047788135791511 nan 8690.8   
108 1296 16.621259522463863 12.273472435883445 0.5046634196211769 5.0466576093833138e-01 0.5047827030845743 0.5048745283252893 0.00014854605532577114 0.5046911495368308 nan 8774.1   
109 1308 17.66724884067702 12.820155328145203 0.5046634196211769 5.0468822537124058e-01 0.5048319467087605 0.5048850005906033 8.41267811757529e-05 0.5047545082003975 nan 8854.3   
