% # columns="iteration, evaluation, min 25%tile 75%tile max correlation, correlation matrix principal axes lengths  (sorted square roots of eigenvalues of correlation matrix)", seed=24690, Wed Apr  8 16:33:22 2026
1 12 -0.0760074789822931 -0.015666195316212633 0.025958112391815474 0.05369288400753935 0.9226809799636361 0.9651789600507661 0.9783915839375769 0.986257950871684 0.9881834002797528 1.0097521679603276 1.0162372908550328 1.0535144880763079 1.071633176936527
2 24 -0.0760074789822931 -0.015666195316212633 0.025958112391815474 0.05369288400753935 0.9226809799636361 0.9651789600507661 0.9783915839375769 0.986257950871684 0.9881834002797528 1.0097521679603276 1.0162372908550328 1.0535144880763079 1.071633176936527
3 36 -0.0760074789822931 -0.015666195316212633 0.025958112391815474 0.05369288400753935 0.9226809799636361 0.9651789600507661 0.9783915839375769 0.986257950871684 0.9881834002797528 1.0097521679603276 1.0162372908550328 1.0535144880763079 1.071633176936527
4 48 -0.0760074789822931 -0.015666195316212633 0.025958112391815474 0.05369288400753935 0.9226809799636361 0.9651789600507661 0.9783915839375769 0.986257950871684 0.9881834002797528 1.0097521679603276 1.0162372908550328 1.0535144880763079 1.071633176936527
5 60 -0.0760074789822931 -0.015666195316212633 0.025958112391815474 0.05369288400753935 0.9226809799636361 0.9651789600507661 0.9783915839375769 0.986257950871684 0.9881834002797528 1.0097521679603276 1.0162372908550328 1.0535144880763079 1.071633176936527
6 72 -0.0760074789822931 -0.015666195316212633 0.025958112391815474 0.05369288400753935 0.9226809799636361 0.9651789600507661 0.9783915839375769 0.986257950871684 0.9881834002797528 1.0097521679603276 1.0162372908550328 1.0535144880763079 1.071633176936527
7 84 -0.0760074789822931 -0.015666195316212633 0.025958112391815474 0.05369288400753935 0.9226809799636361 0.9651789600507661 0.9783915839375769 0.986257950871684 0.9881834002797528 1.0097521679603276 1.0162372908550328 1.0535144880763079 1.071633176936527
8 96 -0.0760074789822931 -0.015666195316212633 0.025958112391815474 0.05369288400753935 0.9226809799636361 0.9651789600507661 0.9783915839375769 0.986257950871684 0.9881834002797528 1.0097521679603276 1.0162372908550328 1.0535144880763079 1.071633176936527
9 108 -0.0760074789822931 -0.015666195316212633 0.025958112391815474 0.05369288400753935 0.9226809799636361 0.9651789600507661 0.9783915839375769 0.986257950871684 0.9881834002797528 1.0097521679603276 1.0162372908550328 1.0535144880763079 1.071633176936527
10 120 -0.24354519195553972 -0.01216654763102978 0.13353236568400945 0.40469920147950356 0.6525835585673454 0.7305496770431529 0.8915988374650506 0.9029092293002279 0.9981482994077784 1.0366313320658564 1.127104909295584 1.1684241450009374 1.3129178571885263
11 132 -0.24354519195553972 -0.01216654763102978 0.13353236568400945 0.40469920147950356 0.6525835585673454 0.7305496770431529 0.8915988374650506 0.9029092293002279 0.9981482994077784 1.0366313320658564 1.127104909295584 1.1684241450009374 1.3129178571885263
12 144 -0.24354519195553972 -0.01216654763102978 0.13353236568400945 0.40469920147950356 0.6525835585673454 0.7305496770431529 0.8915988374650506 0.9029092293002279 0.9981482994077784 1.0366313320658564 1.127104909295584 1.1684241450009374 1.3129178571885263
13 156 -0.24354519195553972 -0.01216654763102978 0.13353236568400945 0.40469920147950356 0.6525835585673454 0.7305496770431529 0.8915988374650506 0.9029092293002279 0.9981482994077784 1.0366313320658564 1.127104909295584 1.1684241450009374 1.3129178571885263
14 168 -0.24354519195553972 -0.01216654763102978 0.13353236568400945 0.40469920147950356 0.6525835585673454 0.7305496770431529 0.8915988374650506 0.9029092293002279 0.9981482994077784 1.0366313320658564 1.127104909295584 1.1684241450009374 1.3129178571885263
15 180 -0.24354519195553972 -0.01216654763102978 0.13353236568400945 0.40469920147950356 0.6525835585673454 0.7305496770431529 0.8915988374650506 0.9029092293002279 0.9981482994077784 1.0366313320658564 1.127104909295584 1.1684241450009374 1.3129178571885263
16 192 -0.24354519195553972 -0.01216654763102978 0.13353236568400945 0.40469920147950356 0.6525835585673454 0.7305496770431529 0.8915988374650506 0.9029092293002279 0.9981482994077784 1.0366313320658564 1.127104909295584 1.1684241450009374 1.3129178571885263
17 204 -0.24354519195553972 -0.01216654763102978 0.13353236568400945 0.40469920147950356 0.6525835585673454 0.7305496770431529 0.8915988374650506 0.9029092293002279 0.9981482994077784 1.0366313320658564 1.127104909295584 1.1684241450009374 1.3129178571885263
18 216 -0.24354519195553972 -0.01216654763102978 0.13353236568400945 0.40469920147950356 0.6525835585673454 0.7305496770431529 0.8915988374650506 0.9029092293002279 0.9981482994077784 1.0366313320658564 1.127104909295584 1.1684241450009374 1.3129178571885263
19 228 -0.2806273996909524 -0.03330108036236272 0.1759480759855035 0.4357129967115104 0.577487751920459 0.7055161454766627 0.7577493348375046 0.9398987200822093 0.9836765693153171 1.0589503897742338 1.1491078720192647 1.2122502420794852 1.3535753153827033
20 240 -0.2806273996909524 -0.03330108036236272 0.1759480759855035 0.4357129967115104 0.577487751920459 0.7055161454766627 0.7577493348375046 0.9398987200822093 0.9836765693153171 1.0589503897742338 1.1491078720192647 1.2122502420794852 1.3535753153827033
21 252 -0.2806273996909524 -0.03330108036236272 0.1759480759855035 0.4357129967115104 0.577487751920459 0.7055161454766627 0.7577493348375046 0.9398987200822093 0.9836765693153171 1.0589503897742338 1.1491078720192647 1.2122502420794852 1.3535753153827033
22 264 -0.2806273996909524 -0.03330108036236272 0.1759480759855035 0.4357129967115104 0.577487751920459 0.7055161454766627 0.7577493348375046 0.9398987200822093 0.9836765693153171 1.0589503897742338 1.1491078720192647 1.2122502420794852 1.3535753153827033
23 276 -0.2806273996909524 -0.03330108036236272 0.1759480759855035 0.4357129967115104 0.577487751920459 0.7055161454766627 0.7577493348375046 0.9398987200822093 0.9836765693153171 1.0589503897742338 1.1491078720192647 1.2122502420794852 1.3535753153827033
24 288 -0.2806273996909524 -0.03330108036236272 0.1759480759855035 0.4357129967115104 0.577487751920459 0.7055161454766627 0.7577493348375046 0.9398987200822093 0.9836765693153171 1.0589503897742338 1.1491078720192647 1.2122502420794852 1.3535753153827033
25 300 -0.2806273996909524 -0.03330108036236272 0.1759480759855035 0.4357129967115104 0.577487751920459 0.7055161454766627 0.7577493348375046 0.9398987200822093 0.9836765693153171 1.0589503897742338 1.1491078720192647 1.2122502420794852 1.3535753153827033
26 312 -0.2806273996909524 -0.03330108036236272 0.1759480759855035 0.4357129967115104 0.577487751920459 0.7055161454766627 0.7577493348375046 0.9398987200822093 0.9836765693153171 1.0589503897742338 1.1491078720192647 1.2122502420794852 1.3535753153827033
27 324 -0.2806273996909524 -0.03330108036236272 0.1759480759855035 0.4357129967115104 0.577487751920459 0.7055161454766627 0.7577493348375046 0.9398987200822093 0.9836765693153171 1.0589503897742338 1.1491078720192647 1.2122502420794852 1.3535753153827033
28 336 -0.34930187207312224 -0.041574142324901794 0.18169952167905168 0.40595482609364414 0.5663789290648035 0.6199319127618058 0.770246300469988 0.864488690383164 0.9576157354773212 1.0099697157838405 1.150909597669834 1.3311803530277901 1.3858493839998633
29 348 -0.34930187207312224 -0.041574142324901794 0.18169952167905168 0.40595482609364414 0.5663789290648035 0.6199319127618058 0.770246300469988 0.864488690383164 0.9576157354773212 1.0099697157838405 1.150909597669834 1.3311803530277901 1.3858493839998633
30 360 -0.34930187207312224 -0.041574142324901794 0.18169952167905168 0.40595482609364414 0.5663789290648035 0.6199319127618058 0.770246300469988 0.864488690383164 0.9576157354773212 1.0099697157838405 1.150909597669834 1.3311803530277901 1.3858493839998633
31 372 -0.34930187207312224 -0.041574142324901794 0.18169952167905168 0.40595482609364414 0.5663789290648035 0.6199319127618058 0.770246300469988 0.864488690383164 0.9576157354773212 1.0099697157838405 1.150909597669834 1.3311803530277901 1.3858493839998633
32 384 -0.34930187207312224 -0.041574142324901794 0.18169952167905168 0.40595482609364414 0.5663789290648035 0.6199319127618058 0.770246300469988 0.864488690383164 0.9576157354773212 1.0099697157838405 1.150909597669834 1.3311803530277901 1.3858493839998633
33 396 -0.34930187207312224 -0.041574142324901794 0.18169952167905168 0.40595482609364414 0.5663789290648035 0.6199319127618058 0.770246300469988 0.864488690383164 0.9576157354773212 1.0099697157838405 1.150909597669834 1.3311803530277901 1.3858493839998633
34 408 -0.34930187207312224 -0.041574142324901794 0.18169952167905168 0.40595482609364414 0.5663789290648035 0.6199319127618058 0.770246300469988 0.864488690383164 0.9576157354773212 1.0099697157838405 1.150909597669834 1.3311803530277901 1.3858493839998633
35 420 -0.34930187207312224 -0.041574142324901794 0.18169952167905168 0.40595482609364414 0.5663789290648035 0.6199319127618058 0.770246300469988 0.864488690383164 0.9576157354773212 1.0099697157838405 1.150909597669834 1.3311803530277901 1.3858493839998633
36 432 -0.34930187207312224 -0.041574142324901794 0.18169952167905168 0.40595482609364414 0.5663789290648035 0.6199319127618058 0.770246300469988 0.864488690383164 0.9576157354773212 1.0099697157838405 1.150909597669834 1.3311803530277901 1.3858493839998633
37 444 -0.4721633715598614 -0.08083840434543349 0.26801021232575756 0.5196880650760266 0.4466659279769494 0.5863938422182129 0.725627114233418 0.7877254685803461 0.870140471375486 1.043889909421784 1.0797669876603833 1.4539879870396692 1.4774157474513354
38 456 -0.4721633715598614 -0.08083840434543349 0.26801021232575756 0.5196880650760266 0.4466659279769494 0.5863938422182129 0.725627114233418 0.7877254685803461 0.870140471375486 1.043889909421784 1.0797669876603833 1.4539879870396692 1.4774157474513354
39 468 -0.4721633715598614 -0.08083840434543349 0.26801021232575756 0.5196880650760266 0.4466659279769494 0.5863938422182129 0.725627114233418 0.7877254685803461 0.870140471375486 1.043889909421784 1.0797669876603833 1.4539879870396692 1.4774157474513354
40 480 -0.4721633715598614 -0.08083840434543349 0.26801021232575756 0.5196880650760266 0.4466659279769494 0.5863938422182129 0.725627114233418 0.7877254685803461 0.870140471375486 1.043889909421784 1.0797669876603833 1.4539879870396692 1.4774157474513354
41 492 -0.4721633715598614 -0.08083840434543349 0.26801021232575756 0.5196880650760266 0.4466659279769494 0.5863938422182129 0.725627114233418 0.7877254685803461 0.870140471375486 1.043889909421784 1.0797669876603833 1.4539879870396692 1.4774157474513354
42 504 -0.4721633715598614 -0.08083840434543349 0.26801021232575756 0.5196880650760266 0.4466659279769494 0.5863938422182129 0.725627114233418 0.7877254685803461 0.870140471375486 1.043889909421784 1.0797669876603833 1.4539879870396692 1.4774157474513354
43 516 -0.4721633715598614 -0.08083840434543349 0.26801021232575756 0.5196880650760266 0.4466659279769494 0.5863938422182129 0.725627114233418 0.7877254685803461 0.870140471375486 1.043889909421784 1.0797669876603833 1.4539879870396692 1.4774157474513354
44 528 -0.4721633715598614 -0.08083840434543349 0.26801021232575756 0.5196880650760266 0.4466659279769494 0.5863938422182129 0.725627114233418 0.7877254685803461 0.870140471375486 1.043889909421784 1.0797669876603833 1.4539879870396692 1.4774157474513354
45 540 -0.4721633715598614 -0.08083840434543349 0.26801021232575756 0.5196880650760266 0.4466659279769494 0.5863938422182129 0.725627114233418 0.7877254685803461 0.870140471375486 1.043889909421784 1.0797669876603833 1.4539879870396692 1.4774157474513354
46 552 -0.4265556051117652 -0.0630478893093093 0.25413549204956776 0.6886401891582861 0.3691435483047099 0.6322992139518782 0.6673045384733777 0.7295426939365068 0.8292727208549061 1.0564737846540788 1.2152852877275613 1.3559951515407032 1.538483529535879
47 564 -0.4265556051117652 -0.0630478893093093 0.25413549204956776 0.6886401891582861 0.3691435483047099 0.6322992139518782 0.6673045384733777 0.7295426939365068 0.8292727208549061 1.0564737846540788 1.2152852877275613 1.3559951515407032 1.538483529535879
48 576 -0.4265556051117652 -0.0630478893093093 0.25413549204956776 0.6886401891582861 0.3691435483047099 0.6322992139518782 0.6673045384733777 0.7295426939365068 0.8292727208549061 1.0564737846540788 1.2152852877275613 1.3559951515407032 1.538483529535879
49 588 -0.4265556051117652 -0.0630478893093093 0.25413549204956776 0.6886401891582861 0.3691435483047099 0.6322992139518782 0.6673045384733777 0.7295426939365068 0.8292727208549061 1.0564737846540788 1.2152852877275613 1.3559951515407032 1.538483529535879
50 600 -0.4265556051117652 -0.0630478893093093 0.25413549204956776 0.6886401891582861 0.3691435483047099 0.6322992139518782 0.6673045384733777 0.7295426939365068 0.8292727208549061 1.0564737846540788 1.2152852877275613 1.3559951515407032 1.538483529535879
51 612 -0.4265556051117652 -0.0630478893093093 0.25413549204956776 0.6886401891582861 0.3691435483047099 0.6322992139518782 0.6673045384733777 0.7295426939365068 0.8292727208549061 1.0564737846540788 1.2152852877275613 1.3559951515407032 1.538483529535879
52 624 -0.4265556051117652 -0.0630478893093093 0.25413549204956776 0.6886401891582861 0.3691435483047099 0.6322992139518782 0.6673045384733777 0.7295426939365068 0.8292727208549061 1.0564737846540788 1.2152852877275613 1.3559951515407032 1.538483529535879
53 636 -0.4265556051117652 -0.0630478893093093 0.25413549204956776 0.6886401891582861 0.3691435483047099 0.6322992139518782 0.6673045384733777 0.7295426939365068 0.8292727208549061 1.0564737846540788 1.2152852877275613 1.3559951515407032 1.538483529535879
54 648 -0.4265556051117652 -0.0630478893093093 0.25413549204956776 0.6886401891582861 0.3691435483047099 0.6322992139518782 0.6673045384733777 0.7295426939365068 0.8292727208549061 1.0564737846540788 1.2152852877275613 1.3559951515407032 1.538483529535879
55 660 -0.4210516950558709 -0.058239969974233516 0.24683878265385722 0.6697763485034243 0.3128270402389003 0.5561730363120024 0.6669147141526626 0.7233968332193729 0.7664433515752245 1.0423055313887515 1.2672837406777222 1.3213991472911573 1.6120770963339022
56 672 -0.4210516950558709 -0.058239969974233516 0.24683878265385722 0.6697763485034243 0.3128270402389003 0.5561730363120024 0.6669147141526626 0.7233968332193729 0.7664433515752245 1.0423055313887515 1.2672837406777222 1.3213991472911573 1.6120770963339022
57 684 -0.4210516950558709 -0.058239969974233516 0.24683878265385722 0.6697763485034243 0.3128270402389003 0.5561730363120024 0.6669147141526626 0.7233968332193729 0.7664433515752245 1.0423055313887515 1.2672837406777222 1.3213991472911573 1.6120770963339022
58 696 -0.4210516950558709 -0.058239969974233516 0.24683878265385722 0.6697763485034243 0.3128270402389003 0.5561730363120024 0.6669147141526626 0.7233968332193729 0.7664433515752245 1.0423055313887515 1.2672837406777222 1.3213991472911573 1.6120770963339022
59 708 -0.4210516950558709 -0.058239969974233516 0.24683878265385722 0.6697763485034243 0.3128270402389003 0.5561730363120024 0.6669147141526626 0.7233968332193729 0.7664433515752245 1.0423055313887515 1.2672837406777222 1.3213991472911573 1.6120770963339022
60 720 -0.4210516950558709 -0.058239969974233516 0.24683878265385722 0.6697763485034243 0.3128270402389003 0.5561730363120024 0.6669147141526626 0.7233968332193729 0.7664433515752245 1.0423055313887515 1.2672837406777222 1.3213991472911573 1.6120770963339022
61 732 -0.4210516950558709 -0.058239969974233516 0.24683878265385722 0.6697763485034243 0.3128270402389003 0.5561730363120024 0.6669147141526626 0.7233968332193729 0.7664433515752245 1.0423055313887515 1.2672837406777222 1.3213991472911573 1.6120770963339022
62 744 -0.4210516950558709 -0.058239969974233516 0.24683878265385722 0.6697763485034243 0.3128270402389003 0.5561730363120024 0.6669147141526626 0.7233968332193729 0.7664433515752245 1.0423055313887515 1.2672837406777222 1.3213991472911573 1.6120770963339022
63 756 -0.4210516950558709 -0.058239969974233516 0.24683878265385722 0.6697763485034243 0.3128270402389003 0.5561730363120024 0.6669147141526626 0.7233968332193729 0.7664433515752245 1.0423055313887515 1.2672837406777222 1.3213991472911573 1.6120770963339022
64 768 -0.48181941463685574 -0.13586839088712646 0.2774609188546471 0.6527447511503777 0.3228813687865174 0.5836312754804205 0.6216294143552016 0.6900446155552817 0.7377651696715403 0.9807944845302111 1.2101828128275027 1.3755987551542532 1.6821022007038817
65 780 -0.48181941463685574 -0.13586839088712646 0.2774609188546471 0.6527447511503777 0.3228813687865174 0.5836312754804205 0.6216294143552016 0.6900446155552817 0.7377651696715403 0.9807944845302111 1.2101828128275027 1.3755987551542532 1.6821022007038817
66 792 -0.48181941463685574 -0.13586839088712646 0.2774609188546471 0.6527447511503777 0.3228813687865174 0.5836312754804205 0.6216294143552016 0.6900446155552817 0.7377651696715403 0.9807944845302111 1.2101828128275027 1.3755987551542532 1.6821022007038817
67 804 -0.48181941463685574 -0.13586839088712646 0.2774609188546471 0.6527447511503777 0.3228813687865174 0.5836312754804205 0.6216294143552016 0.6900446155552817 0.7377651696715403 0.9807944845302111 1.2101828128275027 1.3755987551542532 1.6821022007038817
68 816 -0.48181941463685574 -0.13586839088712646 0.2774609188546471 0.6527447511503777 0.3228813687865174 0.5836312754804205 0.6216294143552016 0.6900446155552817 0.7377651696715403 0.9807944845302111 1.2101828128275027 1.3755987551542532 1.6821022007038817
69 828 -0.48181941463685574 -0.13586839088712646 0.2774609188546471 0.6527447511503777 0.3228813687865174 0.5836312754804205 0.6216294143552016 0.6900446155552817 0.7377651696715403 0.9807944845302111 1.2101828128275027 1.3755987551542532 1.6821022007038817
70 840 -0.48181941463685574 -0.13586839088712646 0.2774609188546471 0.6527447511503777 0.3228813687865174 0.5836312754804205 0.6216294143552016 0.6900446155552817 0.7377651696715403 0.9807944845302111 1.2101828128275027 1.3755987551542532 1.6821022007038817
71 852 -0.48181941463685574 -0.13586839088712646 0.2774609188546471 0.6527447511503777 0.3228813687865174 0.5836312754804205 0.6216294143552016 0.6900446155552817 0.7377651696715403 0.9807944845302111 1.2101828128275027 1.3755987551542532 1.6821022007038817
72 864 -0.48181941463685574 -0.13586839088712646 0.2774609188546471 0.6527447511503777 0.3228813687865174 0.5836312754804205 0.6216294143552016 0.6900446155552817 0.7377651696715403 0.9807944845302111 1.2101828128275027 1.3755987551542532 1.6821022007038817
73 876 -0.48004724409586136 -0.15127689945467007 0.29080174837195844 0.7229728390658525 0.3551851229883594 0.5880046027474921 0.662004732516951 0.6775455674375989 0.7127859497851621 0.9242590505213054 1.2364225824430415 1.3043892878488155 1.7430677079261125
74 888 -0.48004724409586136 -0.15127689945467007 0.29080174837195844 0.7229728390658525 0.3551851229883594 0.5880046027474921 0.662004732516951 0.6775455674375989 0.7127859497851621 0.9242590505213054 1.2364225824430415 1.3043892878488155 1.7430677079261125
75 900 -0.48004724409586136 -0.15127689945467007 0.29080174837195844 0.7229728390658525 0.3551851229883594 0.5880046027474921 0.662004732516951 0.6775455674375989 0.7127859497851621 0.9242590505213054 1.2364225824430415 1.3043892878488155 1.7430677079261125
76 912 -0.48004724409586136 -0.15127689945467007 0.29080174837195844 0.7229728390658525 0.3551851229883594 0.5880046027474921 0.662004732516951 0.6775455674375989 0.7127859497851621 0.9242590505213054 1.2364225824430415 1.3043892878488155 1.7430677079261125
77 924 -0.48004724409586136 -0.15127689945467007 0.29080174837195844 0.7229728390658525 0.3551851229883594 0.5880046027474921 0.662004732516951 0.6775455674375989 0.7127859497851621 0.9242590505213054 1.2364225824430415 1.3043892878488155 1.7430677079261125
78 936 -0.48004724409586136 -0.15127689945467007 0.29080174837195844 0.7229728390658525 0.3551851229883594 0.5880046027474921 0.662004732516951 0.6775455674375989 0.7127859497851621 0.9242590505213054 1.2364225824430415 1.3043892878488155 1.7430677079261125
79 948 -0.48004724409586136 -0.15127689945467007 0.29080174837195844 0.7229728390658525 0.3551851229883594 0.5880046027474921 0.662004732516951 0.6775455674375989 0.7127859497851621 0.9242590505213054 1.2364225824430415 1.3043892878488155 1.7430677079261125
80 960 -0.48004724409586136 -0.15127689945467007 0.29080174837195844 0.7229728390658525 0.3551851229883594 0.5880046027474921 0.662004732516951 0.6775455674375989 0.7127859497851621 0.9242590505213054 1.2364225824430415 1.3043892878488155 1.7430677079261125
81 972 -0.48004724409586136 -0.15127689945467007 0.29080174837195844 0.7229728390658525 0.3551851229883594 0.5880046027474921 0.662004732516951 0.6775455674375989 0.7127859497851621 0.9242590505213054 1.2364225824430415 1.3043892878488155 1.7430677079261125
82 984 -0.47764769922979466 -0.17462870546230164 0.2617717418845978 0.6471483634074382 0.36664562457468736 0.520160546110978 0.6462481505979557 0.6842240891291876 0.8053960759932725 0.9452047025920435 1.0642573769691395 1.3712762016206257 1.775975157867368
83 996 -0.47764769922979466 -0.17462870546230164 0.2617717418845978 0.6471483634074382 0.36664562457468736 0.520160546110978 0.6462481505979557 0.6842240891291876 0.8053960759932725 0.9452047025920435 1.0642573769691395 1.3712762016206257 1.775975157867368
84 1008 -0.47764769922979466 -0.17462870546230164 0.2617717418845978 0.6471483634074382 0.36664562457468736 0.520160546110978 0.6462481505979557 0.6842240891291876 0.8053960759932725 0.9452047025920435 1.0642573769691395 1.3712762016206257 1.775975157867368
85 1020 -0.47764769922979466 -0.17462870546230164 0.2617717418845978 0.6471483634074382 0.36664562457468736 0.520160546110978 0.6462481505979557 0.6842240891291876 0.8053960759932725 0.9452047025920435 1.0642573769691395 1.3712762016206257 1.775975157867368
86 1032 -0.47764769922979466 -0.17462870546230164 0.2617717418845978 0.6471483634074382 0.36664562457468736 0.520160546110978 0.6462481505979557 0.6842240891291876 0.8053960759932725 0.9452047025920435 1.0642573769691395 1.3712762016206257 1.775975157867368
87 1044 -0.47764769922979466 -0.17462870546230164 0.2617717418845978 0.6471483634074382 0.36664562457468736 0.520160546110978 0.6462481505979557 0.6842240891291876 0.8053960759932725 0.9452047025920435 1.0642573769691395 1.3712762016206257 1.775975157867368
88 1056 -0.47764769922979466 -0.17462870546230164 0.2617717418845978 0.6471483634074382 0.36664562457468736 0.520160546110978 0.6462481505979557 0.6842240891291876 0.8053960759932725 0.9452047025920435 1.0642573769691395 1.3712762016206257 1.775975157867368
89 1068 -0.47764769922979466 -0.17462870546230164 0.2617717418845978 0.6471483634074382 0.36664562457468736 0.520160546110978 0.6462481505979557 0.6842240891291876 0.8053960759932725 0.9452047025920435 1.0642573769691395 1.3712762016206257 1.775975157867368
90 1080 -0.47764769922979466 -0.17462870546230164 0.2617717418845978 0.6471483634074382 0.36664562457468736 0.520160546110978 0.6462481505979557 0.6842240891291876 0.8053960759932725 0.9452047025920435 1.0642573769691395 1.3712762016206257 1.775975157867368
91 1092 -0.5270247299876409 -0.25428312126588937 0.23472211630532502 0.6068313051714265 0.3976208057080196 0.577200923750165 0.6433240382954049 0.6738514623454401 0.7333172534291793 0.9525488205754745 0.9752322771156631 1.3781934323270577 1.8289878610701562
92 1104 -0.5270247299876409 -0.25428312126588937 0.23472211630532502 0.6068313051714265 0.3976208057080196 0.577200923750165 0.6433240382954049 0.6738514623454401 0.7333172534291793 0.9525488205754745 0.9752322771156631 1.3781934323270577 1.8289878610701562
93 1116 -0.5270247299876409 -0.25428312126588937 0.23472211630532502 0.6068313051714265 0.3976208057080196 0.577200923750165 0.6433240382954049 0.6738514623454401 0.7333172534291793 0.9525488205754745 0.9752322771156631 1.3781934323270577 1.8289878610701562
94 1128 -0.5270247299876409 -0.25428312126588937 0.23472211630532502 0.6068313051714265 0.3976208057080196 0.577200923750165 0.6433240382954049 0.6738514623454401 0.7333172534291793 0.9525488205754745 0.9752322771156631 1.3781934323270577 1.8289878610701562
95 1140 -0.5270247299876409 -0.25428312126588937 0.23472211630532502 0.6068313051714265 0.3976208057080196 0.577200923750165 0.6433240382954049 0.6738514623454401 0.7333172534291793 0.9525488205754745 0.9752322771156631 1.3781934323270577 1.8289878610701562
96 1152 -0.5270247299876409 -0.25428312126588937 0.23472211630532502 0.6068313051714265 0.3976208057080196 0.577200923750165 0.6433240382954049 0.6738514623454401 0.7333172534291793 0.9525488205754745 0.9752322771156631 1.3781934323270577 1.8289878610701562
97 1164 -0.5270247299876409 -0.25428312126588937 0.23472211630532502 0.6068313051714265 0.3976208057080196 0.577200923750165 0.6433240382954049 0.6738514623454401 0.7333172534291793 0.9525488205754745 0.9752322771156631 1.3781934323270577 1.8289878610701562
98 1176 -0.5270247299876409 -0.25428312126588937 0.23472211630532502 0.6068313051714265 0.3976208057080196 0.577200923750165 0.6433240382954049 0.6738514623454401 0.7333172534291793 0.9525488205754745 0.9752322771156631 1.3781934323270577 1.8289878610701562
99 1188 -0.5270247299876409 -0.25428312126588937 0.23472211630532502 0.6068313051714265 0.3976208057080196 0.577200923750165 0.6433240382954049 0.6738514623454401 0.7333172534291793 0.9525488205754745 0.9752322771156631 1.3781934323270577 1.8289878610701562
100 1200 -0.4761857971629082 -0.3016916555937251 0.16092675382638827 0.5239470631681972 0.39977339161744246 0.6451282692827482 0.6790225765259921 0.7073730129921348 0.8246648449689667 0.973689183456442 1.0141266761956964 1.3655464177915728 1.715001412699848
101 1212 -0.4761857971629082 -0.3016916555937251 0.16092675382638827 0.5239470631681972 0.39977339161744246 0.6451282692827482 0.6790225765259921 0.7073730129921348 0.8246648449689667 0.973689183456442 1.0141266761956964 1.3655464177915728 1.715001412699848
102 1224 -0.4761857971629082 -0.3016916555937251 0.16092675382638827 0.5239470631681972 0.39977339161744246 0.6451282692827482 0.6790225765259921 0.7073730129921348 0.8246648449689667 0.973689183456442 1.0141266761956964 1.3655464177915728 1.715001412699848
103 1236 -0.4761857971629082 -0.3016916555937251 0.16092675382638827 0.5239470631681972 0.39977339161744246 0.6451282692827482 0.6790225765259921 0.7073730129921348 0.8246648449689667 0.973689183456442 1.0141266761956964 1.3655464177915728 1.715001412699848
104 1248 -0.4761857971629082 -0.3016916555937251 0.16092675382638827 0.5239470631681972 0.39977339161744246 0.6451282692827482 0.6790225765259921 0.7073730129921348 0.8246648449689667 0.973689183456442 1.0141266761956964 1.3655464177915728 1.715001412699848
105 1260 -0.4761857971629082 -0.3016916555937251 0.16092675382638827 0.5239470631681972 0.39977339161744246 0.6451282692827482 0.6790225765259921 0.7073730129921348 0.8246648449689667 0.973689183456442 1.0141266761956964 1.3655464177915728 1.715001412699848
106 1272 -0.4761857971629082 -0.3016916555937251 0.16092675382638827 0.5239470631681972 0.39977339161744246 0.6451282692827482 0.6790225765259921 0.7073730129921348 0.8246648449689667 0.973689183456442 1.0141266761956964 1.3655464177915728 1.715001412699848
107 1284 -0.4761857971629082 -0.3016916555937251 0.16092675382638827 0.5239470631681972 0.39977339161744246 0.6451282692827482 0.6790225765259921 0.7073730129921348 0.8246648449689667 0.973689183456442 1.0141266761956964 1.3655464177915728 1.715001412699848
108 1296 -0.4761857971629082 -0.3016916555937251 0.16092675382638827 0.5239470631681972 0.39977339161744246 0.6451282692827482 0.6790225765259921 0.7073730129921348 0.8246648449689667 0.973689183456442 1.0141266761956964 1.3655464177915728 1.715001412699848
109 1308 -0.682334203401596 -0.15868853978200226 0.12747636122736175 0.485815541004577 0.4112098640403306 0.5097580638609316 0.6878354268084375 0.7858539326740362 0.9003167310327629 1.013678345398296 1.0393422700642139 1.3140207003714546 1.6838564151134816
