% # columns="iteration, evaluation, sigma, beta, void,  sigvec==sigma_vec.scaling factors from diagonal decoding", seed=12345, Sun Apr 12 22:00:05 2026, <python>{}</python>
1 12 19.44744420565598 1 0 0.00045 0.23 0.0011 0.42 0.42 0.7 0.13 0.13 0.37
2 24 21.47631981147302 1 0 0.00045 0.23 0.0011 0.42 0.42 0.7 0.13 0.13 0.37
3 36 25.171337427705485 1 0 0.00045 0.23 0.0011 0.42 0.42 0.7 0.13 0.13 0.37
4 48 30.917730122660053 1 0 0.00045 0.23 0.0011 0.42 0.42 0.7 0.13 0.13 0.37
5 60 36.76984361319809 1 0 0.00045 0.23 0.0011 0.42 0.42 0.7 0.13 0.13 0.37
6 72 42.51709225608151 1 0 0.00045 0.23 0.0011 0.42 0.42 0.7 0.13 0.13 0.37
7 84 53.06345940448243 1 0 0.00045 0.23 0.0011 0.42 0.42 0.7 0.13 0.13 0.37
8 96 64.55092310321068 1 0 0.00045 0.23 0.0011 0.42 0.42 0.7 0.13 0.13 0.37
9 108 73.72302971977174 1 0 0.00045 0.23 0.0011 0.42 0.42 0.7 0.13 0.13 0.37
10 120 77.48944671575067 1 0 0.00045 0.23 0.0011 0.42 0.42 0.7 0.13 0.13 0.37
11 132 83.89779645860018 1 0 0.00045 0.23 0.0011 0.42 0.42 0.7 0.13 0.13 0.37
12 144 91.49825811226862 1 0 0.00045 0.23 0.0011 0.42 0.42 0.7 0.13 0.13 0.37
13 156 105.44697603885771 1 0 0.00045 0.23 0.0011 0.42 0.42 0.7 0.13 0.13 0.37
14 168 122.92907317442125 1 0 0.00045 0.23 0.0011 0.42 0.42 0.7 0.13 0.13 0.37
15 180 137.0231212228915 1 0 0.00045 0.23 0.0011 0.42 0.42 0.7 0.13 0.13 0.37
16 192 142.7832141012179 1 0 0.00045 0.23 0.0011 0.42 0.42 0.7 0.13 0.13 0.37
17 204 148.45588257982504 1 0 0.00045 0.23 0.0011 0.42 0.42 0.7 0.13 0.13 0.37
18 216 165.2808019171562 1 0 0.00045 0.23 0.0011 0.42 0.42 0.7 0.13 0.13 0.37
19 228 200.4537877321102 1 0 0.00045 0.23 0.0011 0.42 0.42 0.7 0.13 0.13 0.37
20 240 242.39734753521657 1 0 0.00045 0.23 0.0011 0.42 0.42 0.7 0.13 0.13 0.37
21 252 272.60833379718997 1 0 0.00045 0.23 0.0011 0.41227700646876764 0.42 0.6937788517939061 0.13 0.13 0.37
22 264 294.3129032205905 1 0 0.00045 0.23 0.0011 0.39555597493839656 0.42 0.6535466211838611 0.13 0.13 0.37
23 276 289.3127813369894 1 0 0.00045 0.23 0.0011 0.39555597493839656 0.42 0.6535466211838611 0.13 0.13 0.37
24 288 306.0095003815944 1 0 0.00045 0.23 0.0011 0.3902972366931799 0.42 0.6159532812740297 0.13 0.13 0.37
25 300 336.91377610173043 1 0 0.0004391506462909291 0.23 0.0010783465883306101 0.3616384497447349 0.4178374217629841 0.560746475423227 0.1267670151905901 0.13 0.37
26 312 341.06009645721963 1 0 0.0004391506462909291 0.23 0.0010783465883306101 0.35971311912089904 0.41766802547537896 0.5341158357723325 0.12629828787709088 0.13 0.37
27 324 342.99705206628806 1 0 0.0004391506462909291 0.23 0.0010783465883306101 0.35971311912089904 0.41766802547537896 0.5254530961696428 0.12629828787709088 0.13 0.37
28 336 352.56189544508453 1 0 0.0004391506462909291 0.23 0.001072111431172979 0.35971311912089904 0.4100240240183101 0.5197551273801451 0.12346799445771471 0.13 0.37
29 348 350.4763646597797 1 0 0.0004391506462909291 0.23 0.001072111431172979 0.35971311912089904 0.4100240240183101 0.5197551273801451 0.12346799445771471 0.13 0.37
30 360 326.5406610235643 1 0 0.0004391506462909291 0.23 0.001072111431172979 0.35971311912089904 0.4100240240183101 0.5197551273801451 0.12346799445771471 0.13 0.37
31 372 302.51807572942505 1 0 0.0004391506462909291 0.23 0.001072111431172979 0.35971311912089904 0.4100240240183101 0.5197551273801451 0.12346799445771471 0.13 0.37
32 384 273.89098484632785 1 0 0.0004391506462909291 0.23 0.001072111431172979 0.35971311912089904 0.4100240240183101 0.5197551273801451 0.12346799445771471 0.13 0.37
33 396 253.9338776855098 1 0 0.0004391506462909291 0.23 0.001072111431172979 0.35971311912089904 0.4100240240183101 0.5197551273801451 0.12346799445771471 0.13 0.37
34 408 227.32078246623882 1 0 0.0004391506462909291 0.23 0.001072111431172979 0.35971311912089904 0.4100240240183101 0.5197551273801451 0.12346799445771471 0.13 0.37
35 420 226.3802964172703 1 0 0.0004391506462909291 0.23 0.001072111431172979 0.35971311912089904 0.4100240240183101 0.5197551273801451 0.12346799445771471 0.13 0.37
36 432 202.27243782382965 1 0 0.0004391506462909291 0.23 0.001072111431172979 0.35971311912089904 0.4100240240183101 0.5197551273801451 0.12346799445771471 0.13 0.37
37 444 206.49095055185342 1 0 0.0004391506462909291 0.23 0.001072111431172979 0.35971311912089904 0.4100240240183101 0.5197551273801451 0.12346799445771471 0.13 0.37
38 456 204.78930797333447 1 0 0.0004391506462909291 0.23 0.001072111431172979 0.35971311912089904 0.4100240240183101 0.5197551273801451 0.12346799445771471 0.13 0.37
39 468 186.56120031361297 1 0 0.0004391506462909291 0.23 0.001072111431172979 0.35971311912089904 0.4100240240183101 0.5197551273801451 0.12346799445771471 0.13 0.37
40 480 181.79877387707765 1 0 0.0004391506462909291 0.23 0.001072111431172979 0.35971311912089904 0.4100240240183101 0.5197551273801451 0.12346799445771471 0.13 0.37
41 492 170.92706495058354 1 0 0.0004391506462909291 0.23 0.001072111431172979 0.35971311912089904 0.4100240240183101 0.5197551273801451 0.12346799445771471 0.13 0.37
42 504 153.2991321446034 1 0 0.0004391506462909291 0.23 0.001072111431172979 0.35971311912089904 0.4100240240183101 0.5197551273801451 0.12346799445771471 0.13 0.37
43 516 164.0998413680449 1 0 0.0004391506462909291 0.23 0.001072111431172979 0.35971311912089904 0.4100240240183101 0.5197551273801451 0.12346799445771471 0.13 0.37
44 528 176.1289177958649 1 0 0.0004391506462909291 0.23 0.001072111431172979 0.35971311912089904 0.4100240240183101 0.5197551273801451 0.12346799445771471 0.13 0.37
45 540 170.9665235068347 1 0 0.0004391506462909291 0.23 0.001072111431172979 0.35971311912089904 0.4100240240183101 0.5197551273801451 0.12346799445771471 0.13 0.37
46 552 177.97513085924643 1 0 0.0004391506462909291 0.23 0.001072111431172979 0.35971311912089904 0.4100240240183101 0.5197551273801451 0.12346799445771471 0.13 0.37
47 564 176.8249066280103 1 0 0.0004391506462909291 0.23 0.001072111431172979 0.35971311912089904 0.4100240240183101 0.5197551273801451 0.12346799445771471 0.13 0.37
48 576 181.8702309368999 1 0 0.0004391506462909291 0.23 0.001072111431172979 0.35971311912089904 0.4100240240183101 0.5197551273801451 0.12346799445771471 0.13 0.37
49 588 177.72455001875028 1 0 0.0004391506462909291 0.23 0.001072111431172979 0.35971311912089904 0.4100240240183101 0.5197551273801451 0.12346799445771471 0.13 0.37
50 600 171.9123052921298 1 0 0.0004391506462909291 0.23 0.001072111431172979 0.35971311912089904 0.4100240240183101 0.5197551273801451 0.12346799445771471 0.13 0.37
51 612 163.9554481750515 1 0 0.0004391506462909291 0.23 0.001072111431172979 0.35971311912089904 0.4100240240183101 0.5197551273801451 0.12346799445771471 0.13 0.37
52 624 168.66941554628946 1 0 0.0004391506462909291 0.23 0.001072111431172979 0.35971311912089904 0.4100240240183101 0.5197551273801451 0.12346799445771471 0.13 0.37
53 636 151.87717759568588 1 0 0.0004391506462909291 0.23 0.001072111431172979 0.35971311912089904 0.4100240240183101 0.5197551273801451 0.12346799445771471 0.13 0.37
54 648 138.43522586015771 1 0 0.0004391506462909291 0.23 0.001072111431172979 0.35971311912089904 0.4100240240183101 0.5197551273801451 0.12346799445771471 0.13 0.37
55 660 140.79711753170892 1 0 0.0004391506462909291 0.23 0.001072111431172979 0.35971311912089904 0.4100240240183101 0.5197551273801451 0.12346799445771471 0.13 0.37
56 672 133.40924397582174 1 0 0.0004391506462909291 0.23 0.001072111431172979 0.35971311912089904 0.4100240240183101 0.5197551273801451 0.12346799445771471 0.13 0.37
57 684 126.5249688555012 1 0 0.0004391506462909291 0.23 0.001072111431172979 0.35971311912089904 0.4100240240183101 0.5197551273801451 0.12346799445771471 0.13 0.37
58 696 109.48322519700044 1 0 0.0004391506462909291 0.23 0.001072111431172979 0.35971311912089904 0.4100240240183101 0.5197551273801451 0.12346799445771471 0.13 0.37
59 708 105.34709648262113 1 0 0.0004391506462909291 0.23 0.001072111431172979 0.35971311912089904 0.4100240240183101 0.5197551273801451 0.12346799445771471 0.13 0.37
60 720 101.34519437750048 1 0 0.0004391506462909291 0.23 0.001072111431172979 0.35971311912089904 0.4100240240183101 0.5197551273801451 0.12346799445771471 0.13 0.37
61 732 103.12216306998437 1 0 0.0004391506462909291 0.23 0.001072111431172979 0.35971311912089904 0.4100240240183101 0.5197551273801451 0.12346799445771471 0.13 0.37
62 744 97.69754493886325 1 0 0.0004391506462909291 0.23 0.001072111431172979 0.35971311912089904 0.4100240240183101 0.5197551273801451 0.12346799445771471 0.13 0.37
63 756 102.79722484595877 1 0 0.0004391506462909291 0.23 0.001072111431172979 0.35971311912089904 0.4100240240183101 0.5197551273801451 0.12346799445771471 0.13 0.37
64 768 106.68859259217437 1 0 0.0004391506462909291 0.23 0.001072111431172979 0.35971311912089904 0.4100240240183101 0.5197551273801451 0.12346799445771471 0.13 0.37
65 780 100.02969359556828 1 0 0.0004391506462909291 0.23 0.001072111431172979 0.35971311912089904 0.4100240240183101 0.5197551273801451 0.12346799445771471 0.13 0.37
66 792 90.49461495936795 1 0 0.0004391506462909291 0.23 0.001072111431172979 0.35971311912089904 0.4100240240183101 0.5197551273801451 0.12346799445771471 0.13 0.37
67 804 81.99972975397795 1 0 0.0004391506462909291 0.23 0.001072111431172979 0.35971311912089904 0.4100240240183101 0.5197551273801451 0.12346799445771471 0.13 0.37
68 816 81.84119891384152 1 0 0.0004391506462909291 0.23 0.001072111431172979 0.35971311912089904 0.4100240240183101 0.5197551273801451 0.12346799445771471 0.13 0.37
69 828 92.32763153293176 1 0 0.0004391506462909291 0.23 0.001072111431172979 0.35971311912089904 0.4100240240183101 0.5197551273801451 0.12346799445771471 0.13 0.37
70 840 93.62898120352293 1 0 0.0004391506462909291 0.23 0.001072111431172979 0.35971311912089904 0.4100240240183101 0.5197551273801451 0.12346799445771471 0.13 0.37
71 852 91.16393041146193 1 0 0.0004391506462909291 0.23 0.001072111431172979 0.35971311912089904 0.4100240240183101 0.5197551273801451 0.12346799445771471 0.13 0.37
72 864 82.73144423711918 1 0 0.0004391506462909291 0.23 0.001072111431172979 0.35971311912089904 0.4100240240183101 0.5197551273801451 0.12346799445771471 0.13 0.37
73 876 83.65436214264784 1 0 0.0004391506462909291 0.23 0.001072111431172979 0.35971311912089904 0.4100240240183101 0.5197551273801451 0.12346799445771471 0.13 0.37
74 888 82.17046505591227 1 0 0.0004391506462909291 0.23 0.001072111431172979 0.35971311912089904 0.4100240240183101 0.5197551273801451 0.12346799445771471 0.13 0.37
75 900 79.87314433032073 1 0 0.0004391506462909291 0.23 0.001072111431172979 0.35971311912089904 0.4100240240183101 0.5197551273801451 0.12346799445771471 0.13 0.37
76 912 75.53215685292653 1 0 0.0004391506462909291 0.23 0.001072111431172979 0.35971311912089904 0.4100240240183101 0.5197551273801451 0.12346799445771471 0.13 0.37
77 924 69.59470292868899 1 0 0.0004391506462909291 0.23 0.001072111431172979 0.35971311912089904 0.4100240240183101 0.5197551273801451 0.12346799445771471 0.13 0.37
78 936 69.14740672550354 1 0 0.0004391506462909291 0.23 0.001072111431172979 0.35971311912089904 0.4100240240183101 0.5197551273801451 0.12346799445771471 0.13 0.37
79 948 69.82466144203148 1 0 0.0004391506462909291 0.23 0.001072111431172979 0.35971311912089904 0.4100240240183101 0.5197551273801451 0.12346799445771471 0.13 0.37
80 960 68.74342108763138 1 0 0.0004391506462909291 0.23 0.001072111431172979 0.35971311912089904 0.4100240240183101 0.5197551273801451 0.12346799445771471 0.13 0.37
81 972 71.94142579354599 1 0 0.0004391506462909291 0.23 0.001072111431172979 0.35971311912089904 0.4100240240183101 0.5197551273801451 0.12346799445771471 0.13 0.37
82 984 70.26589995513982 1 0 0.0004391506462909291 0.23 0.001072111431172979 0.35971311912089904 0.4100240240183101 0.5197551273801451 0.12346799445771471 0.13 0.37
83 996 72.92683535461259 1 0 0.0004391506462909291 0.23 0.001072111431172979 0.35971311912089904 0.4100240240183101 0.5197551273801451 0.12346799445771471 0.13 0.37
84 1008 63.37262511844203 1 0 0.0004391506462909291 0.23 0.001072111431172979 0.35971311912089904 0.4100240240183101 0.5197551273801451 0.12346799445771471 0.13 0.37
85 1020 57.60915178608827 1 0 0.0004391506462909291 0.23 0.001072111431172979 0.35971311912089904 0.4100240240183101 0.5197551273801451 0.12346799445771471 0.13 0.37
86 1032 51.431105789068646 1 0 0.0004391506462909291 0.23 0.001072111431172979 0.35971311912089904 0.4100240240183101 0.5197551273801451 0.12346799445771471 0.13 0.37
87 1044 49.69509077798918 1 0 0.0004391506462909291 0.23 0.001072111431172979 0.35971311912089904 0.4100240240183101 0.5197551273801451 0.12346799445771471 0.13 0.37
88 1056 48.021918245309486 1 0 0.0004391506462909291 0.23 0.001072111431172979 0.35971311912089904 0.4100240240183101 0.5197551273801451 0.12346799445771471 0.13 0.37
89 1068 47.77772825932696 1 0 0.0004391506462909291 0.23 0.001072111431172979 0.35971311912089904 0.4100240240183101 0.5197551273801451 0.12346799445771471 0.13 0.37
90 1080 45.19761959880788 1 0 0.0004391506462909291 0.23 0.001072111431172979 0.35971311912089904 0.4100240240183101 0.5197551273801451 0.12346799445771471 0.13 0.37
91 1092 41.657314566129 1 0 0.0004391506462909291 0.23 0.001072111431172979 0.35971311912089904 0.4100240240183101 0.5197551273801451 0.12346799445771471 0.13 0.37
92 1104 41.684081183478554 1 0 0.0004391506462909291 0.23 0.001072111431172979 0.35971311912089904 0.4100240240183101 0.5197551273801451 0.12346799445771471 0.13 0.37
93 1116 38.320171077659225 1 0 0.0004391506462909291 0.23 0.001072111431172979 0.35971311912089904 0.4100240240183101 0.5197551273801451 0.12346799445771471 0.13 0.37
94 1128 36.67864622123521 1 0 0.0004391506462909291 0.23 0.001072111431172979 0.35971311912089904 0.4100240240183101 0.5197551273801451 0.12346799445771471 0.13 0.37
95 1140 36.39416380001669 1 0 0.0004391506462909291 0.23 0.001072111431172979 0.35971311912089904 0.4100240240183101 0.5197551273801451 0.12346799445771471 0.13 0.37
96 1152 32.67177441910736 1 0 0.0004391506462909291 0.23 0.001072111431172979 0.35971311912089904 0.4100240240183101 0.5197551273801451 0.12346799445771471 0.13 0.37
97 1164 31.28213766898479 1 0 0.0004391506462909291 0.23 0.001072111431172979 0.35971311912089904 0.4100240240183101 0.5197551273801451 0.12346799445771471 0.13 0.37
98 1176 29.81959060309586 1 0 0.0004391506462909291 0.23 0.001072111431172979 0.35971311912089904 0.4100240240183101 0.5197551273801451 0.12346799445771471 0.13 0.37
99 1188 29.645207230821317 1 0 0.0004391506462909291 0.23 0.001072111431172979 0.35971311912089904 0.4100240240183101 0.5197551273801451 0.12346799445771471 0.13 0.37
100 1200 25.108007543978985 1 0 0.0004391506462909291 0.23 0.001072111431172979 0.35971311912089904 0.4100240240183101 0.5197551273801451 0.12346799445771471 0.13 0.37
101 1212 21.78626871618961 1 0 0.0004391506462909291 0.23 0.001072111431172979 0.35971311912089904 0.4100240240183101 0.5197551273801451 0.12346799445771471 0.13 0.37
102 1224 21.231223902081883 1 0 0.0004391506462909291 0.23 0.001072111431172979 0.35971311912089904 0.4100240240183101 0.5197551273801451 0.12346799445771471 0.13 0.37
103 1236 22.455513734978332 1 0 0.0004391506462909291 0.23 0.001072111431172979 0.35971311912089904 0.4100240240183101 0.5197551273801451 0.12346799445771471 0.13 0.37
104 1248 20.546816624557785 1 0 0.0004391506462909291 0.23 0.001072111431172979 0.35971311912089904 0.4100240240183101 0.5197551273801451 0.12346799445771471 0.13 0.37
105 1260 18.154827129840086 1 0 0.0004391506462909291 0.23 0.001072111431172979 0.35971311912089904 0.4100240240183101 0.5197551273801451 0.12346799445771471 0.13 0.37
106 1272 16.97581146287354 1 0 0.0004391506462909291 0.23 0.001072111431172979 0.35971311912089904 0.4100240240183101 0.5197551273801451 0.12346799445771471 0.13 0.37
107 1284 16.748874116741042 1 0 0.0004391506462909291 0.23 0.001072111431172979 0.35971311912089904 0.4100240240183101 0.5197551273801451 0.12346799445771471 0.13 0.37
108 1296 16.196012963813224 1 0 0.0004391506462909291 0.23 0.001072111431172979 0.35971311912089904 0.4100240240183101 0.5197551273801451 0.12346799445771471 0.13 0.37
109 1308 16.531568736336926 1 0 0.0004391506462909291 0.23 0.001072111431172979 0.35971311912089904 0.4100240240183101 0.5197551273801451 0.12346799445771471 0.13 0.37
