% # columns="iteration, evaluation, sigma, max axis length,  min axis length, all principal axes lengths  (sorted square roots of eigenvalues of C)", seed=49380, Wed Apr  8 02:31:08 2026
1 12 20.508292459019867 1.0000444454321133 1.0 1.0 1.0000055555709877 1.0000111111728396 1.0000166668055563 1.0000222224691375 1.0000277781635838 1.0000333338888951 1.0000388896450716 1.0000444454321133
2 24 19.707742151269603 1.165858626142629 0.9271671614799879 0.9271671614799879 0.9406560815111241 0.9574501020329712 0.984928824685655 0.9904284619818812 1.0005857129403468 1.002117998407635 1.0109697832329634 1.165858626142629
3 36 19.99953578678126 1.1488313537691297 0.8948202109625665 0.8948202109625665 0.9159540040752066 0.941980413483068 0.9605468371946114 0.9849430184708399 1.009006655074738 1.0161083993799656 1.0392251556204077 1.1488313537691297
4 48 19.193470182660384 1.156129519763163 0.8442395938529234 0.8442395938529234 0.9099349225821983 0.9303528418639547 0.9425850053911794 0.9710750079031368 1.0071714025715737 1.0304109592285382 1.084019136701973 1.156129519763163
5 60 17.77263360898785 1.1872404873530435 0.7851880657192091 0.7851880657192091 0.8827991265973489 0.9114190511801309 0.9399491781285938 0.9874422797238795 1.0226555002174331 1.0430745649725184 1.0960338984024394 1.1872404873530435
6 72 15.265799745372938 1.188007568036979 0.7731578846370329 0.7731578846370329 0.849792178138233 0.8962060477299195 0.9195909620351845 0.9584498676694055 1.038542652315415 1.0541909941272374 1.0904920422210964 1.188007568036979
7 84 14.190640520644287 1.149388862671589 0.7630270412954273 0.7630270412954273 0.8061828045344904 0.8916688132266988 0.9112133804144953 0.9363702828373204 1.0346855877674457 1.051433262291479 1.1006483547915455 1.149388862671589
8 96 14.769077766428268 1.1436339347276354 0.7480121665046331 0.7480121665046331 0.7956506416412193 0.8989673737134745 0.9097143452383659 0.9279526026210334 1.0015793939082192 1.0551823904133297 1.0833722279126479 1.1436339347276354
9 108 14.457464614594615 1.214167337705217 0.7256051964246836 0.7256051964246836 0.7780159838569259 0.8662373331419353 0.9021938581280281 0.9412820150596645 0.9739072643119878 1.0544998837963702 1.1201308473837361 1.214167337705217
10 120 14.65249739068617 1.2264572466929584 0.7274769763557672 0.7274769763557672 0.7922975858721262 0.8573171922903472 0.8652304437714633 0.9196373161536548 0.9597206786318033 1.0314223436994507 1.107627773258347 1.2264572466929584
11 132 15.770294325133523 1.2756813677209244 0.6787502670172172 0.6787502670172172 0.779066235795762 0.8495207153959634 0.8688513575005601 0.9233471645811375 0.948148494796217 1.0619107489486725 1.120045308268511 1.2756813677209244
12 144 18.04009249122396 1.3575567485700608 0.6443039291011574 0.6443039291011574 0.7678440844413355 0.8300532731192762 0.86248742595264 0.9124834011081278 0.9385984502982433 1.0561818227910769 1.1351288047501888 1.3575567485700608
13 156 18.211336488185495 1.4519170060481825 0.6317862993852212 0.6317862993852212 0.7772574143217686 0.8082586298995128 0.8551849762042352 0.8595742787118148 0.9466214316234969 1.1170216547019591 1.1418756358917126 1.4519170060481825
14 168 17.886750128608057 1.4802274421436945 0.6039636222623652 0.6039636222623652 0.7538589607902213 0.7869693946407342 0.8418228616630398 0.8713724845064413 0.9488956377078385 1.087498619838688 1.1296049811183775 1.4802274421436945
15 180 17.79002975038164 1.5016454540507345 0.5869670514530566 0.5869670514530566 0.7485757365037456 0.7900997759180375 0.815362193522227 0.8702147863698151 0.9131859768250686 1.0666132133531232 1.1346717504429602 1.5016454540507345
16 192 20.62801561189159 1.5073004242709052 0.5749059412650073 0.5749059412650073 0.7446038097020009 0.7750904508474132 0.8143820975441619 0.8278086379073334 0.920217814737197 1.076251409704186 1.120934947150323 1.5073004242709052
17 204 21.599436117952706 1.6388390751230482 0.5710360329176274 0.5710360329176274 0.707602389164306 0.776369556603304 0.8193784840645918 0.8388157342787564 0.9302103167467851 1.1043740815096676 1.1287732834435433 1.6388390751230482
18 216 21.970511408832984 1.7197065985181916 0.5553926683496008 0.5553926683496008 0.6876959514310232 0.7744538068761704 0.8046892332526621 0.8186451945133274 0.9015553215274397 1.0610748702761614 1.1389290844196795 1.7197065985181916
19 228 21.860203058622552 1.6949170479825897 0.543354918157413 0.543354918157413 0.6799015306762376 0.7728225967147053 0.7975187178334687 0.8243176167105748 0.8921449120643836 1.054928557598761 1.1320616008007451 1.6949170479825897
20 240 21.352255461411115 1.742851554797232 0.5331193891795599 0.5331193891795599 0.6806061387596795 0.7552457646570452 0.801074416906179 0.8167767590401288 0.8773568102977644 1.0610839697537309 1.105414381764292 1.742851554797232
21 252 21.53365053722839 1.740105948013496 0.5145342020541358 0.5145342020541358 0.7084795259225615 0.7345554344247919 0.770010791492257 0.813726040303595 0.871761131748604 1.0400000177336366 1.1030207419984301 1.740105948013496
22 264 21.83429523723726 1.7408344859615221 0.47828101258515265 0.47828101258515265 0.6861502881237331 0.7259505078127106 0.7741668835403279 0.8029473542296507 0.8874284727714398 1.0471290515115486 1.1046267043642388 1.7408344859615221
23 276 20.381772327482512 1.6906267146705714 0.4678255394569379 0.4678255394569379 0.6567722559444915 0.7248494920532422 0.7588487856297366 0.8240532723641928 0.8776136816909597 1.0188971122736779 1.109116632065336 1.6906267146705714
24 288 19.360873601589088 1.713843411703229 0.4612262043193968 0.4612262043193968 0.6574307698790293 0.725918834244479 0.7342756934379939 0.826929456912869 0.8489997492242586 0.9917527460584643 1.1206776796265758 1.713843411703229
25 300 18.57666584425357 1.6820836974356288 0.4517712325897822 0.4517712325897822 0.6438178829899938 0.6896566548273125 0.7166424306686136 0.8137927002294932 0.85946130258221 0.9771076102736153 1.131914201047754 1.6820836974356288
26 312 17.534337712142438 1.6783195896602403 0.46028492705280644 0.46028492705280644 0.6220893260714236 0.6702629633630698 0.7183378928350279 0.8097648424925592 0.8551365463281447 0.9985025290129356 1.0862234024902508 1.6783195896602403
27 324 17.195685387941754 1.6700616889848292 0.44429203236471726 0.44429203236471726 0.6110935973431871 0.6594656733760842 0.7106183429342487 0.8026248989804752 0.8721725801593349 0.9857949789992748 1.0539668316664375 1.6700616889848292
28 336 17.330880499344314 1.6714949062992788 0.4422066099791811 0.4422066099791811 0.6211799304742668 0.6511666461738547 0.7017993803143359 0.7959084600210896 0.8947874585457262 0.9495153430495021 1.0113592486778842 1.6714949062992788
29 348 19.434992578483037 1.7123639962420036 0.4280294944041126 0.4280294944041126 0.6017721745936607 0.641493806444026 0.6942197395253357 0.7855951235190568 0.9017331047894597 0.9430986171134318 1.0165251916617222 1.7123639962420036
30 360 21.551124544491433 1.8919105332956698 0.4189094201823937 0.4189094201823937 0.6002517800027153 0.6491650692807305 0.6984848633551132 0.7605985761599852 0.8787058102515585 0.9277578248006357 1.0101232322385494 1.8919105332956698
31 372 21.89192458945701 1.877614394552069 0.40106226869915507 0.40106226869915507 0.595857387817042 0.6245252633607388 0.6905947802083803 0.7662428941992379 0.850421026463169 0.9435125450545802 1.0599351729621014 1.877614394552069
32 384 21.84124838504106 1.927402769313241 0.38855501771647616 0.38855501771647616 0.5919989060756983 0.6186525203801365 0.6837095711712514 0.7628100098431427 0.8470059571216029 0.8947432487022342 1.0677547943121668 1.927402769313241
33 396 20.387521780689898 1.9600741388208038 0.37415451774979713 0.37415451774979713 0.5864330592254886 0.6048955637528727 0.6724352534804477 0.7594243081346475 0.8371073118097418 0.891839777265087 1.0360162810561242 1.9600741388208038
34 408 17.548651923268146 1.946256758268353 0.3697313367564634 0.3697313367564634 0.5566230452973746 0.6033712543828567 0.6642297753072067 0.7532500923724146 0.8116548917729574 0.8795298237675796 1.0386748188276052 1.946256758268353
35 420 15.981398507033397 1.9042332723208741 0.364497206535337 0.364497206535337 0.5520133398943802 0.5817981538898598 0.6775665758475626 0.7291434075518722 0.7859743732404569 0.8675798975453082 1.066283906360928 1.9042332723208741
36 432 13.701420129484166 1.8857320804669613 0.3779169874778459 0.3779169874778459 0.5426030392823833 0.545970844805051 0.6921343032273751 0.7291843752681184 0.7807559531247618 0.857186418863894 1.063250409427611 1.8857320804669613
37 444 12.969713884392768 1.8726258749922113 0.37972055838906366 0.37972055838906366 0.5282785657902311 0.5535856966686777 0.6639474919153904 0.7097302945296269 0.7598031384930227 0.8361398701995881 1.0409950107293915 1.8726258749922113
38 456 12.86180925098539 1.7740269176159147 0.3914552940847465 0.3914552940847465 0.4958865081061166 0.5215958268137694 0.676281636049749 0.7653943928805715 0.7696468483444896 0.8214981774205367 1.040133583241078 1.7740269176159147
39 468 13.382818764853383 1.7425120577591802 0.39248191581816033 0.39248191581816033 0.4889123457312593 0.526006247386599 0.6823705895431443 0.7586372969512368 0.764212180412978 0.8060201609916676 1.0423358369988742 1.7425120577591802
40 480 11.955806091630883 1.7252366734569184 0.37399832982542514 0.37399832982542514 0.4819108788643561 0.5531375387454628 0.6959610204862785 0.7301529902581371 0.7573703077742207 0.827990940057243 1.0800865780019062 1.7252366734569184
41 492 12.09454712102008 1.7430357762259925 0.3682534582261354 0.3682534582261354 0.48232896664463554 0.5407271721045885 0.6826381672101574 0.7196694412522124 0.7505127327164108 0.8070395560912915 1.0747587881137248 1.7430357762259925
42 504 11.811431778153294 1.7301927713679937 0.36724493810524317 0.36724493810524317 0.4822247415243456 0.5261129466119104 0.6647177007367316 0.6989193593007452 0.721145085154653 0.8777016432984608 1.0532591098316004 1.7301927713679937
43 516 10.928570779924714 1.738556674001631 0.3464705401651612 0.3464705401651612 0.45648098226617706 0.5219177408233036 0.6426869427489983 0.7096460108414552 0.7294920445195962 0.9115865992474114 1.0505041711495313 1.738556674001631
44 528 10.898475727770856 1.7240177873866063 0.334395721044318 0.334395721044318 0.4531635171957942 0.5110436828620057 0.6299069923701922 0.6963375389799744 0.7360354324671301 0.9160389417638819 1.0329896634518523 1.7240177873866063
45 540 11.822726549519889 1.7430764538426142 0.33215087434919033 0.33215087434919033 0.44025956190757254 0.4887051171335596 0.6330446104789449 0.7156307909089215 0.7420263732917101 0.9103970393797798 1.0115212975189822 1.7430764538426142
46 552 11.720886664930411 1.7614276754687341 0.3050632397842042 0.3050632397842042 0.43504065149900295 0.4808786566154472 0.6242714965933402 0.7198276894310975 0.8125717116509266 0.902839865730162 0.9960773988237122 1.7614276754687341
47 564 10.706399293740175 1.797772616358715 0.2879666782959727 0.2879666782959727 0.4221758510229343 0.4674706142762111 0.6308051698694375 0.704955096249135 0.8119279506453981 0.9278340332011176 0.9770412551718629 1.797772616358715
48 576 11.354925070131085 1.6514529384740755 0.273180248218875 0.273180248218875 0.4224455464528292 0.4746228028791637 0.6192742165325396 0.7176786258393684 0.8142575584163404 0.9227412705842896 0.9835430506680299 1.6514529384740755
49 588 12.701537491421384 1.6203714895404686 0.27097558376048514 0.27097558376048514 0.40771897499121623 0.46077684136374436 0.612606377864143 0.709712262771207 0.8014708580450631 0.9484631501881093 1.0894693986862907 1.6203714895404686
50 600 12.218823810091965 1.5467851921593332 0.25908838644797944 0.25908838644797944 0.40367825692267245 0.47952948431217135 0.6089225998368241 0.7143646573237361 0.8202444156263419 0.9581040030178769 1.1287474223093852 1.5467851921593332
51 612 11.825062195647115 1.4702737053092458 0.25289596454981456 0.25289596454981456 0.39191310782333516 0.4723764996099232 0.6037638785148114 0.719648678768631 0.8119415387552121 0.959246627180656 1.1210006240299681 1.4702737053092458
