% # columns="iteration, evaluation, sigma, max axis length,  min axis length, all principal axes lengths  (sorted square roots of eigenvalues of C)", seed=49380, Mon Apr 13 04:19:55 2026
1 12 18.22223586336835 1.0000444454321133 1.0 1.0 1.0000055555709877 1.0000111111728396 1.0000166668055563 1.0000222224691375 1.0000277781635838 1.0000333338888951 1.0000388896450716 1.0000444454321133
2 24 17.842778206037487 1.0524631196726562 0.9142235110510258 0.9142235110510258 0.9413476786131748 0.9681851155800357 0.9916885177175626 0.9991325696202449 1.0010683232532567 1.0083252506128355 1.0344955087088705 1.0524631196726562
3 36 15.646740028981252 1.0902672000305402 0.8856743710906352 0.8856743710906352 0.9166548444034277 0.9362912616698136 0.9488444770724345 0.9937961791232275 1.0001352015023228 1.0239611356974987 1.0469876868304635 1.0902672000305402
4 48 14.837828296073427 1.0654548941045912 0.8346085456103117 0.8346085456103117 0.8870780614345515 0.9331570658646051 0.9532775625636121 0.9921876824661142 1.0026429512529806 1.0267565307528845 1.0432202378671867 1.0654548941045912
5 60 13.263469569348407 1.0824055996163462 0.8296820247120079 0.8296820247120079 0.8491756742965535 0.9265819373524303 0.9353667613297356 0.9802992721913216 0.9991118976028862 1.0278553501252958 1.0528837673831206 1.0824055996163462
6 72 12.307474725882413 1.075918153670053 0.778745938294818 0.778745938294818 0.8211861244315808 0.9199555544331199 0.9417889382470053 0.9558348721296964 0.9777095205053326 1.0245035004059926 1.0548489082869366 1.075918153670053
7 84 11.842780118549364 1.0681493352873404 0.75082762771227 0.75082762771227 0.8339206914777054 0.8926289675849185 0.9325917883152797 0.9372397842989258 0.9815146938453435 1.0224412356173798 1.0504970194954126 1.0681493352873404
8 96 11.81351637599246 1.0919843219590752 0.7083317666316292 0.7083317666316292 0.8332806537930579 0.8750996021880538 0.8993362903039607 0.9339882288549181 0.9773506800482686 1.0170657508511363 1.039720162177407 1.0919843219590752
9 108 10.12023301970337 1.1535750955122894 0.6995543257797364 0.6995543257797364 0.7872422389366432 0.8635956541271929 0.8908104265910779 0.9160766010649585 0.9939245407897144 1.0185072278625562 1.0254156801304766 1.1535750955122894
10 120 10.227498026224197 1.1674841124837636 0.6690490931567782 0.6690490931567782 0.7592458245600718 0.8461266947281031 0.867503101270275 0.8936589147183741 0.9793673086781562 1.0093278378024528 1.0492717608107383 1.1674841124837636
11 132 10.025701486699107 1.2240030614449686 0.6205130059205507 0.6205130059205507 0.7551793387749485 0.8154585767894487 0.8840575426430595 0.8955702488601317 0.9897223253379933 1.0004969228719516 1.042374908210754 1.2240030614449686
12 144 8.920417958999247 1.2488583987989903 0.590285623912597 0.590285623912597 0.7466765693078234 0.7970328990612391 0.8612911592736603 0.9067977566207419 0.957222882476178 1.0177811313247975 1.045853071178745 1.2488583987989903
13 156 8.91482347838172 1.2629096361753958 0.5648607091577728 0.5648607091577728 0.7327377031368015 0.7896905511157172 0.8621784533269207 0.9070966305513642 0.9766979753953702 1.0054732983225012 1.046270911092634 1.2629096361753958
14 168 9.096904820955071 1.276112972679963 0.5217799720405835 0.5217799720405835 0.7087356428637966 0.7795115574061094 0.8598660841135655 0.900701308234083 0.972844165234926 1.0094893310455195 1.06719755855991 1.276112972679963
15 180 8.676369847885356 1.2390481004939065 0.4948722934163941 0.4948722934163941 0.6880359971239566 0.7907414529466232 0.8590417308192984 0.8889850291095405 0.9991731124983475 1.0181070071301632 1.1172891694548308 1.2390481004939065
16 192 8.131642123376578 1.215356399438706 0.4717119733261976 0.4717119733261976 0.6939407320037054 0.785132124688409 0.8470450816291928 0.8762037775752409 0.9726975451547026 1.0282340818465057 1.1179871281697735 1.215356399438706
17 204 7.2480064814099165 1.2131911132958884 0.4360394646047218 0.4360394646047218 0.6856448891957476 0.765144906372616 0.8458873440598289 0.8942324262288682 0.9575913381281634 1.022850880589218 1.1399483195644484 1.2131911132958884
18 216 7.093702302064728 1.2162687403023817 0.4135052009691503 0.4135052009691503 0.6373743163819501 0.7484374811579817 0.8374354544753251 0.8832223450183326 0.9615682168387301 1.0119361106291778 1.1354243136051148 1.2162687403023817
19 228 6.576856083990128 1.2323150332900872 0.3868416246507378 0.3868416246507378 0.6248766679887005 0.7522563602035086 0.8375624774785669 0.8857632622729883 0.9702231821288356 1.017779450335627 1.1439104441031949 1.2323150332900872
20 240 6.159130263882852 1.2018981802976871 0.3711904212911909 0.3711904212911909 0.6220074865697337 0.7331514696499641 0.8427435738668306 0.8983331166834676 0.9493244225508913 1.0382815841932984 1.1042644289984436 1.2018981802976871
21 252 5.564045347130402 1.204160345090163 0.35640558359233343 0.35640558359233343 0.6035165875062807 0.7436652738501032 0.8136937455631817 0.8922057962595082 0.9664118693187412 1.022061776585623 1.0952910151354234 1.204160345090163
22 264 5.060080821147122 1.1978593219550662 0.33913357928878074 0.33913357928878074 0.5760996437159123 0.7413234164943375 0.8013262653183564 0.8632026708607189 0.9770274034229324 1.0050999190680605 1.1069717715251892 1.1978593219550662
23 276 5.085206353820794 1.179750273565444 0.32166444041640785 0.32166444041640785 0.5780243377581978 0.7416348269294426 0.7871534119007151 0.8658940373860102 0.9457423082081401 0.9703248075841754 1.1120712355915374 1.179750273565444
24 288 4.951160039681999 1.1776039997603096 0.3144712229454694 0.3144712229454694 0.5397353466204065 0.7439878157586998 0.7931830966618107 0.8829443696185116 0.9473962982062519 1.0188575872643209 1.0759076820201754 1.1776039997603096
25 300 4.987763629521993 1.1638158893800041 0.2901235966161312 0.2901235966161312 0.535686432655158 0.7678656731384548 0.7981118861348573 0.8639043462849143 0.944483054365342 1.020948915278084 1.0659593660356068 1.1638158893800041
26 312 5.247601907532143 1.1393255613619482 0.27725143442331984 0.27725143442331984 0.5623093477719271 0.7695607242801519 0.8108373550088583 0.8645587854386726 0.8989651226539629 1.0275279408972193 1.0521526584975254 1.1393255613619482
27 324 5.40832355117904 1.1318540227366283 0.26439871127161696 0.26439871127161696 0.5491816219184165 0.7480509837402346 0.8158191906909547 0.8786687449570539 0.9424528080717354 1.0218867809299526 1.0625476321756229 1.1318540227366283
28 336 5.524743438605967 1.1595620696674935 0.2600545380790006 0.2600545380790006 0.5368053478088882 0.7393353091596326 0.8175934166123707 0.8787621748159188 0.9220306356881827 1.0285856218851583 1.1191589014643122 1.1595620696674935
29 348 5.326585534383291 1.191824516846966 0.24273267336448587 0.24273267336448587 0.5478925804034446 0.7610514096323039 0.7930317170947492 0.8795926737158754 0.9455710458527017 1.0161711937260745 1.0769426388284378 1.191824516846966
30 360 5.015496524861891 1.1754721485792765 0.2278182556562991 0.2278182556562991 0.5307239436401432 0.7495284765477381 0.7892953402486048 0.8738557090015998 0.9439172795563431 1.0184388662488277 1.1168997353254833 1.1754721485792765
31 372 5.166136485292933 1.1753275631964697 0.21588289623554854 0.21588289623554854 0.5326081146606405 0.7457704437797168 0.759860742524768 0.8897641555704351 0.9376067141901495 0.9971078910976251 1.1104668357689957 1.1753275631964697
32 384 4.887192443362818 1.1787016985752317 0.19688970356075966 0.19688970356075966 0.5282346757794393 0.7412689192141041 0.759893594059303 0.8686623650908993 0.940378577286848 1.0550600809828419 1.168683562399167 1.1787016985752317
33 396 4.863390646949861 1.191557164677728 0.18601411810249666 0.18601411810249666 0.5225826864152076 0.7204587920543177 0.7533302646894021 0.8696787725648581 0.9090271979955418 1.061969237305846 1.1494274826986177 1.191557164677728
34 408 4.32687274412989 1.1941358335025687 0.17713285931212783 0.17713285931212783 0.5066396753408332 0.7026895503016277 0.7474044859674918 0.8623069838334051 0.9362348435385461 1.030132111350631 1.159743099539768 1.1941358335025687
35 420 4.642574647545591 1.1904908788858997 0.17107776854960813 0.17107776854960813 0.4902576964112707 0.6905304116282682 0.7677328911453571 0.8318100708079199 0.9579570435274912 1.042397690252819 1.1158008965845643 1.1904908788858997
36 432 4.602363414174239 1.1931851832362244 0.15690100172614543 0.15690100172614543 0.48260019873157484 0.7383597894506186 0.7736271102312511 0.9025029040939947 0.9368593651977252 1.0448880926942086 1.1054753187541813 1.1931851832362244
37 444 4.662604144688747 1.1930914184595898 0.15251339716033635 0.15251339716033635 0.4607841828457373 0.7206149542753125 0.7857608790525684 0.9123492658373284 0.9347372439785742 1.0229653130927867 1.110556229205406 1.1930914184595898
38 456 4.627747629813668 1.18243377939044 0.1477900834264225 0.1477900834264225 0.4520747953645383 0.6933982304428796 0.7716232202880758 0.9084054745223011 0.9601152337960903 1.0442711370674993 1.1082059715104475 1.18243377939044
39 468 4.647941265134453 1.1923327366302714 0.1422909729419639 0.1422909729419639 0.4565118021312097 0.6816110960408084 0.7581441440389316 0.865560833355457 0.9963553013846135 1.0457982787252282 1.13256067294767 1.1923327366302714
40 480 4.219881271378672 1.199865511437557 0.13400442822919723 0.13400442822919723 0.4531255077064524 0.6893586916835516 0.7488180809413035 0.8634982832676608 0.9557608496674669 1.068671561105295 1.1732731299714871 1.199865511437557
41 492 3.9492111266469196 1.1944060180375486 0.1262636881739115 0.1262636881739115 0.43655989005383067 0.680174981959408 0.7657842253881183 0.8582302068991604 0.9553257746330058 1.0512404436074436 1.1752334226045333 1.1944060180375486
42 504 3.8174855306824442 1.1968368705661296 0.12197688194972131 0.12197688194972131 0.43499664932175247 0.6751159704338947 0.7509340628779365 0.8347202509429312 0.9202820339168736 1.044834076724238 1.1656056031007656 1.1968368705661296
43 516 3.4723756175757656 1.2152388765698428 0.11594483703676105 0.11594483703676105 0.41628640585520554 0.6601812263280465 0.7426023190208461 0.8267694331135194 0.915843559245521 1.0579053769447724 1.1798968411201853 1.2152388765698428
44 528 3.0659481608798447 1.222879471352754 0.10670599499083398 0.10670599499083398 0.4127877824625101 0.6661711577791133 0.7327622635831949 0.8153456925612751 0.9144424747835354 1.0662479569946015 1.1474492413898296 1.222879471352754
45 540 2.769343401407396 1.1928477124344605 0.1051407445114294 0.1051407445114294 0.4090043991048165 0.6325632846870184 0.7314332694525709 0.830858556626417 0.9152436337101744 1.0293013719806783 1.1372839371121002 1.1928477124344605
46 552 2.6941835643572096 1.1966966780577062 0.09611308313513332 0.09611308313513332 0.40326890560004514 0.6273241654855202 0.7174384524287674 0.8320337043054893 0.9129942985246409 1.0231443305710446 1.1220959649572986 1.1966966780577062
47 564 2.5321897597519634 1.2079425727203994 0.09068790398316011 0.09068790398316011 0.39273843395864394 0.6089738039269527 0.7380143490306993 0.8373301840119817 0.9042415536525061 1.0253533925488336 1.0976420037056946 1.2079425727203994
48 576 2.458795140601446 1.1836757769283257 0.0842298996519206 0.0842298996519206 0.3881562117090102 0.6137814408259862 0.7257789430792674 0.8421176519858907 0.9131204013193754 1.0132397898566217 1.1007011845677335 1.1836757769283257
49 588 2.3200101608769716 1.247178782044217 0.07933074392710666 0.07933074392710666 0.3848633136465766 0.6067325559646332 0.71569602222427 0.810852553479824 0.9172679216115607 1.0312709871207513 1.1045425164057243 1.247178782044217
50 600 2.2549040640190654 1.2295469008803082 0.0751173633111603 0.0751173633111603 0.37355682837969073 0.5897658309755608 0.7130438284815199 0.8331238251582328 0.9257200817453516 1.0420835801309303 1.0902418545168533 1.2295469008803082
51 612 2.403468484523488 1.2069892550422539 0.06803439131046053 0.06803439131046053 0.3696415984481347 0.6120914980427804 0.7115631149208693 0.8309410613474442 0.9096472577995761 1.0264695753901878 1.0991763886103245 1.2069892550422539
52 624 2.3623285119044253 1.2463103805506748 0.06719836489998084 0.06719836489998084 0.33811630922771707 0.6097732684078327 0.7714635177734045 0.8333598768427378 0.9168231938916516 1.0050559697465176 1.0857615409238681 1.2463103805506748
53 636 2.4847604182488254 1.240609263455181 0.06259005513586648 0.06259005513586648 0.3392073610043839 0.6282074583027065 0.7562202763395574 0.8269504810631095 0.9230561242121308 1.016106946195985 1.0798654577848172 1.240609263455181
54 648 2.660054093231172 1.2453749099808387 0.059108641874179135 0.059108641874179135 0.3214165841237718 0.6456172959104096 0.7751291846944598 0.8348849540226481 0.8969274646331239 1.0120211594930193 1.0789550632375269 1.2453749099808387
55 660 2.7277347111295125 1.2431684788555208 0.05596052749328001 0.05596052749328001 0.31330129641069554 0.6478662827534464 0.7387360564494214 0.8496424594403775 0.8976264474715264 1.0451950162034407 1.1173712295038036 1.2431684788555208
56 672 2.8744070903455117 1.287936064516914 0.05277267011247724 0.05277267011247724 0.3105240064283219 0.6549383010672107 0.7321705371119962 0.8331878944743011 0.9078163963536482 1.0095324090323694 1.1327230909996222 1.287936064516914
57 684 3.085946945717938 1.2994568014370165 0.05066004679581355 0.05066004679581355 0.29690634460470067 0.646157789125131 0.7419590571136866 0.8393757209481537 0.9486032242438514 1.014383523054788 1.1290133656095946 1.2994568014370165
58 696 3.396474607665018 1.3166471890619578 0.049950181834969 0.049950181834969 0.28609012785683646 0.6396757951487311 0.7420249693293439 0.875780510099103 0.9352632417053678 1.0029482219753088 1.0984400015453848 1.3166471890619578
59 708 3.783430093230084 1.3613928336371994 0.04960303878920605 0.04960303878920605 0.2812124625640731 0.6577730605746805 0.7420845744744298 0.8555748338955744 0.930127651865769 1.0126126702695721 1.1022955280364921 1.3613928336371994
60 720 4.39467270248025 1.4031794611428026 0.047857458968266396 0.047857458968266396 0.2715008469816028 0.6521753353641829 0.750282588001185 0.8248256922668071 0.9635965940344835 1.0205772279365342 1.1049356913654087 1.4031794611428026
61 732 4.557844789990648 1.4213307609369983 0.046384750128919655 0.046384750128919655 0.2566044407727237 0.6574301876848438 0.7587708795719541 0.8239724123345561 0.9697844736538402 1.0479245425959247 1.1835095787070289 1.4213307609369983
62 744 4.410777843225981 1.4564478673321402 0.043668078990607255 0.043668078990607255 0.25178117046767323 0.6517372374694091 0.7562248127337373 0.8077223256805159 0.9404899236176789 1.031497564093435 1.2273793439106786 1.4564478673321402
63 756 4.425107976348583 1.4453688319674691 0.040854529648846415 0.040854529648846415 0.25349207446610494 0.6624137033624119 0.7725248885583393 0.8158848497886657 0.9535643443739391 0.999368899348929 1.2108333295832248 1.4453688319674691
64 768 4.36845216895094 1.4905655237450472 0.03903795560682898 0.03903795560682898 0.25082383092172195 0.6580511091477639 0.770424151326346 0.8155841184610305 0.9489419950364983 0.9962867499968332 1.1830777533750687 1.4905655237450472
65 780 4.344735463923175 1.576140382354458 0.03700275584817305 0.03700275584817305 0.24814487322169146 0.6559665635719285 0.7729994292013953 0.8019133078309134 0.9488089032357155 0.955463606218322 1.196385850518057 1.576140382354458
66 792 4.438825328487953 1.5773315342748286 0.036755076545565375 0.036755076545565375 0.2389871206661748 0.6217707943196542 0.7594645706584837 0.7956744448661229 0.9507366333789623 0.9561328923947046 1.2233461388984241 1.5773315342748286
67 804 4.772670991207368 1.5525974440209354 0.03568705461405275 0.03568705461405275 0.238435944371375 0.6096727349133452 0.7314971810443878 0.7891991669000664 0.9274205356109477 0.9463902893423136 1.3167405076958696 1.5525974440209354
68 816 4.3802778790905545 1.5451138966869782 0.03435472366649204 0.03435472366649204 0.23297142582071825 0.6008805728075738 0.7285233995312428 0.8194498654291329 0.9270543931891428 0.9732601325722948 1.3425857392517058 1.5451138966869782
69 828 4.186315346412284 1.5689405785996036 0.03332151182508601 0.03332151182508601 0.2258632416015429 0.5991301318221104 0.7297920175760577 0.7816597227667544 0.92832964162374 0.947785544880271 1.3446393022240943 1.5689405785996036
70 840 3.9682262169307005 1.6057525189325406 0.03254026513944526 0.03254026513944526 0.2151959419069237 0.6041068700465314 0.7138677905008186 0.780309414959947 0.894515211558592 0.9919682657011937 1.3152461321113476 1.6057525189325406
71 852 3.85792063140783 1.6663609550434286 0.03247318158763209 0.03247318158763209 0.21176988126086801 0.5980419668002233 0.7077688855183134 0.7598046623422102 0.8789438182730892 0.9761266544051356 1.3314416557947721 1.6663609550434286
72 864 3.7853268280212404 1.654483955668963 0.03089044804500351 0.03089044804500351 0.20735772242511843 0.5850836196752476 0.7015798063870371 0.7646937527952467 0.9075150931328414 0.9909795987904465 1.3192146784327277 1.654483955668963
73 876 3.67408211412093 1.657853744937753 0.029102117733814055 0.029102117733814055 0.2037396541948806 0.5859581188156331 0.6719953269182652 0.7689530790910672 0.9113992907264653 0.9868994756806564 1.3242267494382254 1.657853744937753
74 888 3.5697913680422957 1.5778843561951714 0.02868122796904865 0.02868122796904865 0.195033365362571 0.58277415219553 0.6826256422468718 0.7676234392327546 0.9135110990240921 0.9944970140433486 1.3019549754119017 1.5778843561951714
75 900 3.32553870958492 1.586933775410268 0.02762811656948804 0.02762811656948804 0.17887898238144925 0.5762403059133594 0.6821974602101597 0.7590136256444983 0.926058309983806 0.9837733855411308 1.3027365653519214 1.586933775410268
76 912 3.339298785907171 1.5416566852982743 0.025881164373473306 0.025881164373473306 0.17850894579383908 0.5759495370197077 0.6834365279083278 0.7580774514947196 0.9101524053224835 0.9853278770555655 1.3047438885690499 1.5416566852982743
77 924 3.1836073021305773 1.6143948366208334 0.02515437669694293 0.02515437669694293 0.17582724960606014 0.5728913066239981 0.6904714780402808 0.7559201653031309 0.8937328117593175 0.9970982376535895 1.2335098264601292 1.6143948366208334
78 936 2.763384110065757 1.6538015718404075 0.024173795153634298 0.024173795153634298 0.1682158401291569 0.5693966576643761 0.681652100216607 0.7381538645285413 0.8815387274166671 0.9947588292688595 1.2438732102461105 1.6538015718404075
79 948 2.5816089100134834 1.5463897599895813 0.02340670735935731 0.02340670735935731 0.1670696189328246 0.5745835888747465 0.6714387884928251 0.7275595712838592 0.8752726319133415 0.9914031648251049 1.2364651387682182 1.5463897599895813
80 960 2.4224275943926723 1.5574729485494834 0.022723061445998397 0.022723061445998397 0.1652858483440602 0.5500529481211583 0.6623164783547282 0.7271282871352824 0.870498000697658 1.002481397371258 1.2009427217061759 1.5574729485494834
81 972 2.480801267711342 1.5284800013214122 0.02243548124706274 0.02243548124706274 0.1628471126025059 0.5543885258329371 0.6579320786386406 0.7257964300812897 0.8235085098859157 0.9898447844535418 1.230883062272306 1.5284800013214122
82 984 2.638151747444706 1.5110076290745083 0.021512351132505117 0.021512351132505117 0.1625994125102213 0.5181616541450981 0.6417496538380975 0.7161739259029841 0.830124041646 0.9859475847470552 1.3158623737158852 1.5110076290745083
83 996 2.5937041719461185 1.4994269647544107 0.021199746503133655 0.021199746503133655 0.15499365088834516 0.5008385970051218 0.6371428435364541 0.7206984597415118 0.8222363603743931 0.9815747800128162 1.4049891766291955 1.4994269647544107
84 1008 2.6574311172450638 1.4975031517119777 0.020574394965203652 0.020574394965203652 0.1414637384972899 0.49974972745539153 0.6321100399574086 0.7151462266489269 0.8096082346758562 0.9933486186499441 1.4295954591641171 1.4975031517119777
85 1020 2.5185554028918213 1.4616884731420223 0.01948788151498999 0.01948788151498999 0.14254864760208205 0.508776695806908 0.6227238564698359 0.7017293347796991 0.8127068873028538 0.9989747437325068 1.4415937580063358 1.4616884731420223
86 1032 2.375046890051881 1.5185336359020638 0.017543372113686236 0.017543372113686236 0.142517802866051 0.5021171590013044 0.6200497838615331 0.6935338375508189 0.8287057174115432 0.9858583769097081 1.4401462888517946 1.5185336359020638
87 1044 2.5094670985844694 1.5445811889178522 0.016895398138558282 0.016895398138558282 0.1384589311642452 0.5025880483934776 0.6104475670482202 0.6967459952543714 0.8422314152979138 0.9990581683703149 1.327447251436297 1.5445811889178522
88 1056 2.550466850823589 1.6550788439771977 0.01578999602752846 0.01578999602752846 0.13779149748514632 0.5056414698888517 0.6215329799942177 0.6914274446609784 0.8117054393326766 0.9992695279971089 1.2912751830014864 1.6550788439771977
89 1068 2.63169711237592 1.6726388546835862 0.015326591498768007 0.015326591498768007 0.13531100710248198 0.4942513433735453 0.6317562951210953 0.6808255457697527 0.8159201136634896 0.9892269816845545 1.2854718606407591 1.6726388546835862
90 1080 2.9105828764111408 1.7062777379800163 0.014948656168692682 0.014948656168692682 0.13432766187127598 0.4812036270617697 0.6197350477885367 0.6813338591291587 0.8722579897694074 0.9783966380589946 1.2114955776155698 1.7062777379800163
91 1092 2.9424681192403015 1.7491937919020144 0.01493487099824923 0.01493487099824923 0.13269726022286726 0.4674154473286727 0.6017941414174568 0.681815127500225 0.8728202457821569 1.0099301324310062 1.1896468243528926 1.7491937919020144
92 1104 2.974373390778162 1.716685581937475 0.014805049039281011 0.014805049039281011 0.1298655311102357 0.46243331839055113 0.5982370187190446 0.6963058266100823 0.866568201448691 1.0133225733213833 1.1690514046015221 1.716685581937475
93 1116 2.8136233061807845 1.705389032727141 0.01447364783296808 0.01447364783296808 0.12739241232173398 0.46233790294310945 0.5766110730284055 0.7102128927562523 0.8661443077833051 1.0408446935675586 1.1588950213457347 1.705389032727141
94 1128 2.5400640816058977 1.6252657448295214 0.014348522284319739 0.014348522284319739 0.12132726231866332 0.44921271372673705 0.587834030156558 0.7032204387879756 0.8847506697289333 1.0691779978942648 1.1647449165581518 1.6252657448295214
95 1140 2.4153660084776885 1.670261879467444 0.0141031790689875 0.0141031790689875 0.11417939177969186 0.4487991267711624 0.584438906908673 0.7068143890539593 0.8786925663158673 1.0606733578108174 1.170907871102637 1.670261879467444
96 1152 2.292503223459149 1.6667694804328184 0.014118443017469992 0.014118443017469992 0.111247297571859 0.449473944665776 0.5675276338556378 0.6942964171715756 0.8566937579390884 1.0506679701419777 1.1220101445222102 1.6667694804328184
97 1164 2.1611692604258375 1.739999796379388 0.013777113081825783 0.013777113081825783 0.1105960977759504 0.44604362468552305 0.5656221564844898 0.6737047312913327 0.784708772824507 1.0478205026529015 1.1087608985680388 1.739999796379388
98 1176 2.0727917315102062 1.73264558519391 0.013146859420619411 0.013146859420619411 0.10971573385526592 0.44702069453420995 0.5406136424621111 0.673176331266141 0.7829410135065789 1.0687424720709184 1.1266335163076966 1.73264558519391
99 1188 2.036274982765036 1.7521305511299539 0.012966385320102811 0.012966385320102811 0.1062851220702303 0.45232202168414715 0.536236303662299 0.6714957971180059 0.7736951221324145 1.064414044796062 1.115396246372508 1.7521305511299539
100 1200 2.0119134770951237 1.7584727856892137 0.012921787737526527 0.012921787737526527 0.10370999326124948 0.4392567128962387 0.5304292182663602 0.6563623668694061 0.7702411351801379 1.0712751484853815 1.1281236385254947 1.7584727856892137
101 1212 1.9093221060275467 1.8529255617431029 0.012793303323376026 0.012793303323376026 0.09945639599092788 0.42452792503092013 0.516827939144321 0.6406345834930648 0.7675736364741377 1.0678599409404792 1.1238683584376592 1.8529255617431029
102 1224 1.794659632445541 1.8075016876236356 0.012541424026480221 0.012541424026480221 0.09777410204323385 0.42588489497840004 0.5048970832952215 0.6335157878057407 0.8045154794927166 0.9999899259105832 1.1521503993765565 1.8075016876236356
103 1236 1.5775695790803987 1.8251485773203633 0.012050730838138717 0.012050730838138717 0.09429677608971956 0.40962106155114 0.5039164684222751 0.6365843359096741 0.8021535427129316 0.9738301510449319 1.1931430502275127 1.8251485773203633
104 1248 1.4195298726732577 1.8305501795489738 0.011849572311100051 0.011849572311100051 0.09130285597529073 0.3991895512605323 0.4991797311525193 0.6355605193678684 0.7975073562376404 0.9414082375096515 1.1768406594081966 1.8305501795489738
105 1260 1.2754893466351491 1.874296473670925 0.010752784593923584 0.010752784593923584 0.08940327971968993 0.3915071985717884 0.49073214080094757 0.6479653691535892 0.8007271073693825 0.9216747503155152 1.161002787121722 1.874296473670925
106 1272 1.1899768128142045 1.870477360787943 0.01051379638721935 0.01051379638721935 0.08360880384341556 0.3929920386176839 0.4851931968559984 0.6449330699295465 0.7745017122353645 0.9222067818619759 1.1801251861956112 1.870477360787943
107 1284 1.2353907466845382 1.8365124597083657 0.010067092153749761 0.010067092153749761 0.08270378895587971 0.3909700032395161 0.4849703424797326 0.6548163677523738 0.7479338193786912 0.9168582167156165 1.2046513188124977 1.8365124597083657
108 1296 1.3526504686919445 1.8206281769837496 0.00967131249273314 0.00967131249273314 0.0793396937451241 0.4088290842835019 0.4820366586307773 0.6742515085207593 0.7416415544980636 0.9067303500082764 1.2451028788514298 1.8206281769837496
109 1308 1.3961344017204957 1.7744948591902396 0.009716591414406561 0.009716591414406561 0.07769140818302986 0.410358020445457 0.47598263981693834 0.661616119049527 0.739084906562301 0.9042572520709401 1.3513591554070274 1.7744948591902396
