% # columns="iteration, evaluation, sigma, void, void,  stds==sigma*sigma_vec.scaling*sqrt(diag(C))", seed=98760, Wed Apr  8 05:05:03 2026, <python>{}</python>
1 12 19.10550994384831 0 0 9.824693644281913 9.61909920945999 4.567110563967258 0.5648696494443142 0.55278970109403 0.09406212519394694 0.3791844093662573 0.28588519485184377 0.3951230884034854
2 24 18.7827050320381 0 0 9.839722399351743 9.417997773323437 4.508822754142768 0.547108304474426 0.5565579029614061 0.09161433588501859 0.3705644347281908 0.2794671920213043 0.397910324753081
3 36 17.4224609706209 0 0 9.117587703383874 8.694624466023747 4.2136012785201995 0.5108378512928075 0.5056294411345204 0.08549948004088846 0.34113214919247437 0.25336028518077275 0.35583811579017344
4 48 17.74790618159729 0 0 9.163961770899716 8.740687066924547 4.363708433003785 0.507001209606529 0.542625836066139 0.08869205328012421 0.3528762328246825 0.24228510254981386 0.3664840320232088
5 60 18.621832825650504 0 0 9.847855319498251 9.194859241042485 4.503356714177798 0.5174141943830618 0.5774255278241878 0.09869000614113395 0.36800086054894265 0.24451334256305926 0.3950689253000113
6 72 19.56785477020186 0 0 10.246140002825275 9.690564070541303 4.602446244578819 0.5583856653403035 0.6038661867229634 0.10743144139228687 0.3791868798508144 0.25336774098203346 0.4127399396965541
7 84 20.605001109148233 0 0 10.501967707452726 9.809582409232693 4.788210298231417 0.5936771581363203 0.6297578237473794 0.11666666666666665 0.4232109362004771 0.28228761507849026 0.4393481655467011
8 96 20.56648478449797 0 0 10.219666816296069 9.401111441105877 4.846298538237873 0.5914660772961782 0.6258990406582532 0.11666666666666667 0.43954101095318754 0.2771859082815792 0.44062368426659704
9 108 19.81437425994925 0 0 10.182723829565692 8.992865532401837 4.722431032384586 0.5679797415551957 0.572512670151037 0.11279555590021981 0.4191980263009923 0.26392719485370075 0.41619998478743425
10 120 17.506127664353055 0 0 9.024168507551536 7.56841924610392 4.153626086651128 0.4983380132573246 0.4991426283807444 0.09755303881787483 0.37572850055533646 0.23118062096667172 0.37701478374049446
11 132 16.647953119018474 0 0 8.135428830554766 6.988196024046437 3.8894088471975192 0.4728817037587113 0.4672063080688686 0.09307158834431423 0.3668729227658048 0.2120532593828261 0.3616573662665357
12 144 17.563307037505403 0 0 8.439923760332691 7.290910570674077 4.078359067926981 0.5146310318507454 0.48675918845047744 0.098056051436957 0.37484827967804046 0.22586112593305857 0.3820619655506651
13 156 17.71428848943866 0 0 8.47428940753638 7.29430638421317 4.125330235643085 0.5176948504397602 0.49740326877609187 0.09891483279207264 0.37681811497668743 0.22593880676508626 0.38119503493643203
14 168 16.793010467959785 0 0 8.03686291930051 6.742767700407694 3.9251323198351216 0.4787406304025939 0.4689369741158924 0.093791730552421 0.35638765712330567 0.20789869865411909 0.3455706482368105
15 180 16.857178168723593 0 0 8.122993312362658 6.526157020164119 3.9442559386565077 0.4737734557103807 0.4827185854853031 0.09239789412272584 0.3542677384201032 0.2078189148597214 0.36541825756166274
16 192 15.88010153569848 0 0 7.830775062945935 5.836515545217009 3.708031455126923 0.43425672213808747 0.44821062385352645 0.08486055040713589 0.3305079536465304 0.19553905657062495 0.34410277508427684
17 204 15.926175800839454 0 0 8.271057336733676 5.916736711525514 3.739270017354756 0.4252187356710106 0.4362354611242168 0.08578862489863368 0.32445463518763723 0.18384988287618867 0.3474683633431709
18 216 15.261259768793115 0 0 7.855221652160458 5.522245864921324 3.5596761060237734 0.3923473527466171 0.4164452085329269 0.08040999698567287 0.3031457454551738 0.1746134598586251 0.34065181832063807
19 228 14.778182313393435 0 0 7.812041834521563 5.485381789512953 3.339245017651292 0.36710406390282113 0.3976083087581416 0.07688345215973684 0.2867840628543681 0.1678340871942769 0.3224451929608056
20 240 13.786459204337476 0 0 7.368245610984136 5.290277955101537 3.0828279356878427 0.33232997203138626 0.36973932270593174 0.0713722621986643 0.26591097525895785 0.14922309021119703 0.3037572357123317
21 252 13.7226129427641 0 0 7.1674191225122055 5.224558825811024 2.9403534557760884 0.331487351366529 0.367009424115772 0.07145924473827464 0.28179289962017023 0.145566493345283 0.3007047188137596
22 264 14.318364565317582 0 0 7.325200251263675 5.221156766013016 3.423231763311917 0.342674052908509 0.38075287747110614 0.07681926491451677 0.29879279534004854 0.14788277423512053 0.3188772212175728
23 276 13.802537189857054 0 0 7.000763232511008 4.8415212263391565 3.352779631481395 0.3310547992006228 0.36236470334942683 0.07380624396391924 0.2910926307355672 0.1387349460089705 0.3035165465371526
24 288 13.792066300101306 0 0 6.83495032317822 4.859214721583909 3.2533869467899184 0.32871404220981726 0.358405588864526 0.06993225367951425 0.2959745285359062 0.13730322207012818 0.32220224946068515
25 300 14.922413835459356 0 0 7.624658050950109 5.243640032660681 3.4791851923032957 0.3508077441222837 0.39471735131897595 0.07829855221859532 0.32808863223826173 0.14798246960671924 0.3585334269044192
26 312 14.463346906575465 0 0 7.206071592836192 4.896549108068239 3.408533890563302 0.3408961379331508 0.3840448530756488 0.07503846545469049 0.32440567765591205 0.13714883229651006 0.35892790555295667
27 324 14.625874959843792 0 0 7.481614648465549 4.76988951267798 3.5163025493799385 0.33654220452337535 0.39941518384943814 0.07655110314515699 0.326847224418639 0.13813215250244432 0.3756831449882246
28 336 14.838704733881864 0 0 7.55493720591197 4.822090625556413 3.4711635141668706 0.34080878545688 0.3954017928171271 0.07775455771762363 0.33915603462031296 0.14104296197489163 0.3996495210741858
29 348 13.582431509039658 0 0 6.824305455563815 4.385820220147409 3.2501407146533823 0.30842539694284155 0.3611709079870829 0.06838194462929288 0.31136542017484875 0.1291643459528904 0.37352928230441196
30 360 11.952451598150436 0 0 5.9504193232548355 3.8344969487558163 2.711165334913055 0.2723308876690177 0.31411245057206094 0.06181496443772309 0.2693275225116991 0.11198673652634529 0.32001623876812807
31 372 11.133985920659033 0 0 5.505336880354933 3.58567437474147 2.4669279085487266 0.2514239968321341 0.3011667941322439 0.05702973840990618 0.2560472036469033 0.09543061900620904 0.3046580335501688
32 384 10.506747761741156 0 0 5.17650739917543 3.411493309413255 2.3545950455996434 0.22887745321449224 0.28332238205004384 0.05285837931894237 0.24341620489515664 0.08938613986984935 0.2853842762192944
33 396 8.955649406289062 0 0 4.396780555448342 2.8177508732007324 1.9497153469076751 0.19006463411102686 0.2409715294573985 0.0453714288361203 0.2049935965092531 0.07301843361713642 0.24553585604020725
34 408 8.292320355623577 0 0 3.9162858079859886 2.707172783443219 1.767544006470395 0.18130248852622824 0.21744326277749515 0.04186665885876312 0.18667957215845912 0.06663860544124371 0.22710889137276805
35 420 7.688387351512421 0 0 3.621628606379288 2.521774841728898 1.6856046897321413 0.16512465457853787 0.19920563968632052 0.03857174244047006 0.1790559691381204 0.05826019942231042 0.20835411025734388
36 432 8.560950245636743 0 0 4.027458323169717 2.7636725169124157 2.1211974652859986 0.17731176818850286 0.21915999894786123 0.04383750349951399 0.20010493389674822 0.061194683620457026 0.2376628673997351
37 444 8.249360503890529 0 0 3.834711275520472 2.711209141369093 2.0474211263157978 0.16342624506963374 0.21228078675638445 0.04177104418801464 0.19048074251926034 0.05726728896459136 0.22282886396881807
38 456 7.591916848825248 0 0 3.486550724464374 2.494282674588852 1.8313385204287498 0.15039507625016507 0.19414204377721542 0.037527089501199914 0.1779047197493526 0.050726322786375226 0.20547271277945936
39 468 6.954694633163171 0 0 3.2089588452113746 2.279715605247503 1.60939203624032 0.13751586826649198 0.17634272998062833 0.03391626533275358 0.16192799943802572 0.04598173368894261 0.18228201552476384
40 480 6.844798971691619 0 0 3.141614794119171 2.2606878685192027 1.6052749474282595 0.13238949002052666 0.17452482739184652 0.03287389335217149 0.1584980740920977 0.04157354474376487 0.17911066863363206
41 492 6.905133533680282 0 0 3.126351552089006 2.221189295059438 1.617528568144966 0.13205918326481358 0.1766823259717296 0.03394680551168919 0.1569277238848633 0.04012309994739479 0.17781911465516959
42 504 7.3957849983741175 0 0 3.1893666874248354 2.3118217001814525 1.8237418968898216 0.1373552191425539 0.1889766446601045 0.038761897347397836 0.16475947504653132 0.04127017908295916 0.19709956026602518
43 516 7.669290919313028 0 0 3.1454455504113508 2.399614335504937 1.9591306373809392 0.13539862456653468 0.2063492738200788 0.041063427121253014 0.16305114761597136 0.0416574302209935 0.20396394545228486
44 528 7.789443454496444 0 0 3.1828073986936944 2.4349711015396442 2.02817523568553 0.13809857305793552 0.2138880114451588 0.041730066082491905 0.15831067994295797 0.041012836175650484 0.2093758744509369
45 540 8.023735424288702 0 0 3.2416861784151276 2.546454395695716 2.07542923977445 0.1405860713936036 0.2367703759681961 0.04339176553850494 0.1548724411835056 0.04030432910732258 0.21382151872643743
46 552 7.556317025042706 0 0 3.017617991344013 2.417988221012704 1.9485576462774226 0.13128315452901443 0.22433895209263868 0.039268941353030225 0.1382924161155507 0.036909120006023 0.19488163290649416
47 564 7.050245025002122 0 0 2.8030982560044007 2.2395287284941743 1.835598871229563 0.11556725825536111 0.2181095697515763 0.036270613694197755 0.12842980807418378 0.03236485269899565 0.187023949225161
48 576 6.437645612883724 0 0 2.600828810122134 2.0450216094499245 1.661115677633152 0.10477972765947548 0.20182016966641764 0.03202447014542608 0.11105631085642857 0.028347814873235573 0.16783754545261703
49 588 6.206701342796861 0 0 2.4677223031580726 2.018917840138884 1.59116236892512 0.09994947623540593 0.18950233738231154 0.031656758949843954 0.10099271701340927 0.02681997136496886 0.16184808793507324
50 600 6.083930983926596 0 0 2.40127378829696 1.9491433348587466 1.6177709246139824 0.09805041113495275 0.1793920506033834 0.03146493975997895 0.09602985216877688 0.025781673653031786 0.16047069000317696
51 612 5.988101133540404 0 0 2.329142189409941 1.9541304972448688 1.6359056838119213 0.09325500789052014 0.1752540226212269 0.030247790396048274 0.09085098891397544 0.02501321465187698 0.15846347760539867
