% # columns="iter, evals, sigma, 0, fitness, xbest" seed=49380, Wed Apr  8 02:31:08 2026, <python>{}</python>
1 12 20.508292459019867 0 0.5736544611288565 308.8877196207898 303.5287088471248 25.009993191919236 2.55981041246615 3.669521478791984 0.27055947741201 0.3563444955779078 0.5149585064129006 0.9184964842048697
2 24 19.707742151269603 0 0.5115238373948411 315.69520865759915 298.9991544761444 30.399632169048697 1.5446602914191359 4.354421909411823 0.20496047121244332 0.2753177111639392 0.23548965051076176 1.3039938004341767
3 36 19.99953578678126 0 0.5317167824988314 307.3115203313996 297.5314279184234 24.29941896345426 2.3799633688653925 4.367716812588264 0.10331952293300269 0.7432234755374998 0.746353439987401 1.9270904900687538
4 48 19.193470182660384 0 0.6469803250315678 315.7256579105405 277.74900022457626 24.361990305944552 2.70538569159794 5.44389965304169 0.10899862016807679 0.3671459116481456 0.5912883840172624 0.9223996550091442
5 60 17.77263360898785 0 0.5980622416984851 311.28107400398636 291.83732853284096 21.843147443941064 1.7194888142832403 4.300413888221945 0.10042539164684997 0.4298446229510565 0.6997706122338073 1.3811946521425367
6 72 15.265799745372938 0 0.5315633739977352 306.52911544418384 288.8608148344919 26.006720407650466 2.5511431053652753 4.656759703599301 0.11043968253750121 0.7103083471259725 0.5797164851346372 1.1712119224497615
7 84 14.190640520644287 0 0.5495983860791256 304.49903296185624 297.1834995428822 25.193499775193995 2.053441150198064 4.844175288660953 0.18301981184322888 0.45436986445562 0.16365902762677592 1.3077819723032218
8 96 14.769077766428268 0 0.5178736490244205 318.0581548521738 306.8952929045853 27.087563809252956 2.664694402600345 4.959052059029527 0.15329817771321394 0.8236024940001814 0.5091397680077518 1.4169334306852113
9 108 14.457464614594615 0 0.5200700803153515 310.7534958698285 308.29846425701624 27.525587491828837 2.709032623285953 4.709662636293166 0.10634166010363584 0.4793997646824009 0.29138668959335173 1.3578131945870777
10 120 14.65249739068617 0 0.49756428028207356 314.956659564842 307.47702508942535 37.30459378195334 2.012268941596214 4.137995875555943 0.11133352922973508 0.652074650432064 0.46690321088162756 1.7747716319197224
11 132 15.770294325133523 0 0.504527928016121 315.44760119322586 304.4634135417626 36.37606145699243 1.8803585847947302 4.045615151242342 0.11101129162375781 0.8985784653782034 0.3030804518587575 2.076001326299963
12 144 18.04009249122396 0 0.525832264894809 310.22786072782276 315.49239909746836 42.395000691563475 3.114240297096043 4.735819976008785 0.18990053481750005 0.7937049365438613 0.4208741066279473 2.051087170366254
13 156 18.211336488185495 0 0.5034790533117487 312.5450447211689 309.8321875394931 39.16052350070948 2.5934143441891293 5.041045519540702 0.10289264182681732 0.6745499605324691 0.4773004030160037 1.8364753195427457
14 168 17.886750128608057 0 0.49105233088622824 311.07513774201095 312.66958472459936 40.4523077456809 2.7305472677267018 4.891472783573676 0.1036571192265094 0.9096860150894466 0.35446711941615977 1.1661292050157424
15 180 17.79002975038164 0 0.5155051474055439 307.29731113448713 313.8628302008524 37.05248380609548 3.376135459860877 5.2217185057792825 0.11207470314015974 1.358049707587633 0.2552769962460746 1.5664927535316306
16 192 20.62801561189159 0 0.4798062913647021 336.38045261365653 315.5677792779488 45.381231891755895 3.3332071352690793 5.415287022526083 0.1934407973003242 1.623788231874285 0.5621935359877455 1.8758628471487582
17 204 21.599436117952706 0 0.500764751309537 326.4269463714659 317.25168937635715 46.20645095922419 3.5999335042668523 5.296941628447886 0.2819313169463024 1.289734170885085 0.7222026441906119 1.9891371846619093
18 216 21.970511408832984 0 0.5091964873823852 323.2335853869163 312.6290185207818 35.72668280752387 3.6790323334078048 5.254805522814702 0.2426867040469074 1.715273023720861 0.8989583768550908 1.858367572229553
19 228 21.860203058622552 0 0.47222267496421266 330.76789559157487 333.4825791317625 52.91903128855952 4.7543073470086386 5.9529235933523355 0.1444971478403128 1.7924007529685757 1.1231262522766694 2.34939638602486
20 240 21.352255461411115 0 0.3964210861704044 325.42519312562627 341.4260012112687 56.01296811088357 4.692149414791665 5.257914093068333 0.14239093427116498 1.9433566865506615 1.2831463940108176 2.118555047470586
21 252 21.53365053722839 0 0.4181399159339715 320.4835477300258 335.4770306180164 47.2009715824881 4.705452873966962 5.266813496627473 0.12497999436018851 1.7667326002564738 0.8044774722970679 1.9062730565638235
22 264 21.83429523723726 0 0.44275294042562285 308.7390894534523 324.91822780924804 44.448166799487275 4.601040689129819 5.364929036980737 0.10685185977539485 1.8699255827347367 0.9395185674091245 1.3811383553337544
23 276 20.381772327482512 0 0.4691046340224292 328.21484453330817 336.86628251639013 52.54597100507962 4.649095210461983 5.56149724087541 0.1249005172979169 1.937361035050968 0.42776880103605536 1.7981541837708974
24 288 19.360873601589088 0 0.4325510165348706 318.1425966670851 336.50803443904226 50.506654191965076 4.95437474314487 5.649688193245494 0.12903861348353474 1.9001729729474421 1.098036401654878 1.4937304915497844
25 300 18.57666584425357 0 0.44377809425158754 320.8824326888051 333.09692298216936 45.74283802966498 4.772685823660753 5.200753862570155 0.17897178919803117 1.8070563307384637 1.0329951415518221 1.105175935586171
26 312 17.534337712142438 0 0.40987649930028847 321.9755970685273 338.7543651662634 51.50910433089432 5.2478329382950974 5.595091984511234 0.10241984300622523 1.9965402950140645 0.9493357885645323 1.2807481741295077
27 324 17.195685387941754 0 0.3913385543894383 331.62132761393946 349.15377381538053 51.4942627386708 5.370548488972916 5.568745355406299 0.10077562401369868 1.8445040481212691 0.9846492349426827 1.4264389333739718
28 336 17.330880499344314 0 0.3943941026842257 337.8147741980015 357.469369830234 56.462748270305376 5.959268773928604 5.6450165742544085 0.1005231937896813 1.5191129299686186 0.9417060757969602 1.5594853334780023
29 348 19.434992578483037 0 0.35891807126311626 359.94139336085135 367.0130898439166 61.27637854642528 5.993823723791637 5.74532473023314 0.10127941113949501 1.7307495517332132 1.090216965250435 1.9110499555591236
30 360 21.551124544491433 0 0.37035393903443137 357.33726615290885 359.00151200093285 51.5332245600611 5.939963200561463 5.9108379956778405 0.10083119047831461 1.4212707470039478 0.9644836640245353 1.8932485078186234
31 372 21.89192458945701 0 0.40058585821570736 357.34086695752933 357.3733305831027 57.25277771594705 5.830043234027143 5.999716017401576 0.11782393070111372 1.8108644558564497 0.9191348719202237 2.3176967226236673
32 384 21.84124838504106 0 0.36285639145494164 366.8990030289608 368.82830711784544 55.88932014292865 5.993718291644286 5.854325002143046 0.11312084540910229 1.5329989301697486 0.8191569108662992 1.703195255786912
33 396 20.387521780689898 0 0.3771689396070068 349.34378995024804 355.5879497160229 52.734366599403224 5.779083712638628 5.960087647748656 0.1328985491785355 1.9037787495178697 0.7737454265378139 1.6224568592976822
34 408 17.548651923268146 0 0.37285638763427187 357.53101960917616 360.14591730170474 52.167257375765885 5.99974284209997 5.991958358963712 0.12518739165722936 1.234803885941316 0.6263967015623857 2.040861551249229
35 420 15.981398507033397 0 0.36724904247662027 367.63077093646547 366.1319851298654 50.43191982772263 5.971654217413368 5.791667771195888 0.11071072272725978 1.8878493799005658 0.9725744915467096 2.066206970973881
36 432 13.701420129484166 0 0.3595327391484041 357.2582732625008 361.1434732027901 50.716780489187656 5.992000473237246 5.898107703645146 0.11409024351816516 1.6328888011293237 0.8831507027319678 1.8907680159147309
37 444 12.969713884392768 0 0.34072380401561486 354.5566865353121 366.4231934706794 54.06694547083216 5.942905124230018 5.63156828396834 0.14542781518502074 1.8424070703728994 0.907968895123872 1.88176628198014
38 456 12.86180925098539 0 0.3551740347618547 354.4416009070996 368.47722036189646 54.635464969935384 5.965611692519309 5.7728143051087555 0.1361086377741353 1.4434287928670018 0.6879176086017988 1.620311102028451
39 468 13.382818764853383 0 0.3537449902840649 363.2438697512461 371.031684140182 50.00428904817259 5.938749572186991 5.687137115198516 0.15078007998284712 1.3367316436710266 0.6200185883578169 1.5921484009362041
40 480 11.955806091630883 0 0.3331619083939239 352.8582022205406 366.337048927223 52.72600187254336 5.817659244121672 5.46486657505359 0.17585732278904376 1.6302165779453854 0.7264862705348326 1.6967559914532637
41 492 12.09454712102008 0 0.33795368618712374 352.24141155189324 374.2635820864009 57.56665878612925 5.981120983258231 5.49247949766602 0.15909767667888372 1.5240762476972844 0.759870710898383 1.43715611033311
42 504 11.811431778153294 0 0.3474939908087412 358.9271995398961 375.54522461893515 60.29963111941347 5.924476493621012 5.424629892323892 0.12891415417621985 1.7087621501708496 0.8770137781957679 1.4434988720859687
43 516 10.928570779924714 0 0.3337758266231434 356.49379697792676 369.7258230430402 50.968873058550415 5.970331661255521 5.533467955529091 0.16189496253068844 1.5623416772066505 0.793379631391934 1.6121520771312445
44 528 10.898475727770856 0 0.33241722171060417 359.72819741902396 374.2210717135162 56.18485567069882 5.770216971765464 5.226938463329163 0.1671229016890048 1.6754438957025555 0.8330168196655979 1.7379261438470504
45 540 11.822726549519889 0 0.33199962158544394 364.4636414711573 377.21104602874635 55.84651163196381 5.886400565951352 5.297674291366698 0.20683071270903264 1.8811016385313457 0.8635225716895637 1.6968211068772163
46 552 11.720886664930411 0 0.32554200991867277 363.67986838771856 379.0211344704431 58.42896936094116 5.9044541315598025 5.278262112640943 0.19238759879756892 1.8218603983688006 0.7983173790548496 1.3315504837818537
47 564 10.706399293740175 0 0.3211201112541954 352.8275679791917 375.8001813299827 57.3813719412165 5.971404406896073 5.326949030168116 0.20186132703462384 1.8813684765391485 0.9448469294245909 1.6140854471050117
48 576 11.354925070131085 0 0.3223851329055326 360.8457340802324 381.10143313544216 54.081563709537086 5.990462690067116 5.149741022592669 0.26861555374536356 1.4521869253283168 0.6207274644163527 1.6456380114247404
49 588 12.701537491421384 0 0.32440170592274775 351.58846531441657 378.6903038113085 54.51621378406835 5.852073962775561 4.9086374805568544 0.30906731930965825 1.6956367275554787 0.7554839452031755 1.3033632974654912
50 600 12.218823810091965 0 0.3242080762873609 354.8627560080059 379.62088463560485 55.78015422469781 5.99844246067591 5.069243692306438 0.30610507065472936 1.7971975970055647 0.8169403459716892 1.54494424552809
51 612 11.825062195647115 0 0.32285679794755184 354.5976346626402 379.89267120900905 61.00924010114321 5.997726585403751 5.145162672272712 0.18747852681647512 1.9877886466404453 0.9846398917568995 1.606924737263696
