% # columns="iteration, evaluation, min 25%tile 75%tile max correlation, correlation matrix principal axes lengths  (sorted square roots of eigenvalues of correlation matrix)", seed=49380, Wed Apr  8 02:31:08 2026
1 12 -0.1480971944032099 -0.028289654559447132 0.0111343561358113 0.038292286976729276 0.8865986842101703 0.9735695753799161 0.9769413651452067 0.9856493900834528 1.000927946479956 1.0062651846957202 1.0179871817512918 1.0535661730603203 1.0860294400915205
2 24 -0.1480971944032099 -0.028289654559447132 0.0111343561358113 0.038292286976729276 0.8865986842101703 0.9735695753799161 0.9769413651452067 0.9856493900834528 1.000927946479956 1.0062651846957202 1.0179871817512918 1.0535661730603203 1.0860294400915205
3 36 -0.1480971944032099 -0.028289654559447132 0.0111343561358113 0.038292286976729276 0.8865986842101703 0.9735695753799161 0.9769413651452067 0.9856493900834528 1.000927946479956 1.0062651846957202 1.0179871817512918 1.0535661730603203 1.0860294400915205
4 48 -0.1480971944032099 -0.028289654559447132 0.0111343561358113 0.038292286976729276 0.8865986842101703 0.9735695753799161 0.9769413651452067 0.9856493900834528 1.000927946479956 1.0062651846957202 1.0179871817512918 1.0535661730603203 1.0860294400915205
5 60 -0.1480971944032099 -0.028289654559447132 0.0111343561358113 0.038292286976729276 0.8865986842101703 0.9735695753799161 0.9769413651452067 0.9856493900834528 1.000927946479956 1.0062651846957202 1.0179871817512918 1.0535661730603203 1.0860294400915205
6 72 -0.1480971944032099 -0.028289654559447132 0.0111343561358113 0.038292286976729276 0.8865986842101703 0.9735695753799161 0.9769413651452067 0.9856493900834528 1.000927946479956 1.0062651846957202 1.0179871817512918 1.0535661730603203 1.0860294400915205
7 84 -0.1480971944032099 -0.028289654559447132 0.0111343561358113 0.038292286976729276 0.8865986842101703 0.9735695753799161 0.9769413651452067 0.9856493900834528 1.000927946479956 1.0062651846957202 1.0179871817512918 1.0535661730603203 1.0860294400915205
8 96 -0.1480971944032099 -0.028289654559447132 0.0111343561358113 0.038292286976729276 0.8865986842101703 0.9735695753799161 0.9769413651452067 0.9856493900834528 1.000927946479956 1.0062651846957202 1.0179871817512918 1.0535661730603203 1.0860294400915205
9 108 -0.1480971944032099 -0.028289654559447132 0.0111343561358113 0.038292286976729276 0.8865986842101703 0.9735695753799161 0.9769413651452067 0.9856493900834528 1.000927946479956 1.0062651846957202 1.0179871817512918 1.0535661730603203 1.0860294400915205
10 120 -0.29110844911596845 -0.11052224428086724 0.058817104825421865 0.18382835102482137 0.7277303925352879 0.8251120848462531 0.8579024133178441 0.9459147598742473 0.9819809667832916 1.0050207733948082 1.09651183325542 1.150688977595652 1.287660879963173
11 132 -0.29110844911596845 -0.11052224428086724 0.058817104825421865 0.18382835102482137 0.7277303925352879 0.8251120848462531 0.8579024133178441 0.9459147598742473 0.9819809667832916 1.0050207733948082 1.09651183325542 1.150688977595652 1.287660879963173
12 144 -0.29110844911596845 -0.11052224428086724 0.058817104825421865 0.18382835102482137 0.7277303925352879 0.8251120848462531 0.8579024133178441 0.9459147598742473 0.9819809667832916 1.0050207733948082 1.09651183325542 1.150688977595652 1.287660879963173
13 156 -0.29110844911596845 -0.11052224428086724 0.058817104825421865 0.18382835102482137 0.7277303925352879 0.8251120848462531 0.8579024133178441 0.9459147598742473 0.9819809667832916 1.0050207733948082 1.09651183325542 1.150688977595652 1.287660879963173
14 168 -0.29110844911596845 -0.11052224428086724 0.058817104825421865 0.18382835102482137 0.7277303925352879 0.8251120848462531 0.8579024133178441 0.9459147598742473 0.9819809667832916 1.0050207733948082 1.09651183325542 1.150688977595652 1.287660879963173
15 180 -0.29110844911596845 -0.11052224428086724 0.058817104825421865 0.18382835102482137 0.7277303925352879 0.8251120848462531 0.8579024133178441 0.9459147598742473 0.9819809667832916 1.0050207733948082 1.09651183325542 1.150688977595652 1.287660879963173
16 192 -0.29110844911596845 -0.11052224428086724 0.058817104825421865 0.18382835102482137 0.7277303925352879 0.8251120848462531 0.8579024133178441 0.9459147598742473 0.9819809667832916 1.0050207733948082 1.09651183325542 1.150688977595652 1.287660879963173
17 204 -0.29110844911596845 -0.11052224428086724 0.058817104825421865 0.18382835102482137 0.7277303925352879 0.8251120848462531 0.8579024133178441 0.9459147598742473 0.9819809667832916 1.0050207733948082 1.09651183325542 1.150688977595652 1.287660879963173
18 216 -0.29110844911596845 -0.11052224428086724 0.058817104825421865 0.18382835102482137 0.7277303925352879 0.8251120848462531 0.8579024133178441 0.9459147598742473 0.9819809667832916 1.0050207733948082 1.09651183325542 1.150688977595652 1.287660879963173
19 228 -0.45064949297829837 -0.18446563579298314 0.021057036263709347 0.2545102903776302 0.5002844994677424 0.7276715783205236 0.7998427503591691 0.9193487087315818 0.987655376412067 1.0144928458934217 1.1169387971393299 1.2102942642507049 1.420646212323982
20 240 -0.45064949297829837 -0.18446563579298314 0.021057036263709347 0.2545102903776302 0.5002844994677424 0.7276715783205236 0.7998427503591691 0.9193487087315818 0.987655376412067 1.0144928458934217 1.1169387971393299 1.2102942642507049 1.420646212323982
21 252 -0.45064949297829837 -0.18446563579298314 0.021057036263709347 0.2545102903776302 0.5002844994677424 0.7276715783205236 0.7998427503591691 0.9193487087315818 0.987655376412067 1.0144928458934217 1.1169387971393299 1.2102942642507049 1.420646212323982
22 264 -0.45064949297829837 -0.18446563579298314 0.021057036263709347 0.2545102903776302 0.5002844994677424 0.7276715783205236 0.7998427503591691 0.9193487087315818 0.987655376412067 1.0144928458934217 1.1169387971393299 1.2102942642507049 1.420646212323982
23 276 -0.45064949297829837 -0.18446563579298314 0.021057036263709347 0.2545102903776302 0.5002844994677424 0.7276715783205236 0.7998427503591691 0.9193487087315818 0.987655376412067 1.0144928458934217 1.1169387971393299 1.2102942642507049 1.420646212323982
24 288 -0.45064949297829837 -0.18446563579298314 0.021057036263709347 0.2545102903776302 0.5002844994677424 0.7276715783205236 0.7998427503591691 0.9193487087315818 0.987655376412067 1.0144928458934217 1.1169387971393299 1.2102942642507049 1.420646212323982
25 300 -0.45064949297829837 -0.18446563579298314 0.021057036263709347 0.2545102903776302 0.5002844994677424 0.7276715783205236 0.7998427503591691 0.9193487087315818 0.987655376412067 1.0144928458934217 1.1169387971393299 1.2102942642507049 1.420646212323982
26 312 -0.45064949297829837 -0.18446563579298314 0.021057036263709347 0.2545102903776302 0.5002844994677424 0.7276715783205236 0.7998427503591691 0.9193487087315818 0.987655376412067 1.0144928458934217 1.1169387971393299 1.2102942642507049 1.420646212323982
27 324 -0.45064949297829837 -0.18446563579298314 0.021057036263709347 0.2545102903776302 0.5002844994677424 0.7276715783205236 0.7998427503591691 0.9193487087315818 0.987655376412067 1.0144928458934217 1.1169387971393299 1.2102942642507049 1.420646212323982
28 336 -0.5799194016774049 -0.1779211194866489 0.053077870395315974 0.30828237400820774 0.40970342045449143 0.7184459687344411 0.7492219269383315 0.8511100572502185 0.9483860514437049 1.0891587504841451 1.1408128839726712 1.1796900534934145 1.5004769665146345
29 348 -0.5799194016774049 -0.1779211194866489 0.053077870395315974 0.30828237400820774 0.40970342045449143 0.7184459687344411 0.7492219269383315 0.8511100572502185 0.9483860514437049 1.0891587504841451 1.1408128839726712 1.1796900534934145 1.5004769665146345
30 360 -0.5799194016774049 -0.1779211194866489 0.053077870395315974 0.30828237400820774 0.40970342045449143 0.7184459687344411 0.7492219269383315 0.8511100572502185 0.9483860514437049 1.0891587504841451 1.1408128839726712 1.1796900534934145 1.5004769665146345
31 372 -0.5799194016774049 -0.1779211194866489 0.053077870395315974 0.30828237400820774 0.40970342045449143 0.7184459687344411 0.7492219269383315 0.8511100572502185 0.9483860514437049 1.0891587504841451 1.1408128839726712 1.1796900534934145 1.5004769665146345
32 384 -0.5799194016774049 -0.1779211194866489 0.053077870395315974 0.30828237400820774 0.40970342045449143 0.7184459687344411 0.7492219269383315 0.8511100572502185 0.9483860514437049 1.0891587504841451 1.1408128839726712 1.1796900534934145 1.5004769665146345
33 396 -0.5799194016774049 -0.1779211194866489 0.053077870395315974 0.30828237400820774 0.40970342045449143 0.7184459687344411 0.7492219269383315 0.8511100572502185 0.9483860514437049 1.0891587504841451 1.1408128839726712 1.1796900534934145 1.5004769665146345
34 408 -0.5799194016774049 -0.1779211194866489 0.053077870395315974 0.30828237400820774 0.40970342045449143 0.7184459687344411 0.7492219269383315 0.8511100572502185 0.9483860514437049 1.0891587504841451 1.1408128839726712 1.1796900534934145 1.5004769665146345
35 420 -0.5799194016774049 -0.1779211194866489 0.053077870395315974 0.30828237400820774 0.40970342045449143 0.7184459687344411 0.7492219269383315 0.8511100572502185 0.9483860514437049 1.0891587504841451 1.1408128839726712 1.1796900534934145 1.5004769665146345
36 432 -0.5799194016774049 -0.1779211194866489 0.053077870395315974 0.30828237400820774 0.40970342045449143 0.7184459687344411 0.7492219269383315 0.8511100572502185 0.9483860514437049 1.0891587504841451 1.1408128839726712 1.1796900534934145 1.5004769665146345
37 444 -0.550747496869022 -0.24281903828967588 0.09318488290881109 0.2541302855958809 0.35611657230645627 0.6518355774773544 0.7381348732139598 0.8205175947845175 0.9801050722789496 1.0175402854478393 1.183706013587203 1.2704149427300417 1.489661342026243
38 456 -0.550747496869022 -0.24281903828967588 0.09318488290881109 0.2541302855958809 0.35611657230645627 0.6518355774773544 0.7381348732139598 0.8205175947845175 0.9801050722789496 1.0175402854478393 1.183706013587203 1.2704149427300417 1.489661342026243
39 468 -0.550747496869022 -0.24281903828967588 0.09318488290881109 0.2541302855958809 0.35611657230645627 0.6518355774773544 0.7381348732139598 0.8205175947845175 0.9801050722789496 1.0175402854478393 1.183706013587203 1.2704149427300417 1.489661342026243
40 480 -0.550747496869022 -0.24281903828967588 0.09318488290881109 0.2541302855958809 0.35611657230645627 0.6518355774773544 0.7381348732139598 0.8205175947845175 0.9801050722789496 1.0175402854478393 1.183706013587203 1.2704149427300417 1.489661342026243
41 492 -0.550747496869022 -0.24281903828967588 0.09318488290881109 0.2541302855958809 0.35611657230645627 0.6518355774773544 0.7381348732139598 0.8205175947845175 0.9801050722789496 1.0175402854478393 1.183706013587203 1.2704149427300417 1.489661342026243
42 504 -0.550747496869022 -0.24281903828967588 0.09318488290881109 0.2541302855958809 0.35611657230645627 0.6518355774773544 0.7381348732139598 0.8205175947845175 0.9801050722789496 1.0175402854478393 1.183706013587203 1.2704149427300417 1.489661342026243
43 516 -0.550747496869022 -0.24281903828967588 0.09318488290881109 0.2541302855958809 0.35611657230645627 0.6518355774773544 0.7381348732139598 0.8205175947845175 0.9801050722789496 1.0175402854478393 1.183706013587203 1.2704149427300417 1.489661342026243
44 528 -0.550747496869022 -0.24281903828967588 0.09318488290881109 0.2541302855958809 0.35611657230645627 0.6518355774773544 0.7381348732139598 0.8205175947845175 0.9801050722789496 1.0175402854478393 1.183706013587203 1.2704149427300417 1.489661342026243
45 540 -0.550747496869022 -0.24281903828967588 0.09318488290881109 0.2541302855958809 0.35611657230645627 0.6518355774773544 0.7381348732139598 0.8205175947845175 0.9801050722789496 1.0175402854478393 1.183706013587203 1.2704149427300417 1.489661342026243
46 552 -0.6396064017843006 -0.24700454126200697 0.075251320594705 0.48420000748791103 0.3228850800248374 0.49032286314566303 0.650713314080411 0.7760397956726425 0.9150591942951899 1.0658213799957064 1.1641935646023098 1.3173978095816492 1.6017087580808114
47 564 -0.6396064017843006 -0.24700454126200697 0.075251320594705 0.48420000748791103 0.3228850800248374 0.49032286314566303 0.650713314080411 0.7760397956726425 0.9150591942951899 1.0658213799957064 1.1641935646023098 1.3173978095816492 1.6017087580808114
48 576 -0.6396064017843006 -0.24700454126200697 0.075251320594705 0.48420000748791103 0.3228850800248374 0.49032286314566303 0.650713314080411 0.7760397956726425 0.9150591942951899 1.0658213799957064 1.1641935646023098 1.3173978095816492 1.6017087580808114
49 588 -0.6396064017843006 -0.24700454126200697 0.075251320594705 0.48420000748791103 0.3228850800248374 0.49032286314566303 0.650713314080411 0.7760397956726425 0.9150591942951899 1.0658213799957064 1.1641935646023098 1.3173978095816492 1.6017087580808114
50 600 -0.6396064017843006 -0.24700454126200697 0.075251320594705 0.48420000748791103 0.3228850800248374 0.49032286314566303 0.650713314080411 0.7760397956726425 0.9150591942951899 1.0658213799957064 1.1641935646023098 1.3173978095816492 1.6017087580808114
51 612 -0.6396064017843006 -0.24700454126200697 0.075251320594705 0.48420000748791103 0.3228850800248374 0.49032286314566303 0.650713314080411 0.7760397956726425 0.9150591942951899 1.0658213799957064 1.1641935646023098 1.3173978095816492 1.6017087580808114
