% # columns="iteration, evaluation, void, void, void, xmean", seed=61725, Wed Apr  8 03:09:40 2026, <python>{}</python> # scaling_of_variables: 1, typical_x: 0
1 12 0 0 0 298.9801408280707 272.25128977451715 23.207428274004577 1.2040289724852464 4.086610916949256 0.2566108861441387 0.13813687313183506 0.3021177289661071 1.0606469850638935
2 24 0 0 0 309.6771927302174 270.4788200004408 25.540340241262466 1.2374441037144213 4.026990100555818 0.2668523527346214 0.09800291888157046 0.22254113001245793 1.031900236762307
3 36 0 0 0 307.959654360867 271.914396976926 29.925703434974935 1.2051509253052124 3.513286586864865 0.2764535116098141 0.06872613887233692 0.6441186572380457 1.1816987487612858
4 48 0 0 0 299.997595186412 262.9618860097717 27.50463202140976 0.6470688403685512 3.648754668940899 0.25690753261857685 0.2955612760610536 0.7506242623042915 1.1997270714055994
5 60 0 0 0 298.38220668127343 260.79057928525083 23.702993226680174 0.6007422499554383 3.480327613757878 0.27007903993857363 0.25803433874236 0.8687792451882501 0.9024144628165444
6 72 0 0 0 295.19161141077495 249.8752683263644 24.474879992524883 0.5664603050392207 3.209439088846673 0.2970766883261488 0.460672362367907 0.9236876710323338 0.7521356201111451
7 84 0 0 0 296.70599395001375 252.90781580788826 29.873303585595593 0.7860696438497553 3.855871261452492 0.22460565864484655 0.5007505387206311 0.8916068412252622 0.9226955433598771
8 96 0 0 0 310.4413183300119 257.6529581874273 27.760437259408125 1.1939891697286305 3.7787406190160224 0.23855262421562373 0.5909293821942914 1.087533921304707 0.5873344078223479
9 108 0 0 0 316.7741857783926 255.38858552589315 36.427077001656976 0.788019301570596 3.8283748238949253 0.21769017652376574 0.3762823905992667 1.0834086565968681 0.6275471828872654
10 120 0 0 0 310.99051830319956 258.97879672883096 32.65812403789833 0.5000898255852072 3.596609233938453 0.18838998673683835 0.23842462004684012 1.158878012662278 0.5218369916379598
11 132 0 0 0 298.5263582396664 260.5127037108819 33.26728042261239 0.6564709570711018 3.339115956304103 0.19871654136420389 0.12246360731819089 1.1812998066724667 -0.13723479709198927
12 144 0 0 0 295.34804458190723 259.2202803287627 39.70766603106933 0.5034924828388908 3.5164048399241494 0.23215627139777315 0.18967111421918187 1.3927923818333885 -0.09045735441052027
13 156 0 0 0 288.70795700250324 260.9504415068455 39.76747770220206 0.7045983716888833 3.320838248541465 0.2876158838314975 0.09326116298451298 1.4069973408150014 -0.2860205131629352
14 168 0 0 0 289.89918265662385 258.6180654207569 40.6462790714755 0.109926643978536 3.860601288139915 0.306356730534108 0.00720299019012011 1.6100080754611774 -0.28266655620265846
15 180 0 0 0 296.9769219208938 247.82325659854962 45.94011695570427 0.328041978021549 4.2046524538973555 0.36506891356391413 -0.10426972872974194 1.6323439490890563 -0.619616140829769
16 192 0 0 0 300.4234989460396 241.99618717943747 43.23693587088917 0.3060723840097831 4.483058550299697 0.3583505615994508 0.09884462776161482 1.5982706140883889 0.045602899631216984
17 204 0 0 0 305.86793148592784 247.09647160564182 40.79250714575747 0.26666315831484966 4.9106866217095195 0.3724087400481172 0.3394797599486846 1.5273187427827166 0.7335787142814139
18 216 0 0 0 307.6632739932121 242.1162255069719 47.75167740487403 0.24719426485404133 4.538610527506217 0.3740288784403698 0.28296013435492245 1.5344793164735178 0.5867718322559564
19 228 0 0 0 315.01641973347085 249.2207338912024 54.20309889563547 0.6702596812495519 4.8364152581927 0.3795446201082103 0.21244094937132238 1.6752701887169594 0.4732766285601067
20 240 0 0 0 313.953185261533 253.50554858659007 56.91652555441879 0.6318063927504333 5.051238396823427 0.3932764463200646 -0.147893804822609 1.524222141931597 0.2255332618566595
21 252 0 0 0 305.1186966773089 248.7095039253055 54.97513091644796 0.492006323859218 5.559270956824398 0.29883316180852304 -0.23329700977497092 1.5337921245318562 0.42290062310922677
22 264 0 0 0 311.0999501900706 244.88131251319064 53.05271119286231 0.5705841895804805 6.063459920981165 0.3820680731188655 -0.12936591651949936 1.3943766410899538 0.4834551862078023
23 276 0 0 0 308.39151378860504 246.61441681750034 51.92837624625791 1.0245137929429806 5.9117852911322855 0.3728618626090148 -0.33077673667969193 1.3957506638575767 0.5194528081006706
24 288 0 0 0 309.18739452173253 243.04853454973417 50.37863168166566 0.7574118590334232 6.028897911908485 0.3154147071928282 -0.224713875448262 1.4402252007279215 0.639250266794951
25 300 0 0 0 302.3993621883904 245.20432573341253 49.061311757123065 0.4149913059336841 5.757376928061014 0.37974817588986726 -0.05498583412476182 1.3775436019577216 0.6003276838898883
26 312 0 0 0 305.51695794764447 242.18008928514735 50.02463475922322 0.2667736111698956 6.112449192845745 0.415568161669112 0.023406146171047477 1.4694439788987141 0.6721079527708478
27 324 0 0 0 296.68013389651435 240.80988168356177 50.69073113459822 0.2694036386387085 5.833769610314693 0.41427794113873206 0.29112061505004794 1.5995068587349492 0.727287903407695
28 336 0 0 0 300.98482911807406 240.99660760916925 53.019895864552176 0.490662026107309 6.415591844214142 0.40141478763234845 0.3187271339767517 1.6501514544444835 0.7797129536146461
29 348 0 0 0 301.1416052512331 241.83954243814262 54.718848414551275 0.5119011566951027 6.017237637789799 0.43099380890741645 0.2820834257077495 1.5719932833800434 0.39476821177875393
30 360 0 0 0 302.5653593997914 241.24120284049232 55.749123790273146 0.20986820627398686 6.193472987077902 0.4599345678861586 0.15050981443588543 1.5996903359337962 0.6465858703182216
31 372 0 0 0 307.84001965976734 241.69546569360577 58.31241071016677 0.32964924784643745 5.941125877284831 0.46664202888314643 0.15699270877142998 1.6424711050456309 0.6135917649426746
32 384 0 0 0 312.1847231970767 241.04166503744742 57.524302451262656 0.48783660462836975 5.607167701092859 0.4468752427050565 0.1305573398725734 1.6497201243288189 0.8290778537186496
33 396 0 0 0 319.2607241507889 241.09411823228947 56.26327458711468 0.6054248422605999 5.814166352165904 0.4763648669797806 0.13755586190118446 1.6424789989817878 0.9010684089039102
34 408 0 0 0 321.57129112428095 240.37666703361896 55.230894663641834 0.4056773306462271 5.89677683703502 0.4845253320269185 0.07857201674923188 1.648345296524899 0.9953292898768058
35 420 0 0 0 324.17740506294194 239.5804917386406 54.82663444208892 0.43297324388090863 5.952514639708292 0.4715235617063008 0.0339758798806204 1.721000371112754 1.1605979477593231
36 432 0 0 0 318.19241027477705 238.30038837321501 52.51991634235807 0.4021682597832869 6.246643978244269 0.4635542926721196 0.07401853060176097 1.7240872219937262 1.3779520960163987
37 444 0 0 0 314.10764434882293 239.6325375333589 50.4359746759379 0.2238882409182179 6.197616941599483 0.4875505441039159 0.07754318309336848 1.7319252875712967 1.381705045836971
38 456 0 0 0 317.9069424477627 239.39761528748554 48.57989735216462 0.3404328176332508 5.979613546117185 0.4622289083823768 0.13660526453838998 1.795497485577164 1.516878066720505
39 468 0 0 0 318.32863974901517 241.46139828701084 48.20240064677121 0.4347723618646035 6.129927944947838 0.4142030329966205 0.04439244120645911 1.6836257928434486 1.8182907161449982
40 480 0 0 0 324.793542273987 241.26306354293376 50.40246466601551 0.6572031429382311 6.180192686360475 0.417901845357927 0.006939569772432383 1.7220796265189027 1.9777010676563545
41 492 0 0 0 320.6414158745682 240.48940513482088 49.01075241705715 0.5603621144282466 6.103298427389729 0.4254364539651292 -0.015943474305355677 1.7477255154882338 1.7653563587608239
42 504 0 0 0 317.2781630622736 241.39633016109363 47.701475323138936 0.6982081857857688 6.192562684547818 0.4673711900221568 -0.004853742178827629 1.664946524046266 1.65022423141095
43 516 0 0 0 317.5965508757702 240.8138755475001 47.67092476189232 0.7818443939397477 6.441120522982032 0.4782983607582788 -0.02586035707824282 1.7156882065758605 1.6429233268651169
44 528 0 0 0 319.0413167203747 236.73742249433607 47.58249886571617 0.6874946170715651 6.606587897002868 0.48207055724329445 0.049591977816281704 1.7091423453074623 1.6675961881286196
45 540 0 0 0 322.8630604814067 236.41291852006597 47.90181194675881 0.5785133942225593 6.510870320205322 0.4546248916527937 -0.049957842634570364 1.7580632555448918 1.7517699749600866
46 552 0 0 0 323.07817914383077 234.78922389162796 48.28763121954363 0.6268481068442217 6.557679143744582 0.4942759911180985 0.004723151116594869 1.7790708888006783 1.680283842524914
47 564 0 0 0 327.8799422823004 234.6103827485605 47.87380665600041 0.548525959651058 6.50264317350546 0.48584779813214324 0.016291278694036286 1.7584122402510014 1.6858792735037837
48 576 0 0 0 329.22823705529805 234.09920667949038 47.614454841727095 0.29274163154480615 6.353156583173421 0.500905785615283 0.011113602400156557 1.8007832396710264 1.6632955873164252
49 588 0 0 0 326.70018556418864 234.54625893393003 46.13386628112757 0.4260786092970759 6.2780941668333226 0.49050547491083346 0.0076811180117985975 1.7916889175997592 1.7860351072698888
50 600 0 0 0 324.65119757203144 234.89395302415107 45.88768656531141 0.34692795497321166 6.09671580670522 0.5000153241425549 0.09138506043082817 1.827582263314482 1.5357632625905635
51 612 0 0 0 322.388687207984 233.19357065785118 44.816785255300765 0.2915763776341683 6.17386643524786 0.4982106874476622 0.029181800168780136 1.812383071644667 1.521228945758479
