% # columns="iteration, evaluation, sigma, beta, void,  sigvec==sigma_vec.scaling factors from diagonal decoding", seed=123450, Mon Apr 13 17:33:00 2026, <python>{}</python>
1 12 18.635719768039273 1 0 0.00045 0.23 0.0011 0.42 0.42 0.7 0.13 0.13 0.37
2 24 18.956604449744862 1 0 0.00045 0.23 0.0011 0.42 0.42 0.7 0.13 0.13 0.37
3 36 19.019220951340003 1 0 0.00045 0.23 0.0011 0.42 0.42 0.7 0.13 0.13 0.37
4 48 20.379682610928118 1 0 0.00045 0.23 0.0011 0.42 0.42 0.7 0.13 0.13 0.37
5 60 22.324040467485116 1 0 0.00045 0.23 0.0011 0.42 0.42 0.7 0.13 0.13 0.37
6 72 22.537234564363327 1 0 0.00045 0.23 0.0011 0.42 0.42 0.7 0.13 0.13 0.37
7 84 22.157622586608685 1 0 0.00045 0.23 0.0011 0.42 0.42 0.7 0.13 0.13 0.37
8 96 19.840299143261277 1 0 0.00045 0.23 0.0011 0.42 0.42 0.7 0.13 0.13 0.37
9 108 19.96921978005366 1 0 0.00045 0.23 0.0011 0.42 0.42 0.7 0.13 0.13 0.37
10 120 18.403361129431605 1 0 0.00045 0.23 0.0011 0.42 0.42 0.7 0.13 0.13 0.37
11 132 16.647314120202868 1 0 0.00045 0.23 0.0011 0.42 0.42 0.7 0.13 0.13 0.37
12 144 16.72232244396487 1 0 0.00045 0.23 0.0011 0.42 0.42 0.7 0.13 0.13 0.37
13 156 17.040595642980808 1 0 0.00045 0.23 0.0011 0.42 0.42 0.7 0.13 0.13 0.37
14 168 14.87983413128499 1 0 0.00045 0.23 0.0011 0.42 0.42 0.7 0.13 0.13 0.37
15 180 15.654782596052073 1 0 0.00045 0.23 0.0011 0.42 0.42 0.7 0.13 0.13 0.37
16 192 17.195890800262 1 0 0.00045 0.23 0.0011 0.42 0.42 0.7 0.13 0.13 0.37
17 204 17.700441496373475 1 0 0.00045 0.23 0.0011 0.42 0.42 0.7 0.13 0.13 0.37
18 216 17.423099054962535 1 0 0.00045 0.23 0.0011 0.42 0.42 0.7 0.13 0.13 0.37
19 228 19.246313078418197 1 0 0.00045 0.23 0.0011 0.42 0.42 0.7 0.13 0.13 0.37
20 240 20.32750015185212 1 0 0.00045 0.23 0.0011 0.42 0.42 0.7 0.13 0.13 0.37
21 252 23.452066502797216 1 0 0.00045 0.23 0.0011 0.42 0.42 0.7 0.13 0.13 0.37
22 264 23.508741604111425 1 0 0.00045 0.23 0.0011 0.42 0.42 0.7 0.13 0.13 0.37
23 276 22.368073334505866 1 0 0.00045 0.23 0.0011 0.42 0.42 0.7 0.13 0.13 0.37
24 288 21.177691195797365 1 0 0.00045 0.23 0.0011 0.42 0.42 0.7 0.13 0.13 0.37
25 300 18.165279349426708 1 0 0.00045 0.23 0.0011 0.42 0.42 0.7 0.13 0.13 0.37
26 312 16.08085597773681 1 0 0.00045 0.23 0.0011 0.42 0.42 0.7 0.13 0.13 0.37
27 324 16.387653500182765 1 0 0.00045 0.23 0.0011 0.42 0.42 0.7 0.13 0.13 0.37
28 336 17.240486051806165 1 0 0.00045 0.23 0.0011 0.42 0.42 0.7 0.13 0.13 0.37
29 348 17.68122374174741 1 0 0.00045 0.23 0.0011 0.42 0.42 0.7 0.13 0.13 0.37
30 360 17.925921313324924 1 0 0.00045 0.23 0.0011 0.42 0.42 0.7 0.13 0.13 0.37
31 372 17.294915179104 1 0 0.00045 0.23 0.0011 0.42 0.42 0.7 0.13 0.13 0.37
32 384 17.01994655841157 1 0 0.00045 0.23 0.0011 0.42 0.42 0.7 0.13 0.13 0.37
33 396 16.712441793095817 1 0 0.00045 0.23 0.0011 0.42 0.42 0.7 0.13 0.13 0.37
34 408 17.208599818171677 1 0 0.00045 0.23 0.0011 0.42 0.42 0.7 0.13 0.13 0.37
35 420 17.52229535812735 1 0 0.00045 0.23 0.0011 0.42 0.42 0.7 0.13 0.13 0.37
36 432 16.90543590213055 1 0 0.00045 0.23 0.0011 0.42 0.42 0.7 0.13 0.13 0.37
37 444 17.6769365715538 1 0 0.00045 0.23 0.0011 0.42 0.42 0.7 0.13 0.13 0.37
38 456 18.270092820516954 1 0 0.00045 0.23 0.0011 0.42 0.42 0.7 0.13 0.13 0.37
39 468 18.83912446464914 1 0 0.00045 0.23 0.0011 0.42 0.42 0.7 0.13 0.13 0.37
40 480 20.909435608940193 1 0 0.00045 0.23 0.0011 0.42 0.42 0.7 0.13 0.13 0.37
41 492 22.764339790313397 1 0 0.00045 0.23 0.0011 0.42 0.42 0.7 0.13 0.13 0.37
42 504 24.660882550491838 1 0 0.00045 0.23 0.0011 0.42 0.42 0.7 0.13 0.13 0.37
43 516 24.575604847821168 1 0 0.00045 0.23 0.0011 0.42 0.42 0.7 0.13 0.13 0.37
44 528 24.974779722235677 1 0 0.00045 0.23 0.0011 0.42 0.42 0.7 0.13 0.13 0.37
45 540 24.372472114836704 1 0 0.00045 0.23 0.0011 0.42 0.42 0.7 0.13 0.13 0.37
46 552 25.565116892673654 1 0 0.00045 0.23 0.0011 0.42 0.42 0.7 0.13 0.13 0.37
47 564 27.418085022873623 1 0 0.00045 0.23 0.0011 0.42 0.42 0.7 0.13 0.13 0.37
48 576 26.915208808835004 1 0 0.00045 0.23 0.0011 0.42 0.42 0.7 0.13 0.13 0.37
49 588 26.01496796966657 1 0 0.00045 0.23 0.0011 0.42 0.42 0.7 0.13 0.13 0.37
50 600 23.61001909590915 1 0 0.00045 0.23 0.0011 0.42 0.42 0.7 0.13 0.13 0.37
51 612 22.730995264171437 1 0 0.00045 0.23 0.0011 0.42 0.42 0.7 0.13 0.13 0.37
52 624 21.763426973695463 1 0 0.00045 0.23 0.0011 0.42 0.42 0.7 0.13 0.13 0.37
53 636 23.16369269635392 1 0 0.00045 0.23 0.0011 0.42 0.42 0.7 0.13 0.13 0.37
54 648 22.71243194359347 1 0 0.00045 0.23 0.0011 0.42 0.42 0.7 0.13 0.13 0.37
55 660 23.178379236176085 1 0 0.00045 0.23 0.0011 0.42 0.42 0.7 0.13 0.13 0.37
56 672 22.392557613706003 1 0 0.00045 0.23 0.0011 0.42 0.42 0.7 0.13 0.13 0.37
57 684 23.35325557521257 1 0 0.00045 0.23 0.0011 0.42 0.42 0.7 0.13 0.13 0.37
58 696 24.038217757106956 1 0 0.00045 0.23 0.0011 0.42 0.42 0.7 0.13 0.13 0.37
59 708 23.447489779293985 1 0 0.00045 0.23 0.0011 0.42 0.42 0.7 0.13 0.13 0.37
60 720 25.368189551149186 1 0 0.00045 0.23 0.0011 0.42 0.42 0.7 0.13 0.13 0.37
61 732 28.576193078670816 1 0 0.00045 0.23 0.0011 0.42 0.42 0.7 0.13 0.13 0.37
62 744 31.162216150259002 1 0 0.00045 0.23 0.0011 0.42 0.42 0.7 0.13 0.13 0.37
63 756 30.36007552627575 1 0 0.00045 0.23 0.0011 0.42 0.42 0.7 0.13 0.13 0.37
64 768 31.64303196569856 1 0 0.00045 0.23 0.0011 0.42 0.42 0.7 0.13 0.13 0.37
65 780 32.322463239941996 1 0 0.00045 0.23 0.0011 0.42 0.42 0.7 0.13 0.13 0.37
66 792 32.81337483701822 1 0 0.00045 0.23 0.0011 0.42 0.42 0.7 0.13 0.13 0.37
67 804 35.11427065061366 1 0 0.00045 0.23 0.0011 0.42 0.42 0.7 0.13 0.13 0.37
68 816 34.92240889965049 1 0 0.00045 0.23 0.0011 0.42 0.42 0.7 0.13 0.13 0.37
69 828 34.405046060178734 1 0 0.00045 0.23 0.0011 0.42 0.42 0.7 0.13 0.13 0.37
70 840 33.47632021764505 1 0 0.00045 0.23 0.0011 0.42 0.42 0.7 0.13 0.13 0.37
71 852 35.41228995397381 1 0 0.00045 0.23 0.0011 0.42 0.42 0.7 0.13 0.13 0.37
72 864 39.35343056354965 1 0 0.00045 0.23 0.0011 0.42 0.42 0.7 0.13 0.13 0.37
73 876 41.83230052162668 1 0 0.00045 0.23 0.0011 0.42 0.42 0.7 0.13 0.13 0.37
74 888 41.06490227379233 1 0 0.00045 0.23 0.0011 0.42 0.42 0.7 0.13 0.13 0.37
75 900 40.32674821191038 1 0 0.00045 0.23 0.0011 0.42 0.42 0.7 0.13 0.13 0.37
76 912 43.84462109599954 1 0 0.00045 0.23 0.0011 0.42 0.42 0.7 0.13 0.13 0.37
77 924 43.34995782215702 1 0 0.00045 0.23 0.0011 0.42 0.42 0.7 0.13 0.13 0.37
78 936 39.7405530910759 1 0 0.00045 0.23 0.0011 0.42 0.42 0.7 0.13 0.13 0.37
79 948 38.31758870478243 1 0 0.00045 0.23 0.0011 0.42 0.42 0.7 0.13 0.13 0.37
80 960 36.326567394407874 1 0 0.00045 0.23 0.0011 0.42 0.42 0.7 0.13 0.13 0.37
81 972 33.344117196563566 1 0 0.00045 0.23 0.0011 0.42 0.42 0.7 0.13 0.13 0.37
82 984 30.6377537156827 1 0 0.00045 0.23 0.0011 0.42 0.42 0.7 0.13 0.13 0.37
83 996 28.501567687955454 1 0 0.00045 0.23 0.0011 0.42 0.42 0.7 0.13 0.13 0.37
84 1008 31.120449010264196 1 0 0.00045 0.23 0.0011 0.42 0.42 0.7 0.13 0.13 0.37
85 1020 31.26590485786178 1 0 0.00045 0.23 0.0011 0.42 0.42 0.7 0.13 0.13 0.37
86 1032 27.292740108669804 1 0 0.00045 0.23 0.0011 0.42 0.42 0.7 0.13 0.13 0.37
87 1044 26.12441058300485 1 0 0.00045 0.23 0.0011 0.42 0.42 0.7 0.13 0.13 0.37
88 1056 23.496940446081737 1 0 0.00045 0.23 0.0011 0.42 0.42 0.7 0.13 0.13 0.37
89 1068 22.300350462101036 1 0 0.00045 0.23 0.0011 0.42 0.42 0.7 0.13 0.13 0.37
90 1080 21.364775143381664 1 0 0.00045 0.23 0.0011 0.42 0.42 0.7 0.13 0.13 0.37
91 1092 22.268074124834786 1 0 0.00045 0.23 0.0011 0.42 0.42 0.7 0.13 0.13 0.37
92 1104 21.534557901398983 1 0 0.00045 0.23 0.0011 0.42 0.42 0.7 0.13 0.13 0.37
93 1116 21.085426191665608 1 0 0.00045 0.23 0.0011 0.42 0.42 0.7 0.13 0.13 0.37
94 1128 21.610643376876684 1 0 0.00045 0.23 0.0011 0.42 0.42 0.7 0.13 0.13 0.37
95 1140 21.62679450080569 1 0 0.00045 0.23 0.0011 0.42 0.42 0.7 0.13 0.13 0.37
96 1152 22.254407466775085 1 0 0.00045 0.23 0.0011 0.42 0.42 0.7 0.13 0.13 0.37
97 1164 23.91222590976972 1 0 0.00045 0.23 0.0011 0.42 0.42 0.7 0.13 0.13 0.37
98 1176 26.634410860356375 1 0 0.00045 0.23 0.0011 0.42 0.42 0.7 0.13 0.13 0.37
99 1188 27.93803932670083 1 0 0.00045 0.23 0.0011 0.42 0.42 0.7 0.13 0.13 0.37
100 1200 25.699285547671938 1 0 0.00045 0.23 0.0011 0.42 0.42 0.7 0.13 0.13 0.37
101 1212 24.48052961617434 1 0 0.00045 0.23 0.0011 0.42 0.42 0.7 0.13 0.13 0.37
102 1224 24.504431365524773 1 0 0.00045 0.23 0.0011 0.42 0.42 0.7 0.13 0.13 0.37
103 1236 24.359179629281943 1 0 0.00045 0.23 0.0011 0.42 0.42 0.7 0.13 0.13 0.37
104 1248 26.719680442638133 1 0 0.00045 0.23 0.0011 0.42 0.42 0.7 0.13 0.13 0.37
105 1260 27.32665490592143 1 0 0.00045 0.23 0.0011 0.42 0.42 0.7 0.13 0.13 0.37
106 1272 27.31171903974302 1 0 0.00045 0.23 0.0011 0.42 0.42 0.7 0.13 0.13 0.37
107 1284 25.706418961178553 1 0 0.00045 0.23 0.0011 0.42 0.42 0.7 0.13 0.13 0.37
108 1296 24.994588493679537 1 0 0.00045 0.23 0.0011 0.42 0.42 0.7 0.13 0.13 0.37
109 1308 25.61716305005912 1 0 0.00045 0.23 0.0011 0.42 0.42 0.7 0.13 0.13 0.37
