% # columns="iteration, evaluation, sigma, axis ratio, bestever, best, median, worst objective function value, interquartile range, 25%tile, current best feasible f-value, elapsed wallclock time [s], further/more values", seed=86415, Fri Apr 10 02:17:59 2026, <python>{}</python>
1 12 18.4516486780396 1.0000444454321133 0.7236756430133658 7.2367564301336584e-01 0.8877818905686105 1.0264712277795465 0.1481846268440732 0.7976385632980654 nan 69.9   
2 24 17.547781401266963 1.167364587146624 0.7020449513243934 7.0204495132439337e-01 0.84355364138192 0.929946271764412 0.0836375696977597 0.7928470546598401 nan 138.4   
3 36 17.845512888924528 1.2840716087061066 0.6816183666111238 6.8161836661112385e-01 0.8341214439353019 0.9383469250057083 0.12743036634457583 0.7379538926923866 nan 207.5   
4 48 19.97303721352605 1.4761707606002423 0.6816183666111238 7.2054318092289815e-01 0.7669426966321597 0.8525808630866976 0.05770771793935614 0.7275693665220501 nan 277.2   
5 60 21.201939117716492 1.8275855201829065 0.6816183666111238 6.9654298700138972e-01 0.7239072690188402 0.7667998692716411 0.004486886181907845 0.7231173942075919 nan 345.3   
6 72 20.464141008694178 2.0255584099208037 0.6816183666111238 6.9560227145924791e-01 0.7235888144879812 0.936507303367473 0.01917993110783811 0.7158172096623462 nan 413.8   
7 84 21.93119714739635 2.0273361626354673 0.6816183666111238 7.0031155668390854e-01 0.7252866243607725 0.79919429335387 0.009769981231019353 0.7222659374009122 nan 482.6   
8 96 23.231947852346973 2.1066838732856508 0.6816183666111238 7.1385314918078691e-01 0.7285433529800971 0.8258773256048926 0.009960495539792613 0.7246608423068155 nan 550.9   
9 108 24.27655964531817 2.190432501441868 0.6816183666111238 7.1543663039547667e-01 0.7299740408323212 0.7810135622130068 0.01945244167666127 0.719005181326436 nan 619.0   
10 120 24.377135377031088 2.2455098556875623 0.6816183666111238 7.1316219972591122e-01 0.716355211655209 0.8334092265969594 0.011824033496780184 0.7150191282271124 nan 687.8   
11 132 24.542221013037498 2.193318485061287 0.6816183666111238 6.9689678936878385e-01 0.7151425022282822 0.7316138359781249 0.017676073798651437 0.700506483900136 nan 756.9   
12 144 25.27533066345713 2.2734843058279095 0.6816183666111238 6.9460380860651183e-01 0.7016450898987403 0.7807380167887951 0.01689303202755532 0.7001893806511603 nan 826.0   
13 156 25.99894204425537 2.175005729430545 0.6816183666111238 6.9517692068195402e-01 0.7023743183497106 0.7211588654551493 0.013460967180261796 0.7012306976905083 nan 894.8   
14 168 26.836386094045213 2.1927213707931865 0.6816183666111238 6.9775102729869443e-01 0.7064892378135675 0.7157709526561222 0.012462358784825378 0.7011349589650915 nan 963.9   
15 180 29.468832353787185 2.314772857273473 0.6816183666111238 7.0094159314839755e-01 0.7016989726490044 0.7144249204592243 0.0007520095337503196 0.7012567591439205 nan 1033.3   
16 192 35.0201091883044 2.59615663891809 0.6816183666111238 6.9650375247303875e-01 0.7008609344451682 0.7148782430845311 0.000911219461345647 0.7004740104496854 nan 1102.3   
17 204 38.49347508656977 2.754653456200962 0.6816183666111238 6.9381252453257369e-01 0.7004785765984161 0.7157870285093788 0.00123492668002112 0.7001989729160997 nan 1171.6   
18 216 38.84673528772272 2.825479095383218 0.6816183666111238 6.9797395318912692e-01 0.7023268851969576 0.721543950119464 0.012906506279145136 0.700346954857163 nan 1240.0   
19 228 45.30933113075655 2.964139893440318 0.6816183666111238 6.9964754415708219e-01 0.7006638057494277 0.7665341915316036 0.008375727827138801 0.7000959587758449 nan 1308.9   
20 240 49.273420746699344 3.0185955187664395 0.6816183666111238 6.9336112552374618e-01 0.6997251764922665 0.7116072217180305 0.0010400881012814223 0.6990658178861734 nan 1377.6   
21 252 47.82031027231893 3.176975292293313 0.6816183666111238 6.9398760498906809e-01 0.6997576000188496 0.7250250385315467 0.0014453234119176095 0.6991242889829998 nan 1446.2   
22 264 50.57215223796814 3.41090564790935 0.6816183666111238 6.9856358791786377e-01 0.6999122766266969 0.8516539528936775 0.008148997008372794 0.699000230015631 nan 1514.3   
23 276 61.2751258394529 3.5872359495162427 0.6816183666111238 6.9798701981158384e-01 0.6988111938873441 0.8295161163316186 0.016781623582216465 0.6984299178894904 nan 1583.7   
24 288 66.30061698988196 3.8045649252786946 0.6816183666111238 6.9803949227497797e-01 0.6992862449321811 0.844766557210973 0.03463407766815063 0.698719585948665 nan 1652.2   
25 300 66.9531791226694 3.599974518740312 0.6816183666111238 6.9771500437142464e-01 0.6990143475489191 0.7887566966239179 0.031878279238749085 0.6985482909805978 nan 1720.2   
26 312 83.37640430223296 3.5925536517495824 0.6816183666111238 6.9643438017646131e-01 0.6981008362965008 0.7851938472969886 0.0039368779957564826 0.6971604167905325 nan 1789.1   
27 324 109.80013086814985 3.840551073100251 0.6816183666111238 6.9591132740480388e-01 0.6964600509464284 0.7150151343905663 0.001103100369630572 0.6960697378315446 nan 1857.2   
28 336 128.14241141830635 3.8943799003336776 0.6816183666111238 6.9204942592884899e-01 0.6970447511464707 0.8637916903923738 0.0013303514777909253 0.6961337354710999 nan 1925.3   
29 348 130.38121766586033 3.6667130631128404 0.6816183666111238 6.9591803548882747e-01 0.7091096641248744 0.8631644689741926 0.0523945845421232 0.696281555408916 nan 1993.7   
30 360 132.19626034280802 3.714587409705932 0.6816183666111238 6.9598836826446231e-01 0.7048224819406241 0.8589212789970971 0.14447985585637557 0.6975619712403355 nan 2061.8   
31 372 130.76238026139214 3.6239571950179226 0.6816183666111238 6.9592638932918827e-01 0.6968586727165339 0.7828361668505524 0.009559483454398943 0.6960058061994913 nan 2130.7   
32 384 130.60056092738023 3.6998400348051033 0.6816183666111238 6.9508599049686715e-01 0.6968890920207316 0.7895150365917399 0.001077513285281384 0.6959953139363853 nan 2199.5   
33 396 123.64528050731833 3.578159809668097 0.6816183666111238 6.9592102645567411e-01 0.707514497651013 0.8382344506102544 0.11987309409529356 0.6966016763779656 nan 2267.9   
34 408 117.21510863078616 3.619391659513707 0.6816183666111238 6.9590673073596232e-01 0.7781765619855681 0.8878193738152765 0.15198365395262625 0.6965603474256152 nan 2336.0   
35 420 124.0345915865756 3.6129887778952865 0.6816183666111238 6.9082213301299555e-01 0.6965274139321407 0.8463476196575171 0.0010966409427906054 0.6959554003448525 nan 2404.2   
36 432 111.58060954374997 3.5731244414394943 0.6816183666111238 6.9591209503361484e-01 0.7014746300785246 0.8681760201164749 0.025530177723115943 0.6960827239784417 nan 2473.0   
37 444 108.23300396040429 3.4758104883185106 0.6816183666111238 6.9119595937420453e-01 0.6966473727158575 0.7209495655192765 0.0011353376415159655 0.6959732642677363 nan 2541.1   
38 456 107.91749080890708 3.637410033136991 0.6816183666111238 6.9590661486249195e-01 0.696499678138312 0.8848460311212011 0.006646873347593729 0.6959517179529897 nan 2610.5   
39 468 112.36073717180986 3.672506033004574 0.6816183666111238 6.8986669517270527e-01 0.7054374899817117 0.8736066379945066 0.013799511015510135 0.6961817337534223 nan 2679.4   
40 480 100.67663194809924 3.6356759200808124 0.6816183666111238 6.9591792090282345e-01 0.6966896504895559 0.7200343591046334 0.0009374521575415962 0.6961238353128225 nan 2747.9   
41 492 103.57032619087859 3.577197777161427 0.6816183666111238 6.9590724580260477e-01 0.6963986184296789 0.712974635984671 0.0010858313649974027 0.6960180442384655 nan 2816.6   
42 504 103.46764270495304 3.502293995222863 0.6816183666111238 6.9590788590197217e-01 0.6959952787808124 0.6961619438016076 0.00011365089672144002 0.6959175157666271 nan 2886.0   
43 516 101.47947256528826 3.4498147492948945 0.6816183666111238 6.9590966506867524e-01 0.6961147550483198 0.7099260576602366 0.0006753385936676404 0.6959462759561479 nan 2954.5   
44 528 93.95653137491652 3.3409962898109336 0.6816183666111238 6.9590624120501043e-01 0.6963790021763508 0.9076988226333197 0.0004879606822800753 0.6960030636787633 nan 3022.6   
45 540 92.45133271993559 3.1709445517278265 0.6816183666111238 6.9590639790592057e-01 0.6959908522187338 0.6966110027545465 0.00011488249619395763 0.6959086732763848 nan 3090.9   
46 552 95.60705143786025 3.2344805986701335 0.6816183666111238 6.9590830725743369e-01 0.6961608754144728 0.707520458968276 0.0005623943532542253 0.6959467711293781 nan 3159.1   
47 564 99.88680369865624 3.2818184921058373 0.6816183666111238 6.9590589532765557e-01 0.6962402342929391 0.6967774386081065 0.0004938504846375702 0.6959593137971953 nan 3228.0   
48 576 117.84646189375661 3.2614015332106137 0.6816183666111238 6.9590630671544074e-01 0.6960289568641803 0.6966502612105857 0.0005275268317166404 0.6959244816779617 nan 3297.0   
49 588 136.08977833066035 3.2795401459718545 0.6816183666111238 6.9590692464677317e-01 0.696087505579758 0.7551809875239897 0.00021221007021166027 0.6959539685942578 nan 3365.5   
50 600 153.615243781021 3.359148333651938 0.6492583226277959 6.4925832262779593e-01 0.6961850680907253 0.8481237577841343 0.0023287295559109022 0.6959578525468659 nan 3435.3   
51 612 151.34779591202337 3.334255727741399 0.6492583226277959 6.9149351378424573e-01 0.6960924037952303 0.711498885827363 0.0003992766384748325 0.6959339368787424 nan 3503.6   
52 624 150.4003125288288 3.50395118235212 0.6492583226277959 6.9216536369862292e-01 0.699703788355031 0.8841748419286979 0.1352125247401723 0.6966302291196729 nan 3572.2   
53 636 134.6683845730423 3.6090252456234273 0.6492583226277959 6.9590667909264747e-01 0.6962171843436697 0.7117657707330254 0.004593874878508042 0.6959481011766682 nan 3640.9   
54 648 130.20244967508484 3.598399136708995 0.6492583226277959 6.9383336833668452e-01 0.696121330439607 0.8397055146265867 0.002185112359554542 0.6959352087888645 nan 3710.0   
55 660 141.28950566942643 3.7362911274356607 0.6492583226277959 6.9591839865744543e-01 0.6966174500637743 0.7752817226951196 0.003471141184485882 0.6959685337242871 nan 3779.2   
56 672 145.83563026427493 3.8897608134417903 0.6492583226277959 6.9230288261582484e-01 0.6959823988366945 0.8075591790042473 0.0002887143036132134 0.6959086012683928 nan 3847.8   
57 684 143.9403121316679 3.6556681973910523 0.6492583226277959 6.9013594928100863e-01 0.696693907578305 0.7115273719473085 0.0020175302973640674 0.696009484713922 nan 3916.5   
58 696 126.8553300794514 3.7640026148771484 0.6492583226277959 6.9591396406054318e-01 0.6964402240789321 0.8132489509770092 0.024010088700970766 0.6960616140545426 nan 3985.4   
59 708 115.4368025132093 3.7431705568259432 0.6492583226277959 6.9590770593914764e-01 0.6963671206365996 0.8120802223898527 0.007192121561198528 0.6960798273747211 nan 4054.0   
60 720 104.00093409091653 3.7300674797546916 0.6492583226277959 6.9590592714651134e-01 0.6961842914984083 0.8514868675635514 0.11138057452688743 0.6959741171430701 nan 4122.1   
61 732 90.49744394637696 3.7607160913066244 0.6492583226277959 6.9590641867713787e-01 0.6959813975567605 0.8396240671747999 0.0005593574991415995 0.6959357120420273 nan 4191.7   
62 744 83.05097326388167 3.62023929347025 0.6492583226277959 6.9590597891670802e-01 0.695937283117388 0.8417461112499834 7.786896032191404e-05 0.6959123650711384 nan 4260.5   
63 756 84.51482795702807 3.4613046645411947 0.6492583226277959 6.9590592623406855e-01 0.6959256852351067 0.7028160905630818 0.00012243062173378227 0.6959088410468641 nan 4329.4   
64 768 85.98441429218583 3.573497840336365 0.6492583226277959 6.9488231966869018e-01 0.6959363254193769 0.8067951994610607 0.002059651687902786 0.695912225150928 nan 4399.5   
65 780 90.96947529587015 3.5553144936287793 0.6492583226277959 6.9590621750136616e-01 0.6959377608944293 0.7773489384797045 5.908235645990523e-05 0.6959146294346749 nan 4468.1   
66 792 96.58987868915051 3.8647302269566093 0.6492583226277959 6.9351491934662224e-01 0.6959918611362181 0.8319509315655368 8.982371831633973e-05 0.6959438789182143 nan 4536.4   
67 804 98.89977902533865 4.032379567512372 0.6492583226277959 6.9342954669372436e-01 0.6960145962083935 0.8610863038418496 0.004168534536908131 0.6958881838913615 nan 4605.6   
68 816 103.69862662843138 3.8855203495517783 0.6492583226277959 6.9333407957127680e-01 0.6959318050638215 0.6996807309186633 0.001094160443412484 0.6948504671904938 nan 4674.0   
69 828 106.33931997824833 3.8465837886125422 0.6492583226277959 6.9591252738457821e-01 0.6978888540253001 0.7553883128432115 0.0036586109996119554 0.695963581926863 nan 4742.9   
70 840 111.44659647135146 3.9322769454015227 0.6492583226277959 6.9157181790255984e-01 0.6959537839210432 0.6999615256687375 0.0017809339471163144 0.6943195804225822 nan 4811.6   
71 852 108.35492409258858 3.942988108329021 0.6492583226277959 6.9126904110595311e-01 0.6959364391823843 0.6997410025910751 0.004057842900188957 0.6937800147613047 nan 4880.3   
72 864 111.36573212273586 4.037811462271514 0.6492583226277959 6.9227937090908354e-01 0.6995238122467493 0.704231965926736 0.004609244930425582 0.6951663147501301 nan 4949.1   
73 876 124.26093312596396 4.189286467703167 0.6492583226277959 6.9145898539275197e-01 0.6996938552561571 0.715353275998452 0.004633684248181336 0.695395420312856 nan 5018.1   
74 888 139.14713432260356 4.67700419635688 0.6492583226277959 6.9214246337385843e-01 0.6990767567860992 0.7042174875571745 0.007343964210138165 0.6945403286967607 nan 5086.9   
75 900 168.2226917716198 4.761488020116044 0.6492583226277959 6.9571123434920690e-01 0.6984075560714132 0.7042158847343765 0.004448728857702422 0.6964663179746728 nan 5155.2   
76 912 190.20217542896566 4.402602520085034 0.6492583226277959 6.9590597105645058e-01 0.696259179766747 0.7342486221395585 0.004624838323630143 0.6960062318347742 nan 5224.4   
77 924 174.71044585226755 4.251570353226243 0.6492583226277959 6.9502545437218055e-01 0.6961042310929522 0.7731858457547983 0.006217290612497983 0.6959249384610018 nan 5292.5   
78 936 166.61963718836384 4.2825765237400955 0.6492583226277959 6.9433553907716639e-01 0.6963434456607889 0.7042182115337638 0.002719533976003108 0.6959431525315879 nan 5360.7   
79 948 145.47803685817217 4.361204070339859 0.6492583226277959 6.9488035217068755e-01 0.6962611291629675 0.7051187380299087 0.004810912820933266 0.6959155011824054 nan 5429.0   
80 960 151.75327472061775 4.342609997144732 0.6492583226277959 6.9538492708810007e-01 0.6959618963506842 0.7059788559886078 0.00014982512192596165 0.6959223229076901 nan 5497.4   
81 972 173.57188321033402 4.5510177435673045 0.6492583226277959 6.9582918224358514e-01 0.695960179081115 0.6997279024354273 0.0002016068518566616 0.6959237513347292 nan 5566.0   
82 984 188.30951848086482 4.7496407284514595 0.6492583226277959 6.9572940760664426e-01 0.6959824187347949 0.696389566933695 0.00023098895932394115 0.6959458584698681 nan 5634.6   
83 996 194.24719211240395 5.124687662690362 0.6492583226277959 6.9235075184076234e-01 0.6959484638959628 0.852706661314028 0.00616406409385617 0.6959298227440346 nan 5703.4   
84 1008 194.5236274679054 5.360038692653829 0.6492583226277959 6.8983784987658181e-01 0.696118598313678 0.8321694397567435 0.00432051266565725 0.6955889828147752 nan 5772.1   
85 1020 183.8094561426029 5.235723723002509 0.6492583226277959 6.9491077724296380e-01 0.7042155960231992 0.7246672757049639 0.01703927959151441 0.6978515276549432 nan 5841.3   
86 1032 178.6847842971991 5.178043989535522 0.6492583226277959 6.9224928824003551e-01 0.6962954731789952 0.7002234009462016 0.0038388342080969418 0.6959154233791822 nan 5910.0   
87 1044 188.04910513941087 5.414360894278165 0.6492583226277959 6.9485328406145030e-01 0.6994592876088574 0.7096211842584562 0.007948595558210036 0.6961910659154243 nan 5979.0   
88 1056 191.82369334083245 5.460193210668049 0.6492583226277959 6.8286088763343633e-01 0.6959116870173452 0.6998780391512675 0.0015242601900834485 0.6944535730225614 nan 6048.1   
89 1068 183.34705755587862 5.805012443743821 0.6492583226277959 6.9590676469980273e-01 0.6960444940701281 0.7181986431653973 0.0039951153736631495 0.6959198202165442 nan 6117.2   
90 1080 161.4776201282207 5.644552095380304 0.6492583226277959 6.9402187538299409e-01 0.6960493583482754 0.712455613317186 0.0008172625320390647 0.6957009087054373 nan 6186.0   
91 1092 151.22855794137635 5.6452194260207795 0.6492583226277959 6.9357782108186727e-01 0.6961406172734297 0.7001594242384319 0.0013334611731701251 0.6957279363042288 nan 6254.6   
92 1104 129.34743532550962 5.764613431315358 0.6492583226277959 6.9455382564712409e-01 0.699685077509056 0.704215596019987 0.0039956694876153165 0.6959231661292564 nan 6323.1   
93 1116 122.35882664660724 5.918547233967801 0.6492583226277959 6.9358022015726406e-01 0.696234837767004 0.7025151428352591 0.005565944836564474 0.6941979608812677 nan 6392.5   
94 1128 121.66703195727489 5.991172603902781 0.6492583226277959 6.9253118983540740e-01 0.6992986643486796 0.7410413560144038 0.0038183906502260445 0.6959697364899167 nan 6461.0   
95 1140 123.15349307393703 6.0637178386001755 0.6492583226277959 6.8559231600657822e-01 0.6957344237194494 0.8012127856069535 0.0072502343023083116 0.694352946842228 nan 6530.0   
96 1152 123.80529886681447 6.2366141990345625 0.6492583226277959 6.8018069213300669e-01 0.6997445173578145 0.989534701446508 0.08373883522311354 0.6949578101187883 nan 6598.2   
97 1164 127.28333974464046 6.168663034707678 0.6492583226277959 6.9198515577702124e-01 0.6997793028157918 0.7473805768753301 0.01246885826681332 0.6967276970758065 nan 6667.0   
98 1176 119.06042701478829 6.44314511277649 0.6492583226277959 6.9410221524518023e-01 0.6962221311491023 0.7227631157916107 0.004390341731621561 0.6953914026803303 nan 6735.4   
99 1188 111.57577658525005 6.501480419863163 0.6492583226277959 6.9169613999240054e-01 0.6999158885726291 0.7042368638752854 0.008418901140914481 0.695235400525089 nan 6803.7   
100 1200 112.83099818950691 6.516938606387738 0.6492583226277959 6.9129021628928267e-01 0.6997973073216405 0.7156321422287366 0.007823320301035608 0.6942228321601578 nan 6872.0   
101 1212 106.6391087983017 6.472946184001058 0.6492583226277959 6.9191214578781679e-01 0.7026492696532027 0.7237871969759946 0.004820318239739496 0.6991854228726198 nan 6940.6   
102 1224 102.49360764732033 6.627835998905172 0.6492583226277959 6.9111229411002939e-01 0.6996843988473437 0.7042155960265764 0.005060653049824726 0.6965619956158147 nan 7010.9   
103 1236 109.7567646867431 6.6612423139166905 0.6492583226277959 6.9938574123054265e-01 0.7085326299954077 0.7330154870585895 0.016088129604977075 0.7020157713409099 nan 7080.1   
104 1248 106.35449354814025 6.803386903035073 0.6492583226277959 6.9195916284734582e-01 0.6997910056150443 0.7109311411889531 0.0024771716625560103 0.6995502801231643 nan 7148.3   
105 1260 107.13722078675931 6.86034792685461 0.6492583226277959 6.9057936626630356e-01 0.6973160475281641 0.7172996397437703 0.008078293427641325 0.6933184870333164 nan 7216.4   
106 1272 103.23307542245915 6.845961313175173 0.6492583226277959 6.9113854780034478e-01 0.7042117000124 0.7271301373176706 0.011948915288461204 0.6957422915498438 nan 7285.6   
107 1284 108.6350074391772 6.92915069256011 0.6492583226277959 6.8834970467675460e-01 0.6996923770573278 0.7146253105713483 0.008270872031714505 0.6936003260548066 nan 7353.7   
108 1296 117.83260834149601 6.800745834009327 0.6492583226277959 6.9123000123431999e-01 0.6996976727680839 0.705681402959941 0.007400069041213819 0.694573603281183 nan 7421.8   
109 1308 110.45830289459778 6.928914523211087 0.6492583226277959 6.9135158301857391e-01 0.6996992867729646 0.791238391121211 0.0050236921388517874 0.6978853579999986 nan 7490.7   
