% # columns="iteration, evaluation, min 25%tile 75%tile max correlation, correlation matrix principal axes lengths  (sorted square roots of eigenvalues of correlation matrix)", seed=86415, Fri Apr 10 02:17:59 2026
1 12 -0.05992394579734522 -0.01829688515967915 0.009062851967460653 0.10154666109234822 0.9228124019842928 0.957313916366694 0.9879223883863065 0.9961399874453338 1.0039583988518908 1.0101218057058796 1.0111008071183338 1.0279843918222837 1.0753262459546007
2 24 -0.10355195514304162 -0.03339740125949428 0.02612951861192741 0.07998669529848529 0.9228124019842928 0.957313916366694 0.9879223883863065 0.9961399874453338 1.0039583988518908 1.0101218057058796 1.0111008071183338 1.0279843918222837 1.0753262459546007
3 36 -0.1697234956839414 -0.04441796041653938 0.027415959676385035 0.11993406680304132 0.9228124019842928 0.957313916366694 0.9879223883863065 0.9961399874453338 1.0039583988518908 1.0101218057058796 1.0111008071183338 1.0279843918222837 1.0753262459546007
4 48 -0.2632497016140344 -0.08161850142913016 0.04114605541801331 0.2032599286965868 0.9228124019842928 0.957313916366694 0.9879223883863065 0.9961399874453338 1.0039583988518908 1.0101218057058796 1.0111008071183338 1.0279843918222837 1.0753262459546007
5 60 -0.31154608298955583 -0.08663432470389004 0.04256401906366271 0.2062328556386521 0.9228124019842928 0.957313916366694 0.9879223883863065 0.9961399874453338 1.0039583988518908 1.0101218057058796 1.0111008071183338 1.0279843918222837 1.0753262459546007
6 72 -0.2932363252409775 -0.09003962905251246 0.04804615497881759 0.20162709253072608 0.9228124019842928 0.957313916366694 0.9879223883863065 0.9961399874453338 1.0039583988518908 1.0101218057058796 1.0111008071183338 1.0279843918222837 1.0753262459546007
7 84 -0.30320534230120355 -0.09834911409403374 0.036072459842556685 0.22179598471726922 0.9228124019842928 0.957313916366694 0.9879223883863065 0.9961399874453338 1.0039583988518908 1.0101218057058796 1.0111008071183338 1.0279843918222837 1.0753262459546007
8 96 -0.2558582746334693 -0.09351302249695095 0.06481049815667861 0.26752995923255024 0.9228124019842928 0.957313916366694 0.9879223883863065 0.9961399874453338 1.0039583988518908 1.0101218057058796 1.0111008071183338 1.0279843918222837 1.0753262459546007
9 108 -0.23290708805687269 -0.12644918814312225 0.06473256259837479 0.2650851540788305 0.9228124019842928 0.957313916366694 0.9879223883863065 0.9961399874453338 1.0039583988518908 1.0101218057058796 1.0111008071183338 1.0279843918222837 1.0753262459546007
10 120 -0.2829825430175713 -0.10812201474642233 0.07018256985817656 0.24976817322780495 0.7192549113588608 0.7781330046951807 0.817135027157541 0.9346545641965407 0.988158185283673 1.0255269650844752 1.0613517062257296 1.2066175652873994 1.3135208578786146
11 132 -0.3023830220833606 -0.14018142829597485 0.07885608435163313 0.3013436567432938 0.7192549113588608 0.7781330046951807 0.817135027157541 0.9346545641965407 0.988158185283673 1.0255269650844752 1.0613517062257296 1.2066175652873994 1.3135208578786146
12 144 -0.3337785734159577 -0.15345088516336292 0.10907442253508878 0.28205585355363144 0.7192549113588608 0.7781330046951807 0.817135027157541 0.9346545641965407 0.988158185283673 1.0255269650844752 1.0613517062257296 1.2066175652873994 1.3135208578786146
13 156 -0.3418370855723351 -0.17912252537667636 0.0990281992390601 0.2500605977465087 0.7192549113588608 0.7781330046951807 0.817135027157541 0.9346545641965407 0.988158185283673 1.0255269650844752 1.0613517062257296 1.2066175652873994 1.3135208578786146
14 168 -0.33672253504575816 -0.1926950357517026 0.09287292165734218 0.2646365494166042 0.7192549113588608 0.7781330046951807 0.817135027157541 0.9346545641965407 0.988158185283673 1.0255269650844752 1.0613517062257296 1.2066175652873994 1.3135208578786146
15 180 -0.3892588703277835 -0.19801641404897577 0.08926115885963395 0.2951453690908224 0.7192549113588608 0.7781330046951807 0.817135027157541 0.9346545641965407 0.988158185283673 1.0255269650844752 1.0613517062257296 1.2066175652873994 1.3135208578786146
16 192 -0.43952753674454376 -0.18227386856791883 0.1055433456122433 0.3131190653961573 0.7192549113588608 0.7781330046951807 0.817135027157541 0.9346545641965407 0.988158185283673 1.0255269650844752 1.0613517062257296 1.2066175652873994 1.3135208578786146
17 204 -0.4141766945521247 -0.20776040950602342 0.11273207972167157 0.3660886907607501 0.7192549113588608 0.7781330046951807 0.817135027157541 0.9346545641965407 0.988158185283673 1.0255269650844752 1.0613517062257296 1.2066175652873994 1.3135208578786146
18 216 -0.4136512141589144 -0.213288745990124 0.13096738276187045 0.37939036832394313 0.7192549113588608 0.7781330046951807 0.817135027157541 0.9346545641965407 0.988158185283673 1.0255269650844752 1.0613517062257296 1.2066175652873994 1.3135208578786146
19 228 -0.41388891763255686 -0.19199170918713784 0.12585345726300337 0.4169548761762397 0.6108398057336197 0.6538665496720278 0.7883033921666196 0.8120816965612582 0.8531795114204359 1.0605045349957722 1.0887984224100995 1.2435932463401387 1.5276920607636744
20 240 -0.4150245404494836 -0.1918486189447014 0.13567209073711212 0.4366829840440345 0.6108398057336197 0.6538665496720278 0.7883033921666196 0.8120816965612582 0.8531795114204359 1.0605045349957722 1.0887984224100995 1.2435932463401387 1.5276920607636744
21 252 -0.42321017818314094 -0.20729613355362295 0.16405153880813722 0.46181017092719595 0.6108398057336197 0.6538665496720278 0.7883033921666196 0.8120816965612582 0.8531795114204359 1.0605045349957722 1.0887984224100995 1.2435932463401387 1.5276920607636744
22 264 -0.4537857637341725 -0.2380883939051232 0.1758206374046714 0.46316204011340817 0.6108398057336197 0.6538665496720278 0.7883033921666196 0.8120816965612582 0.8531795114204359 1.0605045349957722 1.0887984224100995 1.2435932463401387 1.5276920607636744
23 276 -0.45054782727839376 -0.24803170310582753 0.1786920376348638 0.4916417986655161 0.6108398057336197 0.6538665496720278 0.7883033921666196 0.8120816965612582 0.8531795114204359 1.0605045349957722 1.0887984224100995 1.2435932463401387 1.5276920607636744
24 288 -0.4287503359946668 -0.23904176057599572 0.17288609376781344 0.439140638318741 0.6108398057336197 0.6538665496720278 0.7883033921666196 0.8120816965612582 0.8531795114204359 1.0605045349957722 1.0887984224100995 1.2435932463401387 1.5276920607636744
25 300 -0.4293879257392617 -0.23799712432272957 0.15091020731347365 0.437436640936271 0.6108398057336197 0.6538665496720278 0.7883033921666196 0.8120816965612582 0.8531795114204359 1.0605045349957722 1.0887984224100995 1.2435932463401387 1.5276920607636744
26 312 -0.43603731568261195 -0.22380099695202293 0.146356076097556 0.5105731446721816 0.6108398057336197 0.6538665496720278 0.7883033921666196 0.8120816965612582 0.8531795114204359 1.0605045349957722 1.0887984224100995 1.2435932463401387 1.5276920607636744
27 324 -0.4283517183364274 -0.20727718770136916 0.13562376174172572 0.5163535464041323 0.6108398057336197 0.6538665496720278 0.7883033921666196 0.8120816965612582 0.8531795114204359 1.0605045349957722 1.0887984224100995 1.2435932463401387 1.5276920607636744
28 336 -0.4259775751004587 -0.2039900682751476 0.13074392040278912 0.44528421697060194 0.5745506874749433 0.651630657926238 0.7165526706153607 0.7947659775455439 0.8542755468481679 1.0124134133560734 1.1052993209616129 1.2043617747418098 1.6350005509110026
29 348 -0.45546559371370504 -0.21595883370490582 0.12497322223074601 0.4674660591201184 0.5745506874749433 0.651630657926238 0.7165526706153607 0.7947659775455439 0.8542755468481679 1.0124134133560734 1.1052993209616129 1.2043617747418098 1.6350005509110026
30 360 -0.41547460022180793 -0.2050181359910796 0.1258458580346612 0.4244779200130623 0.5745506874749433 0.651630657926238 0.7165526706153607 0.7947659775455439 0.8542755468481679 1.0124134133560734 1.1052993209616129 1.2043617747418098 1.6350005509110026
31 372 -0.42273096971133955 -0.2274640611165875 0.16170324802075398 0.40419783947559207 0.5745506874749433 0.651630657926238 0.7165526706153607 0.7947659775455439 0.8542755468481679 1.0124134133560734 1.1052993209616129 1.2043617747418098 1.6350005509110026
32 384 -0.4199724537961609 -0.22323494158727236 0.1462138925798462 0.38724529976532246 0.5745506874749433 0.651630657926238 0.7165526706153607 0.7947659775455439 0.8542755468481679 1.0124134133560734 1.1052993209616129 1.2043617747418098 1.6350005509110026
33 396 -0.4705385378462477 -0.2247805904235084 0.13909644569134177 0.4074057063613964 0.5745506874749433 0.651630657926238 0.7165526706153607 0.7947659775455439 0.8542755468481679 1.0124134133560734 1.1052993209616129 1.2043617747418098 1.6350005509110026
34 408 -0.4415911050260308 -0.21802646086420263 0.1428205869366615 0.40213141421476833 0.5745506874749433 0.651630657926238 0.7165526706153607 0.7947659775455439 0.8542755468481679 1.0124134133560734 1.1052993209616129 1.2043617747418098 1.6350005509110026
35 420 -0.4647104315153138 -0.1878374003467259 0.09862046697538832 0.4018430411614607 0.5745506874749433 0.651630657926238 0.7165526706153607 0.7947659775455439 0.8542755468481679 1.0124134133560734 1.1052993209616129 1.2043617747418098 1.6350005509110026
36 432 -0.433337632639549 -0.20089923796753864 0.1232898995562506 0.3861380446021438 0.5745506874749433 0.651630657926238 0.7165526706153607 0.7947659775455439 0.8542755468481679 1.0124134133560734 1.1052993209616129 1.2043617747418098 1.6350005509110026
37 444 -0.4660985297266712 -0.2164545540529363 0.12105652092376254 0.40307333281906305 0.5629889824982703 0.682113018625942 0.7103520866730599 0.7340085645511822 0.8133620738126836 0.9687831878909452 1.1486747005046032 1.2910363921332986 1.608747747125818
38 456 -0.46708726236997855 -0.20248345057428918 0.13002190987533144 0.37607259863755943 0.5629889824982703 0.682113018625942 0.7103520866730599 0.7340085645511822 0.8133620738126836 0.9687831878909452 1.1486747005046032 1.2910363921332986 1.608747747125818
39 468 -0.4834401112624887 -0.2169413510584438 0.11616256896586644 0.3772577530487175 0.5629889824982703 0.682113018625942 0.7103520866730599 0.7340085645511822 0.8133620738126836 0.9687831878909452 1.1486747005046032 1.2910363921332986 1.608747747125818
40 480 -0.4694246221523868 -0.2361679887305885 0.11101684334049117 0.3827388301050173 0.5629889824982703 0.682113018625942 0.7103520866730599 0.7340085645511822 0.8133620738126836 0.9687831878909452 1.1486747005046032 1.2910363921332986 1.608747747125818
41 492 -0.47104624900652403 -0.2008319724947973 0.08227526401262647 0.35374787274866987 0.5629889824982703 0.682113018625942 0.7103520866730599 0.7340085645511822 0.8133620738126836 0.9687831878909452 1.1486747005046032 1.2910363921332986 1.608747747125818
42 504 -0.46994826966972963 -0.20613047759036562 0.07497611029891098 0.35821194181885346 0.5629889824982703 0.682113018625942 0.7103520866730599 0.7340085645511822 0.8133620738126836 0.9687831878909452 1.1486747005046032 1.2910363921332986 1.608747747125818
43 516 -0.48997607018413847 -0.19445021363983578 0.08734042875272775 0.3284736042950796 0.5629889824982703 0.682113018625942 0.7103520866730599 0.7340085645511822 0.8133620738126836 0.9687831878909452 1.1486747005046032 1.2910363921332986 1.608747747125818
44 528 -0.4931707151385814 -0.16163949651256843 0.046508087107803756 0.3038855286877302 0.5629889824982703 0.682113018625942 0.7103520866730599 0.7340085645511822 0.8133620738126836 0.9687831878909452 1.1486747005046032 1.2910363921332986 1.608747747125818
45 540 -0.4651881172807189 -0.15807789568918723 0.07832140334399515 0.3136758558359237 0.5629889824982703 0.682113018625942 0.7103520866730599 0.7340085645511822 0.8133620738126836 0.9687831878909452 1.1486747005046032 1.2910363921332986 1.608747747125818
46 552 -0.483906412086473 -0.1722552993419911 0.10966123883198356 0.34229519210525494 0.5257967209877725 0.699861350355106 0.7309495284712213 0.7536480441065422 0.8585539537098448 0.9130560318844884 1.2092964939720405 1.3590529571972383 1.5004166592412367
47 564 -0.4749749389067577 -0.1560408839517968 0.09295345891704959 0.36127800252077547 0.5257967209877725 0.699861350355106 0.7309495284712213 0.7536480441065422 0.8585539537098448 0.9130560318844884 1.2092964939720405 1.3590529571972383 1.5004166592412367
48 576 -0.4593818734880046 -0.17697342700368318 0.1273744356987417 0.39634382809495194 0.5257967209877725 0.699861350355106 0.7309495284712213 0.7536480441065422 0.8585539537098448 0.9130560318844884 1.2092964939720405 1.3590529571972383 1.5004166592412367
49 588 -0.44022409098527626 -0.19139775927464614 0.12259674639131561 0.4182025511329279 0.5257967209877725 0.699861350355106 0.7309495284712213 0.7536480441065422 0.8585539537098448 0.9130560318844884 1.2092964939720405 1.3590529571972383 1.5004166592412367
50 600 -0.5119525267080433 -0.1799877814752387 0.11986562131279378 0.3622465624064972 0.5257967209877725 0.699861350355106 0.7309495284712213 0.7536480441065422 0.8585539537098448 0.9130560318844884 1.2092964939720405 1.3590529571972383 1.5004166592412367
51 612 -0.5077696749827798 -0.18595846327801505 0.12391296908341334 0.3977269197801893 0.5257967209877725 0.699861350355106 0.7309495284712213 0.7536480441065422 0.8585539537098448 0.9130560318844884 1.2092964939720405 1.3590529571972383 1.5004166592412367
52 624 -0.5061107404564978 -0.200162462286412 0.1162914435561681 0.4244392074549744 0.5257967209877725 0.699861350355106 0.7309495284712213 0.7536480441065422 0.8585539537098448 0.9130560318844884 1.2092964939720405 1.3590529571972383 1.5004166592412367
53 636 -0.5275284142081533 -0.2210533282626355 0.1322029300993386 0.3931834304014306 0.5257967209877725 0.699861350355106 0.7309495284712213 0.7536480441065422 0.8585539537098448 0.9130560318844884 1.2092964939720405 1.3590529571972383 1.5004166592412367
54 648 -0.5229479274318476 -0.20509985611239565 0.12024574702844242 0.4084663262564546 0.5257967209877725 0.699861350355106 0.7309495284712213 0.7536480441065422 0.8585539537098448 0.9130560318844884 1.2092964939720405 1.3590529571972383 1.5004166592412367
55 660 -0.5092956585060353 -0.2393026323578974 0.13367918478050178 0.450581013916714 0.4873605033617734 0.63765897214341 0.6852004981028385 0.7913722622611817 0.851501064757136 0.9317849693600947 1.1408864067136997 1.2747853614617437 1.6553320487751195
56 672 -0.5087415491886215 -0.2397161611914802 0.12591049268163168 0.43202992590237993 0.4873605033617734 0.63765897214341 0.6852004981028385 0.7913722622611817 0.851501064757136 0.9317849693600947 1.1408864067136997 1.2747853614617437 1.6553320487751195
57 684 -0.5057406317939 -0.2559911045319626 0.10470277174754387 0.43346374761548784 0.4873605033617734 0.63765897214341 0.6852004981028385 0.7913722622611817 0.851501064757136 0.9317849693600947 1.1408864067136997 1.2747853614617437 1.6553320487751195
58 696 -0.5457366561907439 -0.26234335047150537 0.1126159542661988 0.41551540017292254 0.4873605033617734 0.63765897214341 0.6852004981028385 0.7913722622611817 0.851501064757136 0.9317849693600947 1.1408864067136997 1.2747853614617437 1.6553320487751195
59 708 -0.5381910645962213 -0.2611950251494361 0.1294171398751185 0.42348088442018517 0.4873605033617734 0.63765897214341 0.6852004981028385 0.7913722622611817 0.851501064757136 0.9317849693600947 1.1408864067136997 1.2747853614617437 1.6553320487751195
60 720 -0.5258709454419613 -0.27280875412613503 0.12228373368797077 0.44524894737699894 0.4873605033617734 0.63765897214341 0.6852004981028385 0.7913722622611817 0.851501064757136 0.9317849693600947 1.1408864067136997 1.2747853614617437 1.6553320487751195
61 732 -0.5168593560685996 -0.2644590807650151 0.10887848564484426 0.42849344617229396 0.4873605033617734 0.63765897214341 0.6852004981028385 0.7913722622611817 0.851501064757136 0.9317849693600947 1.1408864067136997 1.2747853614617437 1.6553320487751195
62 744 -0.518705197247875 -0.263192611405903 0.11192583748815585 0.4286932178226671 0.4873605033617734 0.63765897214341 0.6852004981028385 0.7913722622611817 0.851501064757136 0.9317849693600947 1.1408864067136997 1.2747853614617437 1.6553320487751195
63 756 -0.5368674968638041 -0.2682330227177291 0.1068399257205003 0.4542735751410048 0.4873605033617734 0.63765897214341 0.6852004981028385 0.7913722622611817 0.851501064757136 0.9317849693600947 1.1408864067136997 1.2747853614617437 1.6553320487751195
64 768 -0.5513131342438665 -0.279101389136364 0.08599748265022583 0.47020966967847255 0.5209895632458792 0.5720209217651887 0.6985370695942724 0.8091660391437102 0.8617145445577025 1.0107635429340975 1.0438230735553535 1.4158136406611184 1.5493122517928017
65 780 -0.546208987078069 -0.2675838048205408 0.10053597022909255 0.46149128949197665 0.5209895632458792 0.5720209217651887 0.6985370695942724 0.8091660391437102 0.8617145445577025 1.0107635429340975 1.0438230735553535 1.4158136406611184 1.5493122517928017
66 792 -0.574496909600874 -0.28767922763964965 0.11899578741225593 0.5229376262707599 0.5209895632458792 0.5720209217651887 0.6985370695942724 0.8091660391437102 0.8617145445577025 1.0107635429340975 1.0438230735553535 1.4158136406611184 1.5493122517928017
67 804 -0.557506230130135 -0.2917812643551855 0.051984138814836 0.532316831893205 0.5209895632458792 0.5720209217651887 0.6985370695942724 0.8091660391437102 0.8617145445577025 1.0107635429340975 1.0438230735553535 1.4158136406611184 1.5493122517928017
68 816 -0.5337865091863758 -0.25098343729463823 0.05829687160996551 0.531617308652241 0.5209895632458792 0.5720209217651887 0.6985370695942724 0.8091660391437102 0.8617145445577025 1.0107635429340975 1.0438230735553535 1.4158136406611184 1.5493122517928017
69 828 -0.5382815944053115 -0.2523119983682517 0.07054876175408505 0.5647407226118897 0.5209895632458792 0.5720209217651887 0.6985370695942724 0.8091660391437102 0.8617145445577025 1.0107635429340975 1.0438230735553535 1.4158136406611184 1.5493122517928017
70 840 -0.5378909967540614 -0.2338455720187027 0.07185392551386768 0.5441420946697415 0.5209895632458792 0.5720209217651887 0.6985370695942724 0.8091660391437102 0.8617145445577025 1.0107635429340975 1.0438230735553535 1.4158136406611184 1.5493122517928017
71 852 -0.5533253070988313 -0.2324092297601012 0.11137027846989887 0.5481828367102387 0.5209895632458792 0.5720209217651887 0.6985370695942724 0.8091660391437102 0.8617145445577025 1.0107635429340975 1.0438230735553535 1.4158136406611184 1.5493122517928017
72 864 -0.5633031391540836 -0.21504577712897183 0.14240839622018342 0.5224679186168864 0.5209895632458792 0.5720209217651887 0.6985370695942724 0.8091660391437102 0.8617145445577025 1.0107635429340975 1.0438230735553535 1.4158136406611184 1.5493122517928017
73 876 -0.6029489382497967 -0.23639388821703283 0.11416459277510854 0.5738214902003049 0.47879396152892567 0.5134400513032339 0.5827021012704284 0.8390288475383464 0.9148121993293542 0.9405454338328187 1.0732081304496246 1.4473843577721537 1.579689927410568
74 888 -0.6179008411936372 -0.27911001286021025 0.0938755646081586 0.5682461105225047 0.47879396152892567 0.5134400513032339 0.5827021012704284 0.8390288475383464 0.9148121993293542 0.9405454338328187 1.0732081304496246 1.4473843577721537 1.579689927410568
75 900 -0.5894317578027757 -0.26683788260557684 0.1076912797596989 0.5797497440064827 0.47879396152892567 0.5134400513032339 0.5827021012704284 0.8390288475383464 0.9148121993293542 0.9405454338328187 1.0732081304496246 1.4473843577721537 1.579689927410568
76 912 -0.5882832305919775 -0.259599690931651 0.10466229053729437 0.5658501237427067 0.47879396152892567 0.5134400513032339 0.5827021012704284 0.8390288475383464 0.9148121993293542 0.9405454338328187 1.0732081304496246 1.4473843577721537 1.579689927410568
77 924 -0.605303084864281 -0.2661327869109527 0.11085154282212326 0.5614459660110893 0.47879396152892567 0.5134400513032339 0.5827021012704284 0.8390288475383464 0.9148121993293542 0.9405454338328187 1.0732081304496246 1.4473843577721537 1.579689927410568
78 936 -0.6108115210828037 -0.252950423513204 0.10957261915840669 0.5731371454801576 0.47879396152892567 0.5134400513032339 0.5827021012704284 0.8390288475383464 0.9148121993293542 0.9405454338328187 1.0732081304496246 1.4473843577721537 1.579689927410568
79 948 -0.6168806164463191 -0.24423004794527073 0.0974580357069578 0.5893572203804278 0.47879396152892567 0.5134400513032339 0.5827021012704284 0.8390288475383464 0.9148121993293542 0.9405454338328187 1.0732081304496246 1.4473843577721537 1.579689927410568
80 960 -0.6233787204748836 -0.25057678452366966 0.10801823192053499 0.5560815364793582 0.47879396152892567 0.5134400513032339 0.5827021012704284 0.8390288475383464 0.9148121993293542 0.9405454338328187 1.0732081304496246 1.4473843577721537 1.579689927410568
81 972 -0.6407274395472913 -0.25805816607319987 0.11144308301909989 0.5864957749239685 0.47879396152892567 0.5134400513032339 0.5827021012704284 0.8390288475383464 0.9148121993293542 0.9405454338328187 1.0732081304496246 1.4473843577721537 1.579689927410568
82 984 -0.6658021556798032 -0.27031074590628196 0.10825433520336683 0.6013132406760823 0.46156284067111014 0.5074265567532475 0.6365439399591954 0.7747783073881522 0.8891961308701773 0.9137909322242586 1.1591232707972245 1.3508515107424692 1.6522585247371226
83 996 -0.6756011626055924 -0.28411884213779265 0.1106024663606144 0.6041043538270418 0.46156284067111014 0.5074265567532475 0.6365439399591954 0.7747783073881522 0.8891961308701773 0.9137909322242586 1.1591232707972245 1.3508515107424692 1.6522585247371226
84 1008 -0.6729250976056714 -0.25613864865583214 0.09939862979947126 0.5914465790280452 0.46156284067111014 0.5074265567532475 0.6365439399591954 0.7747783073881522 0.8891961308701773 0.9137909322242586 1.1591232707972245 1.3508515107424692 1.6522585247371226
85 1020 -0.7137718400401184 -0.26657050918544045 0.11802457777990863 0.5764087803977497 0.46156284067111014 0.5074265567532475 0.6365439399591954 0.7747783073881522 0.8891961308701773 0.9137909322242586 1.1591232707972245 1.3508515107424692 1.6522585247371226
86 1032 -0.7070406866952222 -0.2895337269113642 0.10801149538979748 0.6030808550748504 0.46156284067111014 0.5074265567532475 0.6365439399591954 0.7747783073881522 0.8891961308701773 0.9137909322242586 1.1591232707972245 1.3508515107424692 1.6522585247371226
87 1044 -0.6949597656977449 -0.2852933183806762 0.10376381323853008 0.5540600186196412 0.46156284067111014 0.5074265567532475 0.6365439399591954 0.7747783073881522 0.8891961308701773 0.9137909322242586 1.1591232707972245 1.3508515107424692 1.6522585247371226
88 1056 -0.7134832922154549 -0.2848870688930156 0.13789791989282424 0.5492237023585244 0.46156284067111014 0.5074265567532475 0.6365439399591954 0.7747783073881522 0.8891961308701773 0.9137909322242586 1.1591232707972245 1.3508515107424692 1.6522585247371226
89 1068 -0.7219530730930831 -0.27375501836643934 0.1279671325544213 0.5750216095274435 0.46156284067111014 0.5074265567532475 0.6365439399591954 0.7747783073881522 0.8891961308701773 0.9137909322242586 1.1591232707972245 1.3508515107424692 1.6522585247371226
90 1080 -0.7015590108283822 -0.2827278113253733 0.13128556347751513 0.5796594102470507 0.46156284067111014 0.5074265567532475 0.6365439399591954 0.7747783073881522 0.8891961308701773 0.9137909322242586 1.1591232707972245 1.3508515107424692 1.6522585247371226
91 1092 -0.7067165587893217 -0.2722978365989666 0.12129434138642241 0.5820905475212894 0.44337487212950794 0.502013243773705 0.6149333862708806 0.7173270150178792 0.8941385895906409 0.9643425287429914 1.167514078490817 1.3384821963491562 1.6657239465948186
92 1104 -0.7022386729406248 -0.2986488564334585 0.10880035989769507 0.5705211593549475 0.44337487212950794 0.502013243773705 0.6149333862708806 0.7173270150178792 0.8941385895906409 0.9643425287429914 1.167514078490817 1.3384821963491562 1.6657239465948186
93 1116 -0.6997822778870728 -0.3029374900219036 0.12413009797607281 0.5745851833639989 0.44337487212950794 0.502013243773705 0.6149333862708806 0.7173270150178792 0.8941385895906409 0.9643425287429914 1.167514078490817 1.3384821963491562 1.6657239465948186
94 1128 -0.7064355367292645 -0.3176162518720165 0.11758928170046665 0.5701512830552987 0.44337487212950794 0.502013243773705 0.6149333862708806 0.7173270150178792 0.8941385895906409 0.9643425287429914 1.167514078490817 1.3384821963491562 1.6657239465948186
95 1140 -0.7121987530380564 -0.31109367582169134 0.12049881062808696 0.5866086288273222 0.44337487212950794 0.502013243773705 0.6149333862708806 0.7173270150178792 0.8941385895906409 0.9643425287429914 1.167514078490817 1.3384821963491562 1.6657239465948186
96 1152 -0.7134938868975889 -0.3080535159450949 0.13283932385140132 0.6341648099545193 0.44337487212950794 0.502013243773705 0.6149333862708806 0.7173270150178792 0.8941385895906409 0.9643425287429914 1.167514078490817 1.3384821963491562 1.6657239465948186
97 1164 -0.7349341978522851 -0.3370231368285689 0.14055172892266637 0.5697732278136836 0.44337487212950794 0.502013243773705 0.6149333862708806 0.7173270150178792 0.8941385895906409 0.9643425287429914 1.167514078490817 1.3384821963491562 1.6657239465948186
98 1176 -0.7419330696785207 -0.33128418149097505 0.11279297000522817 0.5694504986720358 0.44337487212950794 0.502013243773705 0.6149333862708806 0.7173270150178792 0.8941385895906409 0.9643425287429914 1.167514078490817 1.3384821963491562 1.6657239465948186
99 1188 -0.7337316451223218 -0.3246374923286304 0.10541049425977245 0.5635374620955046 0.44337487212950794 0.502013243773705 0.6149333862708806 0.7173270150178792 0.8941385895906409 0.9643425287429914 1.167514078490817 1.3384821963491562 1.6657239465948186
100 1200 -0.7288520023065678 -0.3307938294464977 0.11964084997361947 0.560819593285447 0.3979953762057358 0.4721062760072337 0.5895257848368711 0.6471259680940737 0.8516699340459645 0.9380579764463252 1.1978359130771172 1.376145183473658 1.7083681660335244
101 1212 -0.7384260251763041 -0.3237633459083029 0.10733027888098774 0.5340847071517002 0.3979953762057358 0.4721062760072337 0.5895257848368711 0.6471259680940737 0.8516699340459645 0.9380579764463252 1.1978359130771172 1.376145183473658 1.7083681660335244
102 1224 -0.7315928844160676 -0.3423960799290999 0.1078394163550917 0.541740219594458 0.3979953762057358 0.4721062760072337 0.5895257848368711 0.6471259680940737 0.8516699340459645 0.9380579764463252 1.1978359130771172 1.376145183473658 1.7083681660335244
103 1236 -0.7727598157282193 -0.3285694930242723 0.12823918561467146 0.5670320240952089 0.3979953762057358 0.4721062760072337 0.5895257848368711 0.6471259680940737 0.8516699340459645 0.9380579764463252 1.1978359130771172 1.376145183473658 1.7083681660335244
104 1248 -0.7647664593993397 -0.32905158615522173 0.11643457485943229 0.5608778336330396 0.3979953762057358 0.4721062760072337 0.5895257848368711 0.6471259680940737 0.8516699340459645 0.9380579764463252 1.1978359130771172 1.376145183473658 1.7083681660335244
105 1260 -0.7632444022471605 -0.31787012475057896 0.13961647619241743 0.5544804745819996 0.3979953762057358 0.4721062760072337 0.5895257848368711 0.6471259680940737 0.8516699340459645 0.9380579764463252 1.1978359130771172 1.376145183473658 1.7083681660335244
106 1272 -0.7437467163598589 -0.3306643436392486 0.13709509218687568 0.5593954343204874 0.3979953762057358 0.4721062760072337 0.5895257848368711 0.6471259680940737 0.8516699340459645 0.9380579764463252 1.1978359130771172 1.376145183473658 1.7083681660335244
107 1284 -0.7401515382471682 -0.34113058174670075 0.12275456850951255 0.603585601018536 0.3979953762057358 0.4721062760072337 0.5895257848368711 0.6471259680940737 0.8516699340459645 0.9380579764463252 1.1978359130771172 1.376145183473658 1.7083681660335244
108 1296 -0.6870221572985236 -0.32413767605447763 0.07484168727840895 0.6195446282544474 0.3979953762057358 0.4721062760072337 0.5895257848368711 0.6471259680940737 0.8516699340459645 0.9380579764463252 1.1978359130771172 1.376145183473658 1.7083681660335244
109 1308 -0.6916404147742673 -0.31616424536213195 0.06464729516006369 0.6191030259146193 0.41645167753276763 0.47987759320078943 0.5888658896041497 0.7047507254769221 0.9059801010429385 0.9653078301222863 1.1615609661654944 1.3543653263702098 1.6783028359178964
