% # columns="iteration, evaluation, sigma, beta, void,  sigvec==sigma_vec.scaling factors from diagonal decoding", seed=86415, Fri Apr 10 02:17:59 2026, <python>{}</python>
1 12 18.4516486780396 1 0 0.001 0.5 0.01 0.5 0.5 0.75 0.2 0.2 0.3
2 24 17.547781401266963 1 0 0.001 0.5 0.01 0.5 0.5 0.75 0.2 0.2 0.3
3 36 17.845512888924528 1 0 0.001 0.5 0.01 0.5 0.5 0.75 0.2 0.2 0.3
4 48 19.97303721352605 1 0 0.001 0.5 0.01 0.5 0.5 0.75 0.2 0.2 0.3
5 60 21.201939117716492 1 0 0.001 0.5 0.01 0.5 0.5 0.75 0.2 0.2 0.3
6 72 20.464141008694178 1 0 0.001 0.5 0.01 0.5 0.5 0.75 0.2 0.2 0.3
7 84 21.93119714739635 1 0 0.001 0.5 0.01 0.5 0.5 0.75 0.2 0.2 0.3
8 96 23.231947852346973 1 0 0.001 0.5 0.01 0.5 0.5 0.75 0.2 0.2 0.3
9 108 24.27655964531817 1 0 0.001 0.5 0.01 0.5 0.5 0.75 0.2 0.2 0.3
10 120 24.377135377031088 1 0 0.001 0.5 0.01 0.5 0.5 0.75 0.2 0.2 0.3
11 132 24.542221013037498 1 0 0.001 0.5 0.01 0.5 0.5 0.75 0.2 0.2 0.3
12 144 25.27533066345713 1 0 0.001 0.5 0.01 0.5 0.5 0.75 0.2 0.2 0.3
13 156 25.99894204425537 1 0 0.001 0.5 0.01 0.5 0.5 0.75 0.2 0.2 0.3
14 168 26.836386094045213 1 0 0.001 0.5 0.01 0.5 0.5 0.75 0.2 0.2 0.3
15 180 29.468832353787185 1 0 0.001 0.5 0.01 0.5 0.5 0.75 0.2 0.2 0.3
16 192 35.0201091883044 1 0 0.001 0.5 0.01 0.5 0.5 0.75 0.2 0.2 0.3
17 204 38.49347508656977 1 0 0.001 0.5 0.01 0.5 0.5 0.75 0.2 0.2 0.3
18 216 38.84673528772272 1 0 0.001 0.5 0.01 0.5 0.5 0.75 0.2 0.2 0.3
19 228 45.30933113075655 1 0 0.001 0.5 0.01 0.5 0.5 0.75 0.2 0.2 0.3
20 240 49.273420746699344 1 0 0.001 0.5 0.01 0.5 0.5 0.75 0.2 0.2 0.3
21 252 47.82031027231893 1 0 0.001 0.5 0.01 0.5 0.5 0.75 0.2 0.2 0.3
22 264 50.57215223796814 1 0 0.001 0.5 0.01 0.5 0.5 0.75 0.2 0.2 0.3
23 276 61.2751258394529 1 0 0.001 0.5 0.01 0.5 0.5 0.75 0.2 0.2 0.3
24 288 66.30061698988196 1 0 0.001 0.5 0.01 0.5 0.5 0.75 0.2 0.2 0.3
25 300 66.9531791226694 1 0 0.001 0.5 0.01 0.5 0.5 0.75 0.2 0.2 0.3
26 312 83.37640430223296 1 0 0.001 0.5 0.01 0.5 0.5 0.75 0.2 0.2 0.3
27 324 109.80013086814985 1 0 0.001 0.5 0.008408452972339208 0.5 0.5 0.75 0.2 0.2 0.3
28 336 128.14241141830635 1 0 0.001 0.5 0.00746558109103097 0.5 0.5 0.75 0.2 0.2 0.3
29 348 130.38121766586033 1 0 0.001 0.5 0.00746558109103097 0.5 0.5 0.75 0.2 0.2 0.3
30 360 132.19626034280802 1 0 0.001 0.5 0.00746558109103097 0.5 0.5 0.75 0.2 0.2 0.3
31 372 130.76238026139214 1 0 0.001 0.5 0.00746558109103097 0.5 0.5 0.75 0.2 0.2 0.3
32 384 130.60056092738023 1 0 0.001 0.5 0.00746558109103097 0.5 0.5 0.75 0.2 0.2 0.3
33 396 123.64528050731833 1 0 0.001 0.5 0.00746558109103097 0.5 0.5 0.75 0.2 0.2 0.3
34 408 117.21510863078616 1 0 0.001 0.5 0.00746558109103097 0.5 0.5 0.75 0.2 0.2 0.3
35 420 124.0345915865756 1 0 0.001 0.5 0.00746558109103097 0.5 0.5 0.75 0.2 0.2 0.3
36 432 111.58060954374997 1 0 0.001 0.5 0.00746558109103097 0.5 0.5 0.75 0.2 0.2 0.3
37 444 108.23300396040429 1 0 0.001 0.5 0.00746558109103097 0.5 0.5 0.75 0.2 0.2 0.3
38 456 107.91749080890708 1 0 0.001 0.5 0.00746558109103097 0.5 0.5 0.75 0.2 0.2 0.3
39 468 112.36073717180986 1 0 0.001 0.5 0.00746558109103097 0.5 0.5 0.75 0.2 0.2 0.3
40 480 100.67663194809924 1 0 0.001 0.5 0.00746558109103097 0.5 0.5 0.75 0.2 0.2 0.3
41 492 103.57032619087859 1 0 0.001 0.5 0.00746558109103097 0.5 0.5 0.75 0.2 0.2 0.3
42 504 103.46764270495304 1 0 0.001 0.5 0.00746558109103097 0.5 0.5 0.75 0.2 0.2 0.3
43 516 101.47947256528826 1 0 0.001 0.5 0.00746558109103097 0.5 0.5 0.75 0.2 0.2 0.3
44 528 93.95653137491652 1 0 0.001 0.5 0.00746558109103097 0.5 0.5 0.75 0.2 0.2 0.3
45 540 92.45133271993559 1 0 0.001 0.5 0.00746558109103097 0.5 0.5 0.75 0.2 0.2 0.3
46 552 95.60705143786025 1 0 0.001 0.5 0.00746558109103097 0.5 0.5 0.75 0.2 0.2 0.3
47 564 99.88680369865624 1 0 0.001 0.5 0.00746558109103097 0.5 0.5 0.75 0.2 0.2 0.3
48 576 117.84646189375661 1 0 0.001 0.5 0.00746558109103097 0.5 0.5 0.75 0.2 0.2 0.3
49 588 136.08977833066035 1 0 0.001 0.5 0.00746558109103097 0.5 0.5 0.75 0.2 0.2 0.3
50 600 153.615243781021 1 0 0.001 0.5 0.00746558109103097 0.5 0.5 0.75 0.2 0.2 0.3
51 612 151.34779591202337 1 0 0.001 0.5 0.00746558109103097 0.5 0.5 0.75 0.2 0.2 0.3
52 624 150.4003125288288 1 0 0.001 0.5 0.00746558109103097 0.5 0.5 0.75 0.2 0.2 0.3
53 636 134.6683845730423 1 0 0.001 0.5 0.00746558109103097 0.5 0.5 0.75 0.2 0.2 0.3
54 648 130.20244967508484 1 0 0.001 0.5 0.00746558109103097 0.5 0.5 0.75 0.2 0.2 0.3
55 660 141.28950566942643 1 0 0.001 0.5 0.00746558109103097 0.5 0.5 0.75 0.2 0.2 0.3
56 672 145.83563026427493 1 0 0.001 0.5 0.00746558109103097 0.5 0.5 0.75 0.2 0.2 0.3
57 684 143.9403121316679 1 0 0.001 0.5 0.00746558109103097 0.5 0.5 0.75 0.2 0.2 0.3
58 696 126.8553300794514 1 0 0.001 0.5 0.00746558109103097 0.5 0.5 0.75 0.2 0.2 0.3
59 708 115.4368025132093 1 0 0.001 0.5 0.00746558109103097 0.5 0.5 0.75 0.2 0.2 0.3
60 720 104.00093409091653 1 0 0.001 0.5 0.00746558109103097 0.5 0.5 0.75 0.2 0.2 0.3
61 732 90.49744394637696 1 0 0.001 0.5 0.00746558109103097 0.5 0.5 0.75 0.2 0.2 0.3
62 744 83.05097326388167 1 0 0.001 0.5 0.00746558109103097 0.5 0.5 0.75 0.2 0.2 0.3
63 756 84.51482795702807 1 0 0.001 0.5 0.00746558109103097 0.5 0.5 0.75 0.2 0.2 0.3
64 768 85.98441429218583 1 0 0.001 0.5 0.00746558109103097 0.5 0.5 0.75 0.2 0.2 0.3
65 780 90.96947529587015 1 0 0.001 0.5 0.00746558109103097 0.5 0.5 0.75 0.2 0.2 0.3
66 792 96.58987868915051 1 0 0.001 0.5 0.00746558109103097 0.5 0.5 0.75 0.2 0.2 0.3
67 804 98.89977902533865 1 0 0.001 0.5 0.00746558109103097 0.5 0.5 0.75 0.2 0.2 0.3
68 816 103.69862662843138 1 0 0.001 0.5 0.00746558109103097 0.5 0.5 0.75 0.2 0.2 0.3
69 828 106.33931997824833 1 0 0.001 0.5 0.00746558109103097 0.5 0.5 0.75 0.2 0.2 0.3
70 840 111.44659647135146 1 0 0.001 0.5 0.00746558109103097 0.5 0.5 0.75 0.2 0.2 0.3
71 852 108.35492409258858 1 0 0.001 0.5 0.00746558109103097 0.5 0.5 0.75 0.2 0.2 0.3
72 864 111.36573212273586 1 0 0.001 0.5 0.00746558109103097 0.5 0.5 0.75 0.2 0.2 0.3
73 876 124.26093312596396 1 0 0.001 0.5 0.00746558109103097 0.5 0.5 0.75 0.2 0.2 0.3
74 888 139.14713432260356 1 0 0.001 0.5 0.00746558109103097 0.5 0.5 0.75 0.2 0.2 0.3
75 900 168.2226917716198 1 0 0.001 0.5 0.007330222052695681 0.5 0.5 0.75 0.2 0.2 0.3
76 912 190.20217542896566 1 0 0.001 0.5 0.0064949517850340375 0.5 0.5 0.75 0.2 0.2 0.3
77 924 174.71044585226755 1 0 0.001 0.5 0.0064949517850340375 0.5 0.5 0.75 0.2 0.2 0.3
78 936 166.61963718836384 1 0 0.001 0.5 0.0064949517850340375 0.5 0.5 0.75 0.2 0.2 0.3
79 948 145.47803685817217 1 0 0.001 0.5 0.0064949517850340375 0.5 0.5 0.75 0.2 0.2 0.3
80 960 151.75327472061775 1 0 0.001 0.5 0.0064949517850340375 0.5 0.5 0.75 0.2 0.2 0.3
81 972 173.57188321033402 1 0 0.001 0.5 0.0064949517850340375 0.5 0.5 0.75 0.2 0.2 0.3
82 984 188.30951848086482 1 0 0.001 0.5 0.006023661701509498 0.5 0.5 0.75 0.2 0.2 0.3
83 996 194.24719211240395 1 0 0.001 0.5 0.005802373885940659 0.5 0.5 0.75 0.2 0.2 0.3
84 1008 194.5236274679054 1 0 0.001 0.5 0.005802373885940659 0.5 0.5 0.75 0.2 0.2 0.3
85 1020 183.8094561426029 1 0 0.001 0.5 0.005802373885940659 0.5 0.5 0.75 0.2 0.2 0.3
86 1032 178.6847842971991 1 0 0.001 0.5 0.005802373885940659 0.5 0.5 0.75 0.2 0.2 0.3
87 1044 188.04910513941087 1 0 0.001 0.5 0.005802373885940659 0.5 0.5 0.75 0.2 0.2 0.3
88 1056 191.82369334083245 1 0 0.001 0.5 0.005802373885940659 0.5 0.5 0.75 0.2 0.2 0.3
89 1068 183.34705755587862 1 0 0.001 0.5 0.005802373885940659 0.5 0.5 0.75 0.2 0.2 0.3
90 1080 161.4776201282207 1 0 0.001 0.5 0.005802373885940659 0.5 0.5 0.75 0.2 0.2 0.3
91 1092 151.22855794137635 1 0 0.001 0.5 0.005802373885940659 0.5 0.5 0.75 0.2 0.2 0.3
92 1104 129.34743532550962 1 0 0.001 0.5 0.005802373885940659 0.5 0.5 0.75 0.2 0.2 0.3
93 1116 122.35882664660724 1 0 0.001 0.5 0.005802373885940659 0.5 0.5 0.75 0.2 0.2 0.3
94 1128 121.66703195727489 1 0 0.001 0.5 0.005802373885940659 0.5 0.5 0.75 0.2 0.2 0.3
95 1140 123.15349307393703 1 0 0.001 0.5 0.005802373885940659 0.5 0.5 0.75 0.2 0.2 0.3
96 1152 123.80529886681447 1 0 0.001 0.5 0.005802373885940659 0.5 0.5 0.75 0.2 0.2 0.3
97 1164 127.28333974464046 1 0 0.001 0.5 0.005802373885940659 0.5 0.5 0.75 0.2 0.2 0.3
98 1176 119.06042701478829 1 0 0.001 0.5 0.005802373885940659 0.5 0.5 0.75 0.2 0.2 0.3
99 1188 111.57577658525005 1 0 0.001 0.5 0.005802373885940659 0.5 0.5 0.75 0.2 0.2 0.3
100 1200 112.83099818950691 1 0 0.001 0.5 0.005802373885940659 0.5 0.5 0.75 0.2 0.2 0.3
101 1212 106.6391087983017 1 0 0.001 0.5 0.005802373885940659 0.5 0.5 0.75 0.2 0.2 0.3
102 1224 102.49360764732033 1 0 0.001 0.5 0.005802373885940659 0.5 0.5 0.75 0.2 0.2 0.3
103 1236 109.7567646867431 1 0 0.001 0.5 0.005802373885940659 0.5 0.5 0.75 0.2 0.2 0.3
104 1248 106.35449354814025 1 0 0.001 0.5 0.005802373885940659 0.5 0.5 0.75 0.2 0.2 0.3
105 1260 107.13722078675931 1 0 0.001 0.5 0.005802373885940659 0.5 0.5 0.75 0.2 0.2 0.3
106 1272 103.23307542245915 1 0 0.001 0.5 0.005802373885940659 0.5 0.5 0.75 0.2 0.2 0.3
107 1284 108.6350074391772 1 0 0.001 0.5 0.005802373885940659 0.5 0.5 0.75 0.2 0.2 0.3
108 1296 117.83260834149601 1 0 0.001 0.5 0.005802373885940659 0.5 0.5 0.75 0.2 0.2 0.3
109 1308 110.45830289459778 1 0 0.001 0.5 0.005802373885940659 0.5 0.5 0.75 0.2 0.2 0.3
