% # columns="iteration, evaluation, min 25%tile 75%tile max correlation, correlation matrix principal axes lengths  (sorted square roots of eigenvalues of correlation matrix)", seed=37035, Thu Apr  9 12:50:17 2026
1 12 -0.09924289388784166 -0.040814780868300024 0.009517547879281957 0.07396931663413503 0.8901992698728333 0.9414505516505628 0.9802942511793823 0.996115218883752 1.0011935670052696 1.0123772417598695 1.0339750335879423 1.0500575409006088 1.0811902344157955
2 24 -0.10290734794216053 -0.047171634703638235 0.011994532649145424 0.06493224228075592 0.8901992698728333 0.9414505516505628 0.9802942511793823 0.996115218883752 1.0011935670052696 1.0123772417598695 1.0339750335879423 1.0500575409006088 1.0811902344157955
3 36 -0.1350240698597573 -0.05920928496153086 0.03001858942913216 0.10520573984563633 0.8901992698728333 0.9414505516505628 0.9802942511793823 0.996115218883752 1.0011935670052696 1.0123772417598695 1.0339750335879423 1.0500575409006088 1.0811902344157955
4 48 -0.14825381523938622 -0.058655260338020924 0.02451933894250828 0.14174043454560528 0.8901992698728333 0.9414505516505628 0.9802942511793823 0.996115218883752 1.0011935670052696 1.0123772417598695 1.0339750335879423 1.0500575409006088 1.0811902344157955
5 60 -0.17885804363552335 -0.07596691542085766 0.03804596859074343 0.13388506199940164 0.8901992698728333 0.9414505516505628 0.9802942511793823 0.996115218883752 1.0011935670052696 1.0123772417598695 1.0339750335879423 1.0500575409006088 1.0811902344157955
6 72 -0.20258661726622354 -0.08541572388021837 0.032779015973032996 0.13818859521248075 0.8901992698728333 0.9414505516505628 0.9802942511793823 0.996115218883752 1.0011935670052696 1.0123772417598695 1.0339750335879423 1.0500575409006088 1.0811902344157955
7 84 -0.26135189201605996 -0.09361944977561565 0.04160731395296467 0.16541095964062327 0.8901992698728333 0.9414505516505628 0.9802942511793823 0.996115218883752 1.0011935670052696 1.0123772417598695 1.0339750335879423 1.0500575409006088 1.0811902344157955
8 96 -0.28594605277371926 -0.10373446614746565 0.04569769737792062 0.15721791401787535 0.8901992698728333 0.9414505516505628 0.9802942511793823 0.996115218883752 1.0011935670052696 1.0123772417598695 1.0339750335879423 1.0500575409006088 1.0811902344157955
9 108 -0.31585888965558484 -0.11757605342235611 0.05130228886493693 0.1571935780457322 0.8901992698728333 0.9414505516505628 0.9802942511793823 0.996115218883752 1.0011935670052696 1.0123772417598695 1.0339750335879423 1.0500575409006088 1.0811902344157955
10 120 -0.3643938444964916 -0.12287331584391416 0.06090718079654295 0.1556617781830895 0.6971144144542768 0.8256302906942086 0.8736260343198615 0.929573585004894 0.9509458476769709 1.030025948044723 1.093689514728196 1.1988460445041302 1.26743700693915
11 132 -0.38581875305131685 -0.1249353531176689 0.05462048472744194 0.19284481683388682 0.6971144144542768 0.8256302906942086 0.8736260343198615 0.929573585004894 0.9509458476769709 1.030025948044723 1.093689514728196 1.1988460445041302 1.26743700693915
12 144 -0.38931562226920885 -0.08657866361552616 0.06454213432580852 0.19326529040067458 0.6971144144542768 0.8256302906942086 0.8736260343198615 0.929573585004894 0.9509458476769709 1.030025948044723 1.093689514728196 1.1988460445041302 1.26743700693915
13 156 -0.3680406636022459 -0.11936185786263036 0.06937339738089035 0.17732746979000052 0.6971144144542768 0.8256302906942086 0.8736260343198615 0.929573585004894 0.9509458476769709 1.030025948044723 1.093689514728196 1.1988460445041302 1.26743700693915
14 168 -0.42047193399416455 -0.1147708155631151 0.06369237002180109 0.16947340202050148 0.6971144144542768 0.8256302906942086 0.8736260343198615 0.929573585004894 0.9509458476769709 1.030025948044723 1.093689514728196 1.1988460445041302 1.26743700693915
15 180 -0.4731743354521936 -0.08601311753951968 0.04254705778724917 0.2246924600905398 0.6971144144542768 0.8256302906942086 0.8736260343198615 0.929573585004894 0.9509458476769709 1.030025948044723 1.093689514728196 1.1988460445041302 1.26743700693915
16 192 -0.4587020803412946 -0.0907138742110284 0.04048692377914502 0.25236190793395474 0.6971144144542768 0.8256302906942086 0.8736260343198615 0.929573585004894 0.9509458476769709 1.030025948044723 1.093689514728196 1.1988460445041302 1.26743700693915
17 204 -0.46577125650588397 -0.09668066828135832 0.04054264474128747 0.3026689415483057 0.6971144144542768 0.8256302906942086 0.8736260343198615 0.929573585004894 0.9509458476769709 1.030025948044723 1.093689514728196 1.1988460445041302 1.26743700693915
18 216 -0.5038424500746866 -0.09325635494923706 0.04691969718652163 0.34621681847140146 0.6971144144542768 0.8256302906942086 0.8736260343198615 0.929573585004894 0.9509458476769709 1.030025948044723 1.093689514728196 1.1988460445041302 1.26743700693915
19 228 -0.5380748109390822 -0.09100179539498143 0.05167370046362266 0.4049758898151588 0.5724264309347611 0.700674673808208 0.8128047796878544 0.8543455480898949 1.0086073773992252 1.0866821522197616 1.1641590592176856 1.248512046207942 1.295611620372611
20 240 -0.5389159964200024 -0.0949370374760552 0.054074458683206 0.4263948170421587 0.5724264309347611 0.700674673808208 0.8128047796878544 0.8543455480898949 1.0086073773992252 1.0866821522197616 1.1641590592176856 1.248512046207942 1.295611620372611
21 252 -0.5416783960644985 -0.098795369669184 0.05296109965133866 0.4676137788042259 0.5724264309347611 0.700674673808208 0.8128047796878544 0.8543455480898949 1.0086073773992252 1.0866821522197616 1.1641590592176856 1.248512046207942 1.295611620372611
22 264 -0.5673993715274555 -0.08866667550411145 0.02284896978983067 0.4625287980543804 0.5724264309347611 0.700674673808208 0.8128047796878544 0.8543455480898949 1.0086073773992252 1.0866821522197616 1.1641590592176856 1.248512046207942 1.295611620372611
23 276 -0.5940368543655354 -0.08324505022040712 0.045896895110819846 0.46345329753981257 0.5724264309347611 0.700674673808208 0.8128047796878544 0.8543455480898949 1.0086073773992252 1.0866821522197616 1.1641590592176856 1.248512046207942 1.295611620372611
24 288 -0.6487196283333246 -0.07031112537729955 0.021582993691801423 0.4864508859414296 0.5724264309347611 0.700674673808208 0.8128047796878544 0.8543455480898949 1.0086073773992252 1.0866821522197616 1.1641590592176856 1.248512046207942 1.295611620372611
25 300 -0.6690783572498396 -0.08799995875472497 0.02842691711277676 0.49513791046880284 0.5724264309347611 0.700674673808208 0.8128047796878544 0.8543455480898949 1.0086073773992252 1.0866821522197616 1.1641590592176856 1.248512046207942 1.295611620372611
26 312 -0.6982103262930665 -0.09727811811660589 0.05128975528108384 0.5264331209886735 0.5724264309347611 0.700674673808208 0.8128047796878544 0.8543455480898949 1.0086073773992252 1.0866821522197616 1.1641590592176856 1.248512046207942 1.295611620372611
27 324 -0.7728851435955845 -0.12349126974396074 0.0992375243571293 0.5467960501781377 0.5724264309347611 0.700674673808208 0.8128047796878544 0.8543455480898949 1.0086073773992252 1.0866821522197616 1.1641590592176856 1.248512046207942 1.295611620372611
28 336 -0.7958337438564055 -0.13343962417793453 0.10337383755797813 0.5603195400253432 0.4297912926290709 0.4753049028703745 0.7440972884993279 0.8873969817061095 1.0129279214643618 1.0731349345436099 1.125945213514643 1.265203123397578 1.4839398192254631
29 348 -0.8135626465248079 -0.13519567993958556 0.08759731141790619 0.5868813984488341 0.4297912926290709 0.4753049028703745 0.7440972884993279 0.8873969817061095 1.0129279214643618 1.0731349345436099 1.125945213514643 1.265203123397578 1.4839398192254631
30 360 -0.8321398799011636 -0.13550756475091844 0.07159792071021889 0.600525802117634 0.4297912926290709 0.4753049028703745 0.7440972884993279 0.8873969817061095 1.0129279214643618 1.0731349345436099 1.125945213514643 1.265203123397578 1.4839398192254631
31 372 -0.8490649317798362 -0.12887186700610775 0.07586028252382376 0.6156964471249808 0.4297912926290709 0.4753049028703745 0.7440972884993279 0.8873969817061095 1.0129279214643618 1.0731349345436099 1.125945213514643 1.265203123397578 1.4839398192254631
32 384 -0.8644474685957655 -0.11376433649231124 0.06273300514404358 0.6167742226079663 0.4297912926290709 0.4753049028703745 0.7440972884993279 0.8873969817061095 1.0129279214643618 1.0731349345436099 1.125945213514643 1.265203123397578 1.4839398192254631
33 396 -0.8747679663441785 -0.12207257953507819 0.05203219320302124 0.6536882281299329 0.4297912926290709 0.4753049028703745 0.7440972884993279 0.8873969817061095 1.0129279214643618 1.0731349345436099 1.125945213514643 1.265203123397578 1.4839398192254631
34 408 -0.8807510342159688 -0.1399640449321669 0.06637036931845137 0.6695389903720662 0.4297912926290709 0.4753049028703745 0.7440972884993279 0.8873969817061095 1.0129279214643618 1.0731349345436099 1.125945213514643 1.265203123397578 1.4839398192254631
35 420 -0.8926207658585741 -0.1391039946534181 0.09297157337815863 0.6647085261697049 0.4297912926290709 0.4753049028703745 0.7440972884993279 0.8873969817061095 1.0129279214643618 1.0731349345436099 1.125945213514643 1.265203123397578 1.4839398192254631
36 432 -0.8953588461060751 -0.14421850732806193 0.08586755367835136 0.6656151834247547 0.4297912926290709 0.4753049028703745 0.7440972884993279 0.8873969817061095 1.0129279214643618 1.0731349345436099 1.125945213514643 1.265203123397578 1.4839398192254631
37 444 -0.8975182205218365 -0.15078426929328637 0.08265050067578932 0.6760549058606918 0.31155005328817736 0.3636380027739954 0.7186228544939528 0.8205176490299101 1.0441394518719471 1.0808961003347928 1.1465786922895749 1.349400154576137 1.4788336276968683
38 456 -0.8997226620223636 -0.15364465564543373 0.07557639833077226 0.7213164001429497 0.31155005328817736 0.3636380027739954 0.7186228544939528 0.8205176490299101 1.0441394518719471 1.0808961003347928 1.1465786922895749 1.349400154576137 1.4788336276968683
39 468 -0.8954431934434395 -0.1531892147462135 0.07406169395983642 0.7130747912111488 0.31155005328817736 0.3636380027739954 0.7186228544939528 0.8205176490299101 1.0441394518719471 1.0808961003347928 1.1465786922895749 1.349400154576137 1.4788336276968683
40 480 -0.9107178046942072 -0.1530740740924433 0.03892648167946201 0.7216101246501425 0.31155005328817736 0.3636380027739954 0.7186228544939528 0.8205176490299101 1.0441394518719471 1.0808961003347928 1.1465786922895749 1.349400154576137 1.4788336276968683
41 492 -0.913836230313185 -0.18226628293928432 0.05611488788349624 0.7098468798124405 0.31155005328817736 0.3636380027739954 0.7186228544939528 0.8205176490299101 1.0441394518719471 1.0808961003347928 1.1465786922895749 1.349400154576137 1.4788336276968683
42 504 -0.9236176326127468 -0.1932788059752017 0.06350936747918388 0.7069792476852536 0.31155005328817736 0.3636380027739954 0.7186228544939528 0.8205176490299101 1.0441394518719471 1.0808961003347928 1.1465786922895749 1.349400154576137 1.4788336276968683
43 516 -0.9274896874376604 -0.1732464220796649 0.07615177619639656 0.6825334988204179 0.31155005328817736 0.3636380027739954 0.7186228544939528 0.8205176490299101 1.0441394518719471 1.0808961003347928 1.1465786922895749 1.349400154576137 1.4788336276968683
44 528 -0.9307211669377 -0.16387221074458175 0.09228811860971606 0.6792371200386611 0.31155005328817736 0.3636380027739954 0.7186228544939528 0.8205176490299101 1.0441394518719471 1.0808961003347928 1.1465786922895749 1.349400154576137 1.4788336276968683
45 540 -0.9385703354946535 -0.16914545650911636 0.10624779775531056 0.6656525574159892 0.31155005328817736 0.3636380027739954 0.7186228544939528 0.8205176490299101 1.0441394518719471 1.0808961003347928 1.1465786922895749 1.349400154576137 1.4788336276968683
46 552 -0.9426863800265304 -0.16527211971177994 0.10715453184780196 0.6735056055351649 0.2043453188907431 0.2949039152121771 0.6816687700533205 0.7313662634353544 0.9459367776392139 1.061909661573897 1.1589204810099345 1.3648464227489683 1.6258397191768843
47 564 -0.9523657069787512 -0.15637644593403424 0.09755157263728084 0.6932861254375378 0.2043453188907431 0.2949039152121771 0.6816687700533205 0.7313662634353544 0.9459367776392139 1.061909661573897 1.1589204810099345 1.3648464227489683 1.6258397191768843
48 576 -0.9550622905312725 -0.16051002627510963 0.10612126096751609 0.7052957439953447 0.2043453188907431 0.2949039152121771 0.6816687700533205 0.7313662634353544 0.9459367776392139 1.061909661573897 1.1589204810099345 1.3648464227489683 1.6258397191768843
49 588 -0.9603328854662943 -0.170001494971537 0.08403172628089528 0.7286597339639512 0.2043453188907431 0.2949039152121771 0.6816687700533205 0.7313662634353544 0.9459367776392139 1.061909661573897 1.1589204810099345 1.3648464227489683 1.6258397191768843
50 600 -0.9630443519073072 -0.1940448496291236 0.10063454501961427 0.7258685449379401 0.2043453188907431 0.2949039152121771 0.6816687700533205 0.7313662634353544 0.9459367776392139 1.061909661573897 1.1589204810099345 1.3648464227489683 1.6258397191768843
51 612 -0.9641551448539128 -0.17360852661258586 0.1087300454143061 0.712810142467028 0.2043453188907431 0.2949039152121771 0.6816687700533205 0.7313662634353544 0.9459367776392139 1.061909661573897 1.1589204810099345 1.3648464227489683 1.6258397191768843
52 624 -0.9661659053665004 -0.17462727435581177 0.08092981978191308 0.6982063370319751 0.2043453188907431 0.2949039152121771 0.6816687700533205 0.7313662634353544 0.9459367776392139 1.061909661573897 1.1589204810099345 1.3648464227489683 1.6258397191768843
53 636 -0.9705223954827416 -0.19133490687147842 0.07583720773788122 0.6963130148108487 0.2043453188907431 0.2949039152121771 0.6816687700533205 0.7313662634353544 0.9459367776392139 1.061909661573897 1.1589204810099345 1.3648464227489683 1.6258397191768843
54 648 -0.9726488679191346 -0.16672337888110525 0.07651066341141853 0.7291491047774242 0.2043453188907431 0.2949039152121771 0.6816687700533205 0.7313662634353544 0.9459367776392139 1.061909661573897 1.1589204810099345 1.3648464227489683 1.6258397191768843
55 660 -0.9731424869506797 -0.15348481954477466 0.08997647292631467 0.7439653909762092 0.13817551405796147 0.26239241236557215 0.6113528825578451 0.783615297394588 0.9058614488061764 1.062439743908892 1.1334569055556658 1.345170262254032 1.697257111592223
56 672 -0.9721020033705011 -0.17996915219759943 0.0893047763028878 0.7527117610167458 0.13817551405796147 0.26239241236557215 0.6113528825578451 0.783615297394588 0.9058614488061764 1.062439743908892 1.1334569055556658 1.345170262254032 1.697257111592223
57 684 -0.9718919724273414 -0.1645411424881484 0.10647601506395973 0.7498039847811864 0.13817551405796147 0.26239241236557215 0.6113528825578451 0.783615297394588 0.9058614488061764 1.062439743908892 1.1334569055556658 1.345170262254032 1.697257111592223
58 696 -0.9729685670817841 -0.1719559732004835 0.08490411545157289 0.7335323098201719 0.13817551405796147 0.26239241236557215 0.6113528825578451 0.783615297394588 0.9058614488061764 1.062439743908892 1.1334569055556658 1.345170262254032 1.697257111592223
59 708 -0.9717190302739156 -0.1687872395680282 0.03597556973277702 0.7450181436012927 0.13817551405796147 0.26239241236557215 0.6113528825578451 0.783615297394588 0.9058614488061764 1.062439743908892 1.1334569055556658 1.345170262254032 1.697257111592223
60 720 -0.9727563272344408 -0.17597537067557528 0.05500671423384721 0.7502860834652364 0.13817551405796147 0.26239241236557215 0.6113528825578451 0.783615297394588 0.9058614488061764 1.062439743908892 1.1334569055556658 1.345170262254032 1.697257111592223
61 732 -0.9720936865835298 -0.18092585879150053 0.08682764419388436 0.7380664205026011 0.13817551405796147 0.26239241236557215 0.6113528825578451 0.783615297394588 0.9058614488061764 1.062439743908892 1.1334569055556658 1.345170262254032 1.697257111592223
62 744 -0.9719035341778637 -0.1781261942061599 0.07076432568497969 0.7720068513790328 0.13817551405796147 0.26239241236557215 0.6113528825578451 0.783615297394588 0.9058614488061764 1.062439743908892 1.1334569055556658 1.345170262254032 1.697257111592223
63 756 -0.9740380935633947 -0.1891606648967138 0.06825644129632363 0.778288771732176 0.13817551405796147 0.26239241236557215 0.6113528825578451 0.783615297394588 0.9058614488061764 1.062439743908892 1.1334569055556658 1.345170262254032 1.697257111592223
64 768 -0.9756691369549721 -0.17951038213882886 0.056808164191811554 0.7965620066380128 0.12564763219033176 0.20648131834560346 0.5906005124976224 0.808293429948825 0.9269796220870575 1.0010798645055996 1.2033555345969045 1.3821297282650222 1.6491305770484566
65 780 -0.9741721433940633 -0.1873910421872758 0.10555624506877222 0.8175042949479232 0.12564763219033176 0.20648131834560346 0.5906005124976224 0.808293429948825 0.9269796220870575 1.0010798645055996 1.2033555345969045 1.3821297282650222 1.6491305770484566
66 792 -0.9743647589347785 -0.199275454931019 0.09444009023329722 0.8349211615953279 0.12564763219033176 0.20648131834560346 0.5906005124976224 0.808293429948825 0.9269796220870575 1.0010798645055996 1.2033555345969045 1.3821297282650222 1.6491305770484566
67 804 -0.974389340358123 -0.1741656491061308 0.07542588499361964 0.839018080828658 0.12564763219033176 0.20648131834560346 0.5906005124976224 0.808293429948825 0.9269796220870575 1.0010798645055996 1.2033555345969045 1.3821297282650222 1.6491305770484566
68 816 -0.9725422200331657 -0.1998687261097422 0.0701853385925579 0.8289134122807614 0.12564763219033176 0.20648131834560346 0.5906005124976224 0.808293429948825 0.9269796220870575 1.0010798645055996 1.2033555345969045 1.3821297282650222 1.6491305770484566
69 828 -0.9719459828128841 -0.1650798575293722 0.09987863732263835 0.8368438475632913 0.12564763219033176 0.20648131834560346 0.5906005124976224 0.808293429948825 0.9269796220870575 1.0010798645055996 1.2033555345969045 1.3821297282650222 1.6491305770484566
70 840 -0.9731011487345588 -0.17875409670913325 0.1267861485730033 0.8462001585917553 0.12564763219033176 0.20648131834560346 0.5906005124976224 0.808293429948825 0.9269796220870575 1.0010798645055996 1.2033555345969045 1.3821297282650222 1.6491305770484566
71 852 -0.9743637452265353 -0.17412722495972435 0.10940571400031654 0.8517006481726026 0.12564763219033176 0.20648131834560346 0.5906005124976224 0.808293429948825 0.9269796220870575 1.0010798645055996 1.2033555345969045 1.3821297282650222 1.6491305770484566
72 864 -0.9753170068846962 -0.18508719166413548 0.12013869556387194 0.8481337866071093 0.12564763219033176 0.20648131834560346 0.5906005124976224 0.808293429948825 0.9269796220870575 1.0010798645055996 1.2033555345969045 1.3821297282650222 1.6491305770484566
73 876 -0.9757932713165475 -0.16841643849416507 0.10053963451570512 0.8439501565727433 0.10683528288732883 0.18817529441057612 0.5796452417062752 0.7848610465825312 0.9166346492271754 1.043803401589644 1.322576819708404 1.371197343579352 1.562704256033598
74 888 -0.9775846078460567 -0.1734247804141462 0.08908897041635108 0.863335646426007 0.10683528288732883 0.18817529441057612 0.5796452417062752 0.7848610465825312 0.9166346492271754 1.043803401589644 1.322576819708404 1.371197343579352 1.562704256033598
75 900 -0.9790519044211404 -0.13933775346116736 0.11122046550446982 0.8655783238246026 0.10683528288732883 0.18817529441057612 0.5796452417062752 0.7848610465825312 0.9166346492271754 1.043803401589644 1.322576819708404 1.371197343579352 1.562704256033598
76 912 -0.9798234313823211 -0.17005614674102387 0.15038745458328703 0.8745283981577191 0.10683528288732883 0.18817529441057612 0.5796452417062752 0.7848610465825312 0.9166346492271754 1.043803401589644 1.322576819708404 1.371197343579352 1.562704256033598
77 924 -0.9799829297114837 -0.14899279711453928 0.16945261421742452 0.8895689575980547 0.10683528288732883 0.18817529441057612 0.5796452417062752 0.7848610465825312 0.9166346492271754 1.043803401589644 1.322576819708404 1.371197343579352 1.562704256033598
78 936 -0.9799846868445472 -0.1700810613788673 0.18684196656922797 0.9117786330433492 0.10683528288732883 0.18817529441057612 0.5796452417062752 0.7848610465825312 0.9166346492271754 1.043803401589644 1.322576819708404 1.371197343579352 1.562704256033598
79 948 -0.981258216817886 -0.16429896162220442 0.20677566191153385 0.9212689516211334 0.10683528288732883 0.18817529441057612 0.5796452417062752 0.7848610465825312 0.9166346492271754 1.043803401589644 1.322576819708404 1.371197343579352 1.562704256033598
80 960 -0.9825150298803336 -0.1750442898952041 0.23023641964491515 0.9264649231322246 0.10683528288732883 0.18817529441057612 0.5796452417062752 0.7848610465825312 0.9166346492271754 1.043803401589644 1.322576819708404 1.371197343579352 1.562704256033598
81 972 -0.9818496396446676 -0.19185945925822195 0.2381025174787853 0.9208620542705751 0.10683528288732883 0.18817529441057612 0.5796452417062752 0.7848610465825312 0.9166346492271754 1.043803401589644 1.322576819708404 1.371197343579352 1.562704256033598
82 984 -0.9825259865544752 -0.18040092507808547 0.2415269411360991 0.924196061373875 0.07873497000584183 0.14182292277588723 0.4961719385502174 0.5812782972655417 0.8078848070860304 0.986255405570103 1.1420850207652207 1.461505680241839 1.8231514959061244
83 996 -0.9822534593267118 -0.189363609975418 0.25440715533770725 0.9268133326366825 0.07873497000584183 0.14182292277588723 0.4961719385502174 0.5812782972655417 0.8078848070860304 0.986255405570103 1.1420850207652207 1.461505680241839 1.8231514959061244
84 1008 -0.9815417836718364 -0.19460351371668905 0.2582953193339167 0.9281268793125931 0.07873497000584183 0.14182292277588723 0.4961719385502174 0.5812782972655417 0.8078848070860304 0.986255405570103 1.1420850207652207 1.461505680241839 1.8231514959061244
85 1020 -0.9822557637355951 -0.2451383848686391 0.26606633125347434 0.9270411635509177 0.07873497000584183 0.14182292277588723 0.4961719385502174 0.5812782972655417 0.8078848070860304 0.986255405570103 1.1420850207652207 1.461505680241839 1.8231514959061244
86 1032 -0.9849132373609583 -0.26125875549120864 0.30145698337233595 0.934387997242308 0.07873497000584183 0.14182292277588723 0.4961719385502174 0.5812782972655417 0.8078848070860304 0.986255405570103 1.1420850207652207 1.461505680241839 1.8231514959061244
87 1044 -0.98696258151353 -0.301653189375506 0.32231265206892507 0.9365334186120053 0.07873497000584183 0.14182292277588723 0.4961719385502174 0.5812782972655417 0.8078848070860304 0.986255405570103 1.1420850207652207 1.461505680241839 1.8231514959061244
88 1056 -0.9881250560811915 -0.3666649919097843 0.36274877463189514 0.9326666896942941 0.07873497000584183 0.14182292277588723 0.4961719385502174 0.5812782972655417 0.8078848070860304 0.986255405570103 1.1420850207652207 1.461505680241839 1.8231514959061244
89 1068 -0.9897898203036384 -0.36323988195966683 0.34904576219121575 0.9345003541938335 0.07873497000584183 0.14182292277588723 0.4961719385502174 0.5812782972655417 0.8078848070860304 0.986255405570103 1.1420850207652207 1.461505680241839 1.8231514959061244
90 1080 -0.9924664113756322 -0.4023930626316337 0.3995240003736355 0.9385027823797614 0.07873497000584183 0.14182292277588723 0.4961719385502174 0.5812782972655417 0.8078848070860304 0.986255405570103 1.1420850207652207 1.461505680241839 1.8231514959061244
91 1092 -0.9930372930170324 -0.4284983107342528 0.4260702032400615 0.9407831186124029 0.05683547862421039 0.12218049466967672 0.4680365587873773 0.5331597696895649 0.7125703117067193 0.9222916485188952 0.9996207419052492 1.3171441090530789 2.094286400901492
92 1104 -0.9928859893481158 -0.43911245770470486 0.4349018085742833 0.9427648499273937 0.05683547862421039 0.12218049466967672 0.4680365587873773 0.5331597696895649 0.7125703117067193 0.9222916485188952 0.9996207419052492 1.3171441090530789 2.094286400901492
93 1116 -0.9934675578764158 -0.4395377329513894 0.4164730703875599 0.9504913839143252 0.05683547862421039 0.12218049466967672 0.4680365587873773 0.5331597696895649 0.7125703117067193 0.9222916485188952 0.9996207419052492 1.3171441090530789 2.094286400901492
94 1128 -0.9939432543030833 -0.4231554142067877 0.39141579524275016 0.9510743470863483 0.05683547862421039 0.12218049466967672 0.4680365587873773 0.5331597696895649 0.7125703117067193 0.9222916485188952 0.9996207419052492 1.3171441090530789 2.094286400901492
95 1140 -0.9934396378140485 -0.42622696329505594 0.38030105343862475 0.9498999572134067 0.05683547862421039 0.12218049466967672 0.4680365587873773 0.5331597696895649 0.7125703117067193 0.9222916485188952 0.9996207419052492 1.3171441090530789 2.094286400901492
96 1152 -0.9932118619344557 -0.4367799119864219 0.3779174884573736 0.9506378052386389 0.05683547862421039 0.12218049466967672 0.4680365587873773 0.5331597696895649 0.7125703117067193 0.9222916485188952 0.9996207419052492 1.3171441090530789 2.094286400901492
97 1164 -0.9933961540218152 -0.4587008278432342 0.3866531575548938 0.956260938978361 0.05683547862421039 0.12218049466967672 0.4680365587873773 0.5331597696895649 0.7125703117067193 0.9222916485188952 0.9996207419052492 1.3171441090530789 2.094286400901492
98 1176 -0.9937586936940687 -0.4490968482160609 0.4038198246991987 0.9636238567355117 0.05683547862421039 0.12218049466967672 0.4680365587873773 0.5331597696895649 0.7125703117067193 0.9222916485188952 0.9996207419052492 1.3171441090530789 2.094286400901492
99 1188 -0.9947305663466488 -0.4484741450241201 0.4519888639724738 0.9684658552233713 0.05683547862421039 0.12218049466967672 0.4680365587873773 0.5331597696895649 0.7125703117067193 0.9222916485188952 0.9996207419052492 1.3171441090530789 2.094286400901492
100 1200 -0.9948760213930322 -0.4585336027813508 0.44511684900853477 0.9707303144527923 0.0473381101534417 0.10929489944329428 0.4373862665840792 0.4912196406010708 0.6646241372590963 0.8440723501866912 1.0339728478363928 1.2933546289451696 2.158045602928793
101 1212 -0.995207851227457 -0.45766319574150227 0.43408588252265656 0.9750237180821207 0.0473381101534417 0.10929489944329428 0.4373862665840792 0.4912196406010708 0.6646241372590963 0.8440723501866912 1.0339728478363928 1.2933546289451696 2.158045602928793
102 1224 -0.9957137976189152 -0.4717153115185536 0.4278380538461324 0.9791143794613062 0.0473381101534417 0.10929489944329428 0.4373862665840792 0.4912196406010708 0.6646241372590963 0.8440723501866912 1.0339728478363928 1.2933546289451696 2.158045602928793
103 1236 -0.9956507664438149 -0.46516156579843526 0.42376002037569444 0.9801069096044626 0.0473381101534417 0.10929489944329428 0.4373862665840792 0.4912196406010708 0.6646241372590963 0.8440723501866912 1.0339728478363928 1.2933546289451696 2.158045602928793
104 1248 -0.9955825266054362 -0.4672589766445219 0.4372815998366962 0.9814271009580314 0.0473381101534417 0.10929489944329428 0.4373862665840792 0.4912196406010708 0.6646241372590963 0.8440723501866912 1.0339728478363928 1.2933546289451696 2.158045602928793
105 1260 -0.9954531280763242 -0.4684016135255186 0.48255901596386885 0.979663594806048 0.0473381101534417 0.10929489944329428 0.4373862665840792 0.4912196406010708 0.6646241372590963 0.8440723501866912 1.0339728478363928 1.2933546289451696 2.158045602928793
106 1272 -0.9957901263143583 -0.4847009319974853 0.49592386344580675 0.9791915011807514 0.0473381101534417 0.10929489944329428 0.4373862665840792 0.4912196406010708 0.6646241372590963 0.8440723501866912 1.0339728478363928 1.2933546289451696 2.158045602928793
107 1284 -0.9962724685576045 -0.510385463413228 0.5242153692442457 0.9802450851756582 0.0473381101534417 0.10929489944329428 0.4373862665840792 0.4912196406010708 0.6646241372590963 0.8440723501866912 1.0339728478363928 1.2933546289451696 2.158045602928793
108 1296 -0.9961591223357755 -0.5009695217575786 0.5334184832894908 0.9812572293977477 0.0473381101534417 0.10929489944329428 0.4373862665840792 0.4912196406010708 0.6646241372590963 0.8440723501866912 1.0339728478363928 1.2933546289451696 2.158045602928793
109 1308 -0.9960320482012365 -0.5254694427000515 0.5599698227040291 0.9807899597364154 0.03737647226552728 0.08917918152797334 0.3901373678160213 0.49977780867353033 0.635612248922905 0.7806443388036923 0.9550572453865913 1.140648050526714 2.3156088221612796
