% # columns="iteration, evaluation, sigma, max axis length,  min axis length, all principal axes lengths  (sorted square roots of eigenvalues of C)", seed=37035, Thu Apr  9 12:50:17 2026
1 12 18.214504771220106 1.0000444454321133 1.0 1.0 1.0000055555709877 1.0000111111728396 1.0000166668055563 1.0000222224691375 1.0000277781635838 1.0000333338888951 1.0000388896450716 1.0000444454321133
2 24 18.467517043921966 1.0842551955299171 0.8502043481780582 0.8502043481780582 0.9340598797051778 0.9871457238643453 0.9971792965852626 0.9990506162035185 1.0027361675075996 1.0056960192036113 1.0153551519995456 1.0842551955299171
3 36 17.833800837113127 1.1172231200916183 0.8474702907835376 0.8474702907835376 0.9200006595057478 0.9324025541269503 0.9709617596691028 0.9888868140939858 1.0028544533023926 1.0087770010477806 1.0379062691461338 1.1172231200916183
4 48 17.665456667664373 1.141103178791112 0.8099170157692513 0.8099170157692513 0.8903119237611781 0.9181133375107371 0.9436628432220394 0.986010027217375 1.0121513815452083 1.0608695154738115 1.0904982563203638 1.141103178791112
5 60 17.687002531957454 1.1482221450084085 0.8033913032058476 0.8033913032058476 0.8556798308225996 0.8833309305203795 0.9484410465183355 0.9799845878670936 1.010370323272795 1.0730065378413103 1.1116954110094857 1.1482221450084085
6 72 16.314587656785182 1.1574899129486382 0.7810199250946729 0.7810199250946729 0.8240713024268015 0.8804788681057556 0.9272430437090933 0.9657192315669861 1.0179367640492232 1.0624395960860533 1.1116707153390775 1.1574899129486382
7 84 15.76976409779356 1.171937195220227 0.7672862223007134 0.7672862223007134 0.8076008046647878 0.8842079718568393 0.928707120006421 0.9738319373346004 0.9837853639954237 1.0540202631703364 1.105045150396787 1.171937195220227
8 96 13.955272328302962 1.2243382857335998 0.6917908736734757 0.6917908736734757 0.8174133798726038 0.8933703896919438 0.9306309562867388 0.9699234837903832 0.9797527122885944 1.0289132709745998 1.1211206210549158 1.2243382857335998
9 108 13.623541556806666 1.2321528852209234 0.676641874633812 0.676641874633812 0.7948836078136072 0.8583034707894257 0.9153241837975302 0.9591742479850329 0.9854237710515342 1.027738425252692 1.0967877091791265 1.2321528852209234
10 120 13.637576516462317 1.2310662532764292 0.6702215899379435 0.6702215899379435 0.801521405260113 0.8152564476285927 0.8807705637725646 0.9481677839014224 0.9766927696671739 1.0389981960080057 1.0933093618533625 1.2310662532764292
11 132 13.8531781573837 1.2315437145339287 0.6437704621862684 0.6437704621862684 0.7780020902704278 0.8131067435562153 0.844416701688716 0.9465333829244881 0.9648268131145445 1.0230749071234937 1.1818924314843542 1.2315437145339287
12 144 13.404310856519945 1.2482521747206778 0.6067479306403907 0.6067479306403907 0.7798317254426679 0.8018184528099779 0.8584060513206302 0.9381417273340371 0.986603893993328 0.9871203728531621 1.161915117610198 1.2482521747206778
13 156 12.237940321257222 1.2476476660989086 0.583264947790309 0.583264947790309 0.7676639636478143 0.7990110305321702 0.8529439401367753 0.9372867015055171 1.0000546689968144 1.0021938795488434 1.108973365063271 1.2476476660989086
14 168 11.65392600675937 1.2478862171744125 0.5657296987049847 0.5657296987049847 0.7504635976359826 0.7910893882063179 0.8533674991282104 0.9323838816438829 0.9849926518110956 1.0074321671111377 1.100997529965065 1.2478862171744125
15 180 11.334975358778582 1.2492289166581223 0.5431275309913949 0.5431275309913949 0.7083315282674685 0.7858700131449503 0.8516706900745323 0.9143313225494638 0.9772005698438254 1.044645419528137 1.1018051067146895 1.2492289166581223
16 192 10.9769425294981 1.2504177304021384 0.5014394917268574 0.5014394917268574 0.6949380070048499 0.8012679384080804 0.8871880915526482 0.8919211750285618 0.984944455344359 1.0276367412875584 1.127193199413789 1.2504177304021384
17 204 10.717208356624333 1.2566014338281906 0.4969616656770505 0.4969616656770505 0.6855079137456296 0.7727699003228491 0.8800359143395045 0.9039529448107556 0.999514476182044 1.0130983339791855 1.1118371098076782 1.2566014338281906
18 216 10.2010013415653 1.2267909199816431 0.49865776924271654 0.49865776924271654 0.6601555559902874 0.7896582738361088 0.8666431749487645 0.878449140789007 0.9775994199559688 1.0267401348843324 1.0952689189427454 1.2267909199816431
19 228 9.952886150394452 1.2281853369656606 0.4950292020385362 0.4950292020385362 0.6103773831384467 0.7683037197192067 0.859732567980437 0.8815822322465986 0.9743925251850146 1.0722072243070815 1.1003444774457496 1.2281853369656606
20 240 10.151774388802714 1.2468212608610847 0.47931949012984426 0.47931949012984426 0.5679391802501986 0.7697704785906109 0.8655121923519813 0.8888826433899784 0.989359341454175 1.089231985222808 1.106984433687679 1.2468212608610847
21 252 11.420456967091633 1.2648003932130012 0.4548100697838808 0.4548100697838808 0.5464889704730304 0.7363376698836214 0.8590945019058412 0.909041254268486 0.9979737023213509 1.079788927599418 1.1186242272358478 1.2648003932130012
22 264 11.801290818493731 1.2921289414273989 0.4562730011901818 0.4562730011901818 0.5348504584112868 0.703110480381098 0.8438968026332299 0.9588547744983937 1.0124072135374604 1.0641810041312452 1.1625992722308913 1.2921289414273989
23 276 11.377924902260041 1.376111614831899 0.43226103508414193 0.43226103508414193 0.5038533324600744 0.7044285861357221 0.8345854747948084 0.9660689829031439 1.0236062164333177 1.0626950424305797 1.1615416074327947 1.376111614831899
24 288 11.220094253516454 1.4038064506081833 0.40775473946780955 0.40775473946780955 0.4936485591490653 0.7035104760075296 0.8253898943353104 0.9754349171272905 1.0180321859197838 1.054613275252359 1.1617602919323382 1.4038064506081833
25 300 11.452697670116565 1.3879692325581285 0.406963365803008 0.406963365803008 0.46564824408725775 0.7043167725628715 0.8020560446874305 0.9644483016522232 1.0466745801420405 1.0951165201340458 1.1630148809300969 1.3879692325581285
26 312 11.955518719687854 1.3400404508694628 0.39083912604901605 0.39083912604901605 0.4472480553831796 0.7038224906236507 0.8121202512533762 0.969670119659235 1.028399636534736 1.1161735661256942 1.1950404114251172 1.3400404508694628
27 324 13.098243044993628 1.3438112735594672 0.37172482456690686 0.37172482456690686 0.4300420901137877 0.7005164688921358 0.8110386568564015 1.008265024133545 1.0340915167798144 1.131847240159399 1.218210559035971 1.3438112735594672
28 336 12.738251783399926 1.4461351156664581 0.35905899626778043 0.35905899626778043 0.4148768974134028 0.6819192852060212 0.807991570746475 0.9878269172708621 1.0192263752519661 1.1585772131127547 1.2316490291319921 1.4461351156664581
29 348 11.37452506135993 1.4461222389502093 0.3556808642909464 0.3556808642909464 0.3847051777920472 0.6734272817533529 0.8303649188845232 1.0068535038678241 1.0166090652445712 1.156865203704478 1.2323389165764447 1.4461222389502093
30 360 11.367515712907162 1.426473283067229 0.34211983050578954 0.34211983050578954 0.3670483470763112 0.6641743819794907 0.8113194202882898 1.000538624232066 1.0166407787452927 1.1458026888408273 1.2759034651192114 1.426473283067229
31 372 10.737786492666396 1.4024292057670704 0.3222985131837373 0.3222985131837373 0.36690093251842837 0.6430325917893447 0.8236679690219069 1.009067231116474 1.0668334952554663 1.1313150428084986 1.2466599685952378 1.4024292057670704
32 384 10.828311351489225 1.3884539821638526 0.30858391212787156 0.30858391212787156 0.36131386691111045 0.6339963782003903 0.818786209679845 0.9703210522740472 1.0635736438564634 1.1308662163981313 1.3153127180977824 1.3884539821638526
33 396 10.670957912558872 1.3961114333831843 0.2896718423319855 0.2896718423319855 0.3606800834541026 0.6132452863550276 0.816051522700692 0.9839525051416693 1.052927089632678 1.1419799166552078 1.3571098404060238 1.3961114333831843
34 408 10.995455527796956 1.4040406603082136 0.28281973762006496 0.28281973762006496 0.3402211867569762 0.5848966820983111 0.8123909913671945 0.9699330348404621 1.0774386785113945 1.1379944505328838 1.377320645391169 1.4040406603082136
35 420 10.046472874047021 1.4173740335871812 0.29462733219768295 0.29462733219768295 0.3227868478093397 0.5999579916427907 0.8028777178405133 0.9292679698216493 1.094125974154057 1.1379677949671512 1.3588922587810923 1.4173740335871812
36 432 8.953648485080967 1.4179145765981036 0.2892796407223068 0.2892796407223068 0.29887926370184165 0.5935354149406992 0.7900537481651121 0.912838463049722 1.09505504856399 1.1256148171836908 1.3511841399235325 1.4179145765981036
37 444 8.294634540965497 1.4132564359506259 0.2800933707500694 0.2800933707500694 0.2959799867157955 0.5963676490170873 0.7711414700472372 0.8897106352345489 1.084026183999463 1.1245269150741588 1.3464444608110877 1.4132564359506259
38 456 7.323673055553666 1.44343565429164 0.2565394704534529 0.2565394704534529 0.2872106831578283 0.5826402908264146 0.7634560379976026 0.93201545734338 1.081778002004458 1.1281366055516564 1.3375316137842181 1.44343565429164
39 468 7.488702182433037 1.3917010968702945 0.24057695951237895 0.24057695951237895 0.28302107134142845 0.5545067325200534 0.7807264236570423 0.9226796949383855 1.0794162710569346 1.136910277549559 1.3348956420248088 1.3917010968702945
40 480 7.779331249938295 1.4733827032221 0.2381741636649261 0.2381741636649261 0.2809229530656065 0.5356583105221866 0.748390805066349 0.9314189617039659 1.0536320206911027 1.137772197761774 1.3105143630219869 1.4733827032221
41 492 7.039451387429197 1.486116742274839 0.22866077385752334 0.22866077385752334 0.2646567601926337 0.5166742973039665 0.753217407315746 0.9311692874996923 1.0607433564967166 1.1584185357943109 1.3405723616959937 1.486116742274839
42 504 6.873197135591395 1.5222914294158276 0.20977186411069082 0.20977186411069082 0.26264313013906443 0.5132394738331064 0.7429540570982103 0.9109912937938861 1.0377593560227876 1.1763010552224626 1.3370354362407952 1.5222914294158276
43 516 7.059113690391057 1.5245825049158679 0.1943208552695398 0.1943208552695398 0.2556765868489137 0.5143485272886081 0.742698562525951 0.895016650107597 1.045236063578555 1.1826055514100098 1.3617736844274342 1.5245825049158679
44 528 7.342553531350401 1.5387165321849232 0.19009409833039081 0.19009409833039081 0.25098676491923805 0.5236147152637997 0.7474195293829949 0.8902538030014816 1.0282159650995568 1.163917921440475 1.3655723430824704 1.5387165321849232
45 540 7.348942465010358 1.6423014370542997 0.18360297354008118 0.18360297354008118 0.24877790818354448 0.5254364781591521 0.7322520075230385 0.8871980503170722 1.0070647677725386 1.145997734771403 1.3708450190641066 1.6423014370542997
46 552 7.1356466153320905 1.6970166242028204 0.1747092295959098 0.1747092295959098 0.24526588928425117 0.5229808773696217 0.7248378812418967 0.8617898330751819 0.9595180338834481 1.1548268607121246 1.355349187009354 1.6970166242028204
47 564 7.307938503456825 1.7388791587123282 0.15744123591903866 0.15744123591903866 0.23846070505534953 0.5208098642798801 0.7169097676372946 0.8805487691917407 0.9527164751126144 1.126862535154323 1.3605727039906428 1.7388791587123282
48 576 7.762159247083911 1.81647158869338 0.15992088611055152 0.15992088611055152 0.226829886218551 0.5152811116544002 0.6955767367490184 0.8834431773292979 0.9581260745679819 1.1302465120492051 1.3315911417834454 1.81647158869338
49 588 8.22452808713814 1.882616384179639 0.1495763022236166 0.1495763022236166 0.2257224393128687 0.5120089545052009 0.6820512400235004 0.8943948790451444 0.9571824137982384 1.1308799379457557 1.3363019200127983 1.882616384179639
50 600 8.734908199034775 2.007925142217909 0.1466466561776812 0.1466466561776812 0.21997261372102336 0.4731916666605932 0.6938489094287568 0.89393212016644 0.9449746659696865 1.1246819286407674 1.3549931890513587 2.007925142217909
51 612 8.818208984025134 2.082119060212271 0.14369983830616806 0.14369983830616806 0.2188450453774552 0.4689955761695606 0.6962684471809207 0.8817621571457146 0.9619612307395994 1.117910309558754 1.342335808671334 2.082119060212271
52 624 8.943382100030156 2.0676877334465065 0.1426579777229281 0.1426579777229281 0.21434180719347917 0.4722811913114047 0.7064648946950033 0.8888032659368067 0.9477912657531176 1.096478306912872 1.3009907123831204 2.0676877334465065
53 636 9.379371152912507 2.06939199430303 0.13708017725955832 0.13708017725955832 0.20522243395776388 0.47162285223637546 0.7228458442616922 0.8651916670099346 0.9562334561732354 1.087176073455347 1.352038449329523 2.06939199430303
54 648 8.942706134118254 2.1207559293395333 0.13460840880782923 0.13460840880782923 0.20037004820999374 0.4653381447868184 0.7283522074485445 0.8535596044414225 0.9517535027676551 1.0662686301378226 1.3338471306153803 2.1207559293395333
55 660 8.686293405330764 2.079112553166158 0.13157745192724118 0.13157745192724118 0.19024227542209868 0.470935254215497 0.7322287541014479 0.8797323666039355 0.9440190986030098 1.0837559186451673 1.306001376671677 2.079112553166158
56 672 8.252414741366312 2.0292887758107545 0.12967431565705953 0.12967431565705953 0.1889827358367927 0.4562362328717252 0.7233894315552681 0.8620114776095817 0.9375642226559134 1.0579088650431683 1.318698401750141 2.0292887758107545
57 684 7.6798157374147396 1.946375348453433 0.128859431261943 0.128859431261943 0.18446148933418396 0.44160924692288545 0.739261978958325 0.8398070018430798 0.9104157266920799 1.0434280466929335 1.333425509278135 1.946375348453433
58 696 7.383342027326162 1.8312049889708775 0.1250419504021165 0.1250419504021165 0.18098508419948012 0.4528420033336664 0.7448692600378765 0.8104332334855716 0.9187201306021632 1.0297801675632199 1.3312999205883742 1.8312049889708775
59 708 6.725268808452508 1.8235881641493814 0.11478634752457947 0.11478634752457947 0.17968898900133914 0.46347071419910857 0.7341328030663848 0.8100750678392133 0.9220232270806764 0.9824958077989396 1.3273153831293971 1.8235881641493814
60 720 6.54553923384894 1.7397614531686687 0.11310222371509365 0.11310222371509365 0.17630608177382778 0.45066894969229904 0.720964188249308 0.8094762496688652 0.9280240658815905 0.9832474980885708 1.3062597016405246 1.7397614531686687
61 732 6.136840220169797 1.7356543583413329 0.11114569186217493 0.11114569186217493 0.16982483558620368 0.44894859640313795 0.6989011608973451 0.7657017229368339 0.9664082867196139 0.9959699824083017 1.3669712331017756 1.7356543583413329
62 744 6.142621119814427 1.7248831337523134 0.10729027654640115 0.10729027654640115 0.16261028189915158 0.44708510614124125 0.7025383189807894 0.7639608989727112 0.9532533239029927 0.9969061406707396 1.3107020306172203 1.7248831337523134
63 756 6.255923820715922 1.6907363807525893 0.10357021993327693 0.10357021993327693 0.15931017030587954 0.4395036947432233 0.6405339849565262 0.7683521073293726 0.9635022642135825 1.0122977578168957 1.3717010221187274 1.6907363807525893
64 768 6.024906023378659 1.644919640398372 0.10082933626064458 0.10082933626064458 0.14999943697998927 0.43695743675189186 0.6364602703451788 0.7626434417918913 0.9668462146267133 1.0373715172351854 1.3788230979549554 1.644919640398372
65 780 5.996452585442051 1.6162898281581202 0.10040215815652524 0.10040215815652524 0.14218734475231748 0.4185361700404447 0.6379041726025113 0.7759788181450309 0.9837801018459859 1.0347749776923085 1.3990174656409442 1.6162898281581202
66 792 5.667680185570871 1.5936903037849568 0.09687718341424262 0.09687718341424262 0.14480876654818323 0.40972328599438934 0.6286279471295412 0.7730136619807975 0.9958334943945928 1.0373710148777426 1.431967419942447 1.5936903037849568
67 804 4.670797403552499 1.600577396372186 0.09637420422106534 0.09637420422106534 0.13913730965019966 0.40487472639747485 0.6061230649209118 0.764023876341502 1.0239575753104169 1.0894076915785742 1.3886611200066 1.600577396372186
68 816 4.182520252185351 1.5296056941395735 0.09448314136856227 0.09448314136856227 0.13790891770065716 0.3869166097202897 0.5941473397688449 0.7560365306085081 1.0293226942135303 1.0703139185479393 1.4018140210001584 1.5296056941395735
69 828 4.652218665530247 1.5373563359612141 0.08980747950282701 0.08980747950282701 0.14140956545647476 0.37753567534869803 0.6077964736177748 0.7402387439410948 1.002904277103342 1.0378573443832948 1.3834486357903453 1.5373563359612141
70 840 4.7794176350687385 1.5436513847273665 0.0856604264185608 0.0856604264185608 0.14317031039820452 0.36744362616138226 0.5984348260128112 0.8207847718394268 1.0087837356752853 1.0491841227957746 1.4150942629030911 1.5436513847273665
71 852 5.150971339593938 1.5904547919158025 0.07787956317119196 0.07787956317119196 0.13850246028375052 0.3659892132238018 0.5995390244309616 0.8172841850546239 1.0041038263161417 1.077856399497442 1.4309123809478288 1.5904547919158025
72 864 5.037325540685829 1.6396204403877006 0.07780148433124637 0.07780148433124637 0.13310457886169214 0.3522376936519291 0.605557646081899 0.8370188361309701 1.0128121291318173 1.0748887230833222 1.4065617141381803 1.6396204403877006
73 876 5.030585217443134 1.6242559110451698 0.07711412603245528 0.07711412603245528 0.12768352520504658 0.3432126485407922 0.5925618648121336 0.8454417595748434 1.0164479345947255 1.0638161549435268 1.3857668059626198 1.6242559110451698
74 888 4.865372667636573 1.589526949316886 0.07528341727868364 0.07528341727868364 0.12546444659769398 0.3461314487622017 0.6041767083799859 0.8508191908105166 1.0243384469582586 1.0602639121526218 1.3602582760741744 1.589526949316886
75 900 5.294799829188519 1.558858988293406 0.07402593962666501 0.07402593962666501 0.12208931049521075 0.32392218267243694 0.5899560239401007 0.8465791023833776 1.036727569568997 1.1564867979226094 1.3531182951632827 1.558858988293406
76 912 5.850221590600468 1.6467789410954132 0.07164660375971549 0.07164660375971549 0.11993886207188632 0.31235038030411033 0.5856943245259529 0.8383682939205731 1.0076603764728274 1.2432225249208664 1.359291816756707 1.6467789410954132
77 924 6.278699492342247 1.7989446396551054 0.07007599833925018 0.07007599833925018 0.11556895107064179 0.2949219405621081 0.5782859973939091 0.8315816333461311 0.9926684156708082 1.2368159614315037 1.3350860596238119 1.7989446396551054
78 936 6.628197864523879 1.7979191572107136 0.06893485038705215 0.06893485038705215 0.1153962566944119 0.29283241983273467 0.5795423072069784 0.8182667146978672 0.9979733075874617 1.2733101917586689 1.2877044608296806 1.7979191572107136
79 948 7.543939017448556 1.824712246986345 0.06671785506588031 0.06671785506588031 0.11476818795505161 0.28879341765134037 0.5770201430526636 0.8007504517414835 1.0063717894888102 1.2609173449722852 1.3038104625498712 1.824712246986345
80 960 8.550511429967477 1.9700413263884462 0.06514465728785254 0.06514465728785254 0.10685305357915245 0.29015403743289014 0.5685848211032257 0.8141457628269674 0.9995212328520716 1.2642873635338057 1.368289123984295 1.9700413263884462
81 972 10.12323965599542 2.148735750244464 0.06106995334853895 0.06106995334853895 0.10453437496101385 0.2785455239109176 0.5738278926752175 0.8138333433327407 1.0157049127602 1.2652265435643786 1.349072846013608 2.148735750244464
82 984 9.727644929024928 2.2357302002230397 0.060923791878767425 0.060923791878767425 0.10492421325033499 0.2891904581554281 0.5604902801005743 0.7964718749846349 1.002385224162589 1.2461818036523062 1.3328030352059046 2.2357302002230397
83 996 9.77183529453461 2.258422269331137 0.058649449786823314 0.058649449786823314 0.1034247253943939 0.2812962897120833 0.5513124011695826 0.78337670346368 0.968166780999576 1.2564994931130962 1.345036702742533 2.258422269331137
84 1008 9.53705197636288 2.289764732287005 0.05798289377081631 0.05798289377081631 0.10373494605963429 0.2737417655708596 0.5428488777221945 0.7722919967351891 0.9434299870131462 1.2476829005327075 1.3242019775734035 2.289764732287005
85 1020 10.520680946370344 2.3423832014441563 0.05804142650174023 0.05804142650174023 0.10186259305285694 0.26446085264852137 0.5379798725520514 0.748414893231749 0.9358955328660249 1.1910750556598313 1.3203763500107164 2.3423832014441563
86 1032 12.10158773080118 2.4222848148818583 0.05731054861632821 0.05731054861632821 0.1010592093563679 0.2573078155555761 0.5228299818861659 0.753088549092572 0.9559027742110088 1.1886619519757289 1.3076119353419062 2.4222848148818583
87 1044 13.338587956293132 2.4353136148758905 0.057163835009618975 0.057163835009618975 0.10180615656525822 0.24638952645333673 0.520853472201 0.8027248907718184 0.9707071821249306 1.1544404252092624 1.3609482737061351 2.4353136148758905
88 1056 15.34421421791851 2.418215259247214 0.05785575421615329 0.05785575421615329 0.10004640409172161 0.24632010205352814 0.5111297748841972 0.7862373689379578 0.9815604368412599 1.1801603806545107 1.316383120429185 2.418215259247214
89 1068 17.122288790321953 2.447434476091398 0.055690213138784465 0.055690213138784465 0.10231627188142707 0.242997398881901 0.5160811764344578 0.8006815096163569 0.9880120806594507 1.195426350668314 1.2784271749455043 2.447434476091398
90 1080 19.17881704697984 2.4147436487069873 0.056252850539979166 0.056252850539979166 0.09924737995353632 0.24203283333578696 0.5165094557889777 0.8172898716120355 0.984907055934981 1.197849016061859 1.288008598411265 2.4147436487069873
91 1092 19.19383264056837 2.5528851434888216 0.052951162280175004 0.052951162280175004 0.09508899128246215 0.24816555483598843 0.5274788249172505 0.8137053103250368 0.9852939195850537 1.2294050032542811 1.3242227825872874 2.5528851434888216
92 1104 18.04757169808972 2.5407458610601044 0.0510931686886903 0.0510931686886903 0.09527449944231442 0.24834778478989875 0.524210262720484 0.818581625266425 1.0036849754065393 1.207664201540379 1.3362839012114875 2.5407458610601044
93 1116 18.196879247316406 2.5132101544848027 0.04966175946134239 0.04966175946134239 0.09510879664248703 0.24316210760235457 0.5180601660392867 0.7998117904250335 0.9835510651912964 1.19580659292906 1.3373987310793538 2.5132101544848027
94 1128 17.289025669217175 2.4888258222417265 0.051077886117682124 0.051077886117682124 0.09476328548972653 0.23144528065179865 0.5070527466564128 0.8185155958512129 0.9873936098029044 1.1643506084031212 1.372156715227672 2.4888258222417265
95 1140 16.577774457782574 2.424978058196021 0.050105741069240116 0.050105741069240116 0.08980459994506562 0.23256334263811945 0.4970323985151572 0.8231573844306722 0.9753168695474961 1.151652533516208 1.3721666861585602 2.424978058196021
96 1152 17.565227758068097 2.3959931723535624 0.04634766532732948 0.04634766532732948 0.09076447036712476 0.23585542429906695 0.5113061646803525 0.8120021131290105 0.9805134252600565 1.1274584056672277 1.3258570462027088 2.3959931723535624
97 1164 18.950950915641034 2.3771327700377247 0.04730531840036979 0.04730531840036979 0.09138789487908117 0.2339316376843907 0.5455675803036157 0.7975538380686771 0.9688625546806835 1.1181585312409417 1.2891009869452734 2.3771327700377247
98 1176 17.785500266486984 2.498060431684521 0.043549026549302934 0.043549026549302934 0.09263696543617828 0.2355521440632103 0.5466943645066352 0.7998463289228297 0.9657767538595955 1.1329956765787943 1.2519985468993386 2.498060431684521
99 1188 18.298015753361852 2.5093861154774464 0.04338536061953013 0.04338536061953013 0.09161600107060948 0.21489664671003553 0.5408850905367416 0.7956720389164086 0.9486959460331371 1.1218627412553777 1.2468216005910369 2.5093861154774464
100 1200 18.209392706505586 2.5358878892729746 0.04254431674002562 0.04254431674002562 0.08899215458132914 0.21073506516194987 0.5410951236580677 0.7758697036655577 0.9912971174168149 1.1253017271586383 1.2456560131344947 2.5358878892729746
101 1212 16.75613994914001 2.546584001287157 0.04306046058715322 0.04306046058715322 0.0889113500980863 0.2083573948475808 0.5224246304948857 0.7594051144213436 1.0031969494311195 1.0935347171185017 1.2391514085284057 2.546584001287157
102 1224 16.7556063052613 2.5083396246095884 0.04249956673567618 0.04249956673567618 0.08570045806431993 0.20405669387799613 0.5245284150622254 0.7433877677038612 1.012034648752881 1.1014786913785968 1.2462414879274528 2.5083396246095884
103 1236 16.166455942780207 2.6043838021835963 0.042069054176209965 0.042069054176209965 0.08180842214741532 0.20090477852158103 0.5612116996032515 0.7445064384053814 1.0006425867407558 1.096223511897676 1.1822764553704934 2.6043838021835963
104 1248 16.214332067828845 2.5810623389692537 0.04019410044435841 0.04019410044435841 0.07799171179220182 0.20187537690265464 0.5643634307695026 0.7323067590653896 0.9967316038266792 1.0587809558257948 1.2173396566438073 2.5810623389692537
105 1260 15.821518031964185 2.6101948409546245 0.03825446184219415 0.03825446184219415 0.07880790271974925 0.19647729482922321 0.5824298983791255 0.7125382754894116 0.9782819196891169 1.0420231994936933 1.2397999513492266 2.6101948409546245
106 1272 14.460656516468193 2.591790339090706 0.038125156934174814 0.038125156934174814 0.0780420006964195 0.20071674695400513 0.5672719546094591 0.7181105647473705 0.9705129205326207 1.04914578939408 1.1583242487111962 2.591790339090706
107 1284 15.737156798455885 2.614623540694725 0.03594089283506368 0.03594089283506368 0.07585718439285155 0.20330082139049613 0.5613387844184292 0.7137039821125555 0.965133116097228 1.0358577724554119 1.1535238607126832 2.614623540694725
108 1296 16.30346957156982 2.7388827194655745 0.03611270514789624 0.03611270514789624 0.07797061394279543 0.1991785514138878 0.5408324380541358 0.7016944546406421 0.9610216806803104 1.051488182209622 1.162857920700333 2.7388827194655745
109 1308 16.14513310577616 2.7698307088792222 0.03601142153848687 0.03601142153848687 0.07741358921371314 0.20100938168325486 0.5409758793795145 0.7045860453565251 0.9496721399442847 1.0437748424827322 1.196398443816692 2.7698307088792222
