% # columns="iteration, evaluation, void, void, void, xmean", seed=37035, Mon Apr 13 02:15:08 2026, <python>{}</python> # scaling_of_variables: 1, typical_x: 0
1 12 0 0 0 0.13273596891972997 54.68718719977026 0.3172352998674389 130.60404128291617 135.85930572880048 334.1067121210501 -31.170753458086224 -32.87007620528437 -98.02419806503026
2 24 0 0 0 0.13672901061234097 53.92998550339464 0.3201289117582039 136.17914150480692 132.7774765305322 335.05146877714003 -29.594592476235327 -32.44326623863312 -94.83142099522955
3 36 0 0 0 0.13694567721791664 55.726132976582704 0.32245754136888544 134.96053649184046 141.94252987670367 346.5276253691542 -27.378444402933418 -31.748509206047054 -92.4718008475157
4 48 0 0 0 0.12702407089116857 58.49784346176185 0.33685236168476773 131.17739529693162 144.80403503439095 342.15365644834145 -25.731543301809328 -31.37325076539609 -91.02028061042455
5 60 0 0 0 0.11819899350493061 59.47407370046148 0.3395205223928568 133.13404032055277 139.25665744555135 347.0177204693386 -25.510975611606177 -33.89012729700725 -92.38663641812263
6 72 0 0 0 0.11782810587121757 55.998185374301684 0.34478028205039224 133.03656904659178 148.91439160046303 353.18564594448435 -24.23190530172438 -33.36103137795571 -94.94201314661406
7 84 0 0 0 0.11398928216774805 56.1153164500185 0.358457792942483 135.93495004445901 147.73483422753972 346.4816713305282 -26.743751691529763 -33.929296034856236 -91.50207481842469
8 96 0 0 0 0.11037415122195367 56.21503077345063 0.35580598021349497 139.81617376914437 139.90978892034025 338.0376996556981 -28.13105009961591 -33.96835499688158 -92.17261862500615
9 108 0 0 0 0.1101764337103539 55.221817836650395 0.34523623994609914 139.00325008651032 135.93075958676064 353.86865907833277 -28.378083233624192 -34.55699286285606 -92.1248161768764
10 120 0 0 0 0.11311833298206285 54.24597682451649 0.3453694718276329 141.54058616286002 135.2833037715433 357.39819002416357 -27.997295138468896 -33.563712431357544 -85.84814169867127
11 132 0 0 0 0.11795558109690427 51.1515112487231 0.33779185027696756 138.75264053687664 145.26991345089826 359.3002190407585 -27.835576020641334 -34.55628914872597 -84.92754577194917
12 144 0 0 0 0.1175174359581172 54.18697133445304 0.33055955089997413 139.3609650686064 137.50725258280718 348.76243183258816 -27.808155855106563 -34.416147371016834 -80.0811157927849
13 156 0 0 0 0.1156025733724335 55.546879706967026 0.32981324289267455 139.7260959250631 136.72268957000702 344.15062143197696 -27.55320825731152 -34.68801871354504 -81.90063113070622
14 168 0 0 0 0.11041742482999421 55.977135730227694 0.32845819658683006 143.17946350508646 139.0731552554846 337.8424682962328 -28.284961775422165 -34.87505195314256 -85.16755664228113
15 180 0 0 0 0.11050091727738617 55.065207911025524 0.3021399313402888 142.8261455104993 138.37498769996233 336.5083630299492 -28.390824771561828 -35.90577863197941 -82.15816626023992
16 192 0 0 0 0.10646361687948706 54.33367491715441 0.3040073067032165 139.36484398518343 139.15385004302038 328.8360163889113 -27.58571242724019 -36.354932486148854 -84.50349487533481
17 204 0 0 0 0.10456604223277186 52.39755631858459 0.3070776779706607 144.52939270263641 148.7962780839119 333.6850022672501 -28.595904404375684 -37.415820147764144 -81.98076446463804
18 216 0 0 0 0.10507959611589276 55.32933687661494 0.3043193566089268 145.94321489189247 145.77816474261144 320.9434901363081 -29.23943886453619 -37.728708393795166 -86.46013545224748
19 228 0 0 0 0.10373117426437545 54.46694725351021 0.29955439206560336 146.87219382780873 139.03247274882298 303.4146896341203 -29.380654731358856 -36.67847390887106 -85.99095374465084
20 240 0 0 0 0.10008816104622849 53.71753360924648 0.31318647023426044 149.4012551223972 139.09298581221088 302.1579222990683 -30.319017591913525 -36.49291816783758 -88.28058662748755
21 252 0 0 0 0.09865698166763587 52.84405679660284 0.3088965871666863 153.41482983467714 142.0173191386217 288.2503502909424 -31.70657718584558 -37.61118534149201 -84.79364856967302
22 264 0 0 0 0.10233962070188822 55.63452520029422 0.3024466967281071 157.81123964109747 145.82293764944558 286.2878652614234 -32.88294001227937 -37.49909943018414 -88.12029888930455
23 276 0 0 0 0.10460130547429582 58.06677228999379 0.2739376407973078 158.88481440890672 148.56207498828027 284.6991289932717 -33.11623244091084 -38.081447068133876 -86.16036347163129
24 288 0 0 0 0.10214433699253345 58.2323442096287 0.2594184711375141 157.1244328660693 151.57613862311092 284.1186090122792 -32.75508631775941 -38.08310396412679 -85.82555101098403
25 300 0 0 0 0.10181929774081824 56.279200465256984 0.26267079009391103 161.33561201718783 152.0087569368133 281.7521937207383 -33.37626122236785 -38.7733432827594 -88.27292375736988
26 312 0 0 0 0.09902355502803378 55.30082048363974 0.2658853539630144 156.59607770407135 148.32077960326842 281.8920821356573 -32.17379324054941 -37.455640495771085 -89.62725000178186
27 324 0 0 0 0.09843868573265256 56.349329419528146 0.25334076076753237 157.53950111054172 144.26847696798126 272.6520387435791 -33.03465660508768 -37.98157178808872 -90.24677767662773
28 336 0 0 0 0.09613576342007794 54.712471278075846 0.24075303858117564 156.4308147411814 144.32469988179153 281.3794010893875 -32.06587572793698 -37.68265651775294 -86.81960091707653
29 348 0 0 0 0.09587417987104109 53.89368015639563 0.22284856353803076 156.37044241651182 148.6707297996046 285.9045168199768 -32.25338906258918 -39.24612043430886 -82.31794372495104
30 360 0 0 0 0.09588101913471012 54.7499835265478 0.2322256150454333 156.1593026140152 147.3488005477806 287.29449048491074 -32.20235430459779 -40.09352828583319 -87.03992213497745
31 372 0 0 0 0.0941186693014778 53.13249828092917 0.23816585480443206 156.02278276197802 144.7938953108398 284.40206782861947 -32.47066219477782 -39.99257448969005 -86.71054117747454
32 384 0 0 0 0.09839540266339172 55.60485055856385 0.23565649109574058 158.4766936634274 141.82836365200671 288.3590352670361 -32.973584192123205 -40.142388564709826 -86.18637084585808
33 396 0 0 0 0.1010283051597986 57.298809196511314 0.2433760441991112 157.21307588502458 142.20696611014716 288.37415849034153 -32.78203725635022 -39.39826347187631 -87.48818720053546
34 408 0 0 0 0.10174184330903813 57.5736774977298 0.244082681728992 154.20363499331555 140.59022942731895 298.82953548793864 -31.714902477433412 -38.81709624977199 -86.74184747911751
35 420 0 0 0 0.10110892395127427 56.493878162429404 0.2504762791762274 153.27758580139735 137.42820581384865 297.05646445535695 -31.487036398681067 -38.57888099286784 -86.39350140646916
36 432 0 0 0 0.10193948268247754 55.21561015390898 0.23913451933821553 153.50026279112328 136.92303326399735 302.2079574920524 -31.351851648978716 -39.63705320526209 -83.76627497102879
37 444 0 0 0 0.10099225105601721 54.23835612820746 0.24799706224451315 152.22485307402792 137.81947216411461 304.6502159278134 -31.066006750472223 -40.040982992556806 -81.36452182714433
38 456 0 0 0 0.1004083295502808 53.751488955702364 0.2562172480528005 154.07733869986203 140.59442266261502 306.17492772874726 -31.608887033899823 -39.72952219687069 -80.04542008302224
39 468 0 0 0 0.09571979885343203 52.11955981215406 0.24729883414405218 156.83029706820395 139.7667198841427 304.80027146966006 -32.56169829736224 -39.18054666912674 -79.1416291491797
40 480 0 0 0 0.10063124075838763 53.60254251101027 0.23943499331989648 156.1793691859381 136.46984458012977 310.1039848138932 -32.34377177794872 -39.25895057386082 -78.75314925558096
41 492 0 0 0 0.09864638507811588 53.306031594778496 0.23524381685921844 157.1640676115752 137.97475434874644 304.33928548939815 -32.68823105433384 -38.65746287982611 -79.15509539684754
42 504 0 0 0 0.09625268810198377 51.75623179369868 0.23634252749380147 159.35084043616163 139.98214169824934 302.35528249555273 -33.21355127387696 -38.62460858190908 -76.43613471113332
43 516 0 0 0 0.09446427877574849 50.26115490172324 0.23194213228813493 157.4184243179719 139.44792064125525 309.070516036607 -32.730547931515694 -38.68376326574776 -74.0245565008099
44 528 0 0 0 0.09395987138648333 50.796642263225564 0.2360694296567319 158.39741116465208 139.3695548646585 309.82935931331406 -32.94538835780325 -37.73054846500919 -77.82523874422967
45 540 0 0 0 0.09437190398201072 50.177209306042606 0.24455019561947097 158.81157455363115 139.76293510633732 307.7355225220867 -32.9011666763483 -37.1258234467313 -78.37543969723896
46 552 0 0 0 0.09267721333668796 49.63785569692694 0.2521647009357275 160.5999654038544 137.56220425477358 303.0752773444879 -33.49061932708267 -36.40243450979641 -80.22542262107771
47 564 0 0 0 0.09611963209536976 52.88582818696799 0.2555027520642094 159.76087805054013 133.3419681977379 296.2546118172552 -33.38529350067787 -36.45915373829602 -84.07370768520809
48 576 0 0 0 0.09762017825855833 53.16413189961626 0.2581397473371049 160.7641346116162 130.32433610581276 297.7195857456022 -33.52862928570296 -36.104757077382814 -85.66796728311128
49 588 0 0 0 0.09624193594618755 51.718692358238954 0.26134041763329563 162.27762033797802 128.97458158257717 297.6264587039777 -33.99885345278924 -35.97743509547055 -83.76057436921614
50 600 0 0 0 0.09958555728082173 54.6084626676539 0.2674411036553422 161.43119927762262 122.90328448620068 296.61682810233685 -33.94635572917799 -35.352914692516215 -86.91482338740063
51 612 0 0 0 0.1006769820139907 55.79123647635288 0.27017530853799077 164.06476379023607 126.01462322541417 297.8847995522049 -34.61049912225387 -34.79080970046927 -90.31761909326245
52 624 0 0 0 0.10038860154394341 56.227511022414134 0.2769239253982876 163.10408179009553 121.42614942801494 292.7729017509363 -34.43898442203238 -34.028937825942734 -91.4369054699559
53 636 0 0 0 0.10128201408750127 56.398605943920735 0.28452572822940353 165.7258706460952 120.82217989537722 291.3460743929461 -35.24468686007243 -34.137725954616634 -91.3920609599575
54 648 0 0 0 0.10008376020496645 55.1733394375138 0.2883435047871278 167.64897510861164 117.96322102564305 293.3878426734158 -35.85914573155687 -34.66679744097315 -90.7400809871415
55 660 0 0 0 0.10158747984546188 55.8640855092776 0.28789386968382596 164.69132239902243 118.78252704858362 297.8866562935103 -35.0560316543388 -35.138489031140445 -89.25200463711548
56 672 0 0 0 0.09907521080950792 54.672641884162836 0.294556763466806 164.7394629496524 118.42818967790068 297.8251241225661 -35.1475751567081 -35.252539402093134 -90.30692718566644
57 684 0 0 0 0.09973719044471384 54.60094312096001 0.30828900785429336 165.5499361168244 115.0670518956373 301.38858554133463 -35.368506615910626 -35.39775680277117 -93.66833103493522
58 696 0 0 0 0.10098169134941047 55.40176190233274 0.3177005606058113 166.46548841058765 113.46345716656839 303.5614416365129 -35.51033332583041 -34.19869015157843 -96.73482236662016
59 708 0 0 0 0.09908713764841869 54.445528691792155 0.3075572164959526 164.61556808157482 114.57275666610751 303.4933906682065 -35.10137529181454 -34.832700096319286 -95.14130616279469
60 720 0 0 0 0.10199244756696707 55.35764095968419 0.3016289421150883 165.0422755998105 109.38835355377796 310.77976042753414 -35.35618785731421 -35.37510375272959 -94.24523218373356
61 732 0 0 0 0.10432282684837181 55.70676169252248 0.2971832040269168 164.0998329903382 112.51410153950492 315.42028508528 -34.985343926069326 -35.255145138118024 -90.48111637540391
62 744 0 0 0 0.10417613993396502 55.54852682033905 0.28979704603725276 163.19413021378708 108.27604845830285 316.8975227393516 -34.92517930934313 -36.32072626821144 -90.20807526918747
63 756 0 0 0 0.10596658698845364 56.91146118733703 0.2935595381179329 161.82232597560295 108.33964822275078 318.2425910490293 -34.65825850365805 -37.03829728687969 -91.3274118931187
64 768 0 0 0 0.106905527971768 57.85272729636652 0.2900391544140593 163.53229809253955 108.21577188611361 312.1828087908192 -35.13613986663135 -37.21712388923136 -91.65514381970897
65 780 0 0 0 0.11014740479598825 59.164223862985885 0.2907956127769726 162.7948249463803 107.19441491131536 317.5725957649974 -34.94997253729618 -37.71100799094751 -91.18362190204641
66 792 0 0 0 0.11542353740189432 60.842037643135754 0.2940527066029705 162.9343178049561 105.30468662869065 324.9923885333715 -34.99669296950005 -38.29558797944847 -91.74583958873309
67 804 0 0 0 0.11846279338199409 61.772410826865865 0.2907620280226147 161.5266225016962 98.70217572198584 331.0341066088272 -34.8222666654237 -38.7743407963655 -90.27286827070472
68 816 0 0 0 0.12259634969864872 63.09632567641014 0.2869136760032752 160.2710268040366 95.00814119638571 341.4892075017011 -34.58435394019315 -40.8328676770605 -89.88942119489396
69 828 0 0 0 0.12607099444529357 64.40304191606002 0.30094089685600417 162.5813143065693 90.44556750883261 349.2168255810567 -35.23278936459409 -39.50254261263342 -91.46319235759263
70 840 0 0 0 0.12925866984504053 66.88011321360817 0.30967913273339115 162.58637101607076 90.43492740716323 344.81953673855446 -35.179151000007465 -39.34687809904919 -95.01980175159717
71 852 0 0 0 0.1278291195318147 67.17438422699371 0.3071801616431034 161.59879014843028 86.18581723142339 346.6947710334303 -34.91892989252476 -38.219011314657806 -98.96975977339268
72 864 0 0 0 0.13364822307090324 70.21935983399193 0.31404228164398384 161.48599789873828 85.67941598256482 354.12821205685356 -34.954501542418946 -38.18617836302402 -101.51673689248126
73 876 0 0 0 0.13491624796323992 68.28158094767493 0.30409690113511273 159.0836039231229 88.7640340729001 366.7018290229927 -34.13825155057446 -40.32532222503263 -96.24534213440839
74 888 0 0 0 0.13062601285752687 66.21965392181656 0.30016443739700926 159.0036853766589 84.74334330749353 364.66138660501383 -34.065349569216906 -37.70734127634599 -95.23263116033976
75 900 0 0 0 0.13040681878723717 64.69512526300531 0.28910188009013504 156.66443620959504 82.24380510466774 375.18006962552244 -33.39157986366665 -38.222299479972875 -90.41256052380537
76 912 0 0 0 0.12612882518605023 62.05545850860745 0.29470768801672276 155.93736317395195 83.03883933102996 372.6199974740375 -33.19542461450245 -38.29018122674107 -86.88811300224616
77 924 0 0 0 0.1295143751705727 63.511628542573696 0.28981644026238634 157.69035477772505 83.71201086474491 380.66346799797077 -33.800114450727264 -38.40807977230529 -85.81480825665552
78 936 0 0 0 0.13577099855034952 67.06657447044473 0.30116805951949904 158.1011193311004 84.15962667008628 377.4746537031153 -33.88045580507471 -38.22635473268221 -90.02257087041649
79 948 0 0 0 0.13421129861480358 67.41214302225036 0.3068122874121732 155.8396794084379 81.5465121513059 371.1085705665859 -33.22105404192439 -36.85469958337153 -91.53951816768924
80 960 0 0 0 0.13234695653567216 66.16266147672357 0.303299134779229 155.00641497407193 84.30284568785507 370.26354610824654 -32.91346969578524 -36.44459123790593 -90.45054647226998
81 972 0 0 0 0.1367329373324696 68.09375474953877 0.30948611770767553 157.27272784468326 81.13049772671936 372.74841422421974 -33.573661440147426 -36.156183796867865 -92.25436813969695
82 984 0 0 0 0.13795170620741307 68.53905904283248 0.31347698333703505 157.19091653323346 80.66305548368832 375.24580292749334 -33.57599949287998 -36.008994172309436 -93.0765134109832
83 996 0 0 0 0.13845415373574194 68.76513581529078 0.3133238194568124 156.75191870771147 79.38579526757563 376.59928513045213 -33.47675852952963 -36.55101634868608 -92.35856950847227
84 1008 0 0 0 0.14042225986474 70.33529408780618 0.31215718224073724 156.96395149052702 80.07393462254993 373.2710847962295 -33.52200683508544 -36.64339787181161 -93.91472386114694
85 1020 0 0 0 0.1372367941037631 69.37765399517377 0.31052555327843 157.37100566972188 84.26896407910321 366.8615163857182 -33.592604803724456 -37.14086873729663 -94.90796655290538
86 1032 0 0 0 0.1358647736552029 69.01850134115986 0.3055529524050498 156.86644848717228 84.05901841911134 363.6853176481862 -33.45812786685333 -37.11061497143365 -94.02720406954514
87 1044 0 0 0 0.13634977808696505 69.71155553266352 0.3101175176266873 157.7473859016466 83.45499297414874 360.70816151955876 -33.72328274270059 -36.14109529085937 -95.3153459893326
88 1056 0 0 0 0.13757880070489062 70.21413619570306 0.3055908851802247 158.36759231853378 82.59617549885989 360.71509590464194 -33.93268030334555 -36.60481232309707 -94.75766372397507
89 1068 0 0 0 0.13799994844713148 70.7151003691885 0.30728571996448445 159.0556741957444 84.47309315472279 356.811889887387 -34.11700384782126 -36.85458404217653 -95.29924428448682
90 1080 0 0 0 0.13530143161168287 69.92684908939964 0.30540098698828005 158.2153351610037 85.36813179395352 352.13010954785096 -33.91007854784928 -37.13489961336446 -94.690336175152
91 1092 0 0 0 0.13521845663903417 69.1862802653003 0.3058200727780963 158.84325994012332 83.05736695841338 356.01238344656696 -34.11011215653443 -37.18235133029592 -93.50301922961198
92 1104 0 0 0 0.13436890754935718 68.91653399242796 0.3020814458135633 159.25965944269413 83.2314303599162 353.5636776934668 -34.21546725658537 -36.86390087159362 -93.47534196136904
93 1116 0 0 0 0.13233099173445467 68.57547805798129 0.30245445951892136 160.48602311275675 86.92802702481463 345.44438170435086 -34.556652408182444 -36.936212621079726 -94.30558541556069
94 1128 0 0 0 0.13302121530000052 68.19744287005814 0.2991934090969468 159.54304197726813 86.0119361594234 350.8893088767719 -34.293722940548584 -37.581991225581774 -92.5390082524931
95 1140 0 0 0 0.13092870281222607 67.77572065958262 0.29600465805244125 158.9637633407266 86.41615253145999 345.9085796882156 -34.13994363210392 -37.40661095923015 -92.16916897939456
96 1152 0 0 0 0.13191303369949306 68.54326500431216 0.2909721755777171 159.4287829903029 88.29517141144447 342.63928983595946 -34.273631120471656 -37.65016646613029 -91.87496291579905
97 1164 0 0 0 0.13336883666212332 69.36476337112745 0.2935401568573919 159.65131243732642 89.41966492831124 342.23685181695043 -34.32430154538551 -37.81606019016062 -92.89632283091528
98 1176 0 0 0 0.132635673068171 68.92524474225142 0.29679078108082835 159.47948233109784 90.09125257055919 342.0443094186453 -34.25968100525392 -37.904129885418705 -92.78294755556527
99 1188 0 0 0 0.13407787348882574 70.05970607761249 0.2952254346734151 160.14242092152165 90.42546403617446 338.7006972757866 -34.47521150808569 -38.25069231627647 -93.34045448779223
100 1200 0 0 0 0.13627663080278613 71.58907840765342 0.29986369291623893 161.31534459308594 90.87609980454917 335.38664151940844 -34.84481839949004 -38.33122924110412 -94.67783097886391
101 1212 0 0 0 0.13649684078637095 71.262274898737 0.29525790532750457 161.354148076791 91.3055442276213 337.977669123817 -34.83421102757345 -38.78421263475523 -93.78479807790687
102 1224 0 0 0 0.13653396439805446 71.30589540494748 0.29505217883055734 161.52111933159887 90.44998545880462 337.1781557113693 -34.8694641790242 -38.39331296767685 -93.68557110149095
103 1236 0 0 0 0.13547109120325124 70.62643338316165 0.2999174494681594 160.56820209949055 88.25694844049241 341.4812233808631 -34.590983934582056 -37.5310536300178 -94.36258566604918
104 1248 0 0 0 0.13562018906383055 71.1879372516547 0.30514692141211575 160.06788856857952 88.81917159771638 339.8805482282521 -34.43880981199779 -37.12263906600302 -95.98637929582033
105 1260 0 0 0 0.1354437922899623 70.71717272732842 0.29898314372123214 159.93608664298932 87.7013587575271 341.49545105458577 -34.39092670814795 -37.26766905297574 -94.68753619367861
106 1272 0 0 0 0.1357663922503105 71.12011664747111 0.30086276539020695 160.3664683264472 88.42602204017732 338.60565550153456 -34.53550712577562 -37.170596594644245 -94.66480048710656
107 1284 0 0 0 0.13619436619695038 71.26030718213133 0.2976322500020182 160.6850488952646 88.36422370738181 338.38308442588493 -34.61911496962217 -37.01535044786841 -94.2813708629186
108 1296 0 0 0 0.13558942862416334 71.2281219750124 0.2968514877657181 161.7569995357166 87.95514144932359 334.92328135746243 -34.93319287423715 -36.78785477527996 -94.86360497806454
109 1308 0 0 0 0.1355793845128917 71.38469073387583 0.2944013096688377 161.64296974668372 88.02055890923788 334.262481094684 -34.910084566989255 -36.86416844470042 -94.68699430245448
