% # columns="iteration, evaluation, min 25%tile 75%tile max correlation, correlation matrix principal axes lengths  (sorted square roots of eigenvalues of correlation matrix)", seed=37035, Mon Apr 13 02:15:08 2026
1 12 -0.08973532324937258 -0.031209936989254984 0.02008364371504371 0.07614152909351259 0.8882967430333448 0.953604634296156 0.991047320388841 0.9974492481651162 1.0003917106694764 1.0159302866902198 1.0331092978699707 1.0472483236574892 1.0618594581726475
2 24 -0.10315359740574648 -0.02517686669070802 0.02670151413743231 0.08571049678490371 0.8882967430333448 0.953604634296156 0.991047320388841 0.9974492481651162 1.0003917106694764 1.0159302866902198 1.0331092978699707 1.0472483236574892 1.0618594581726475
3 36 -0.10762490404607945 -0.014900314132260194 0.06312844453681363 0.15295327653570542 0.8882967430333448 0.953604634296156 0.991047320388841 0.9974492481651162 1.0003917106694764 1.0159302866902198 1.0331092978699707 1.0472483236574892 1.0618594581726475
4 48 -0.15597671014621034 -0.007625571686537165 0.10040453937071678 0.18676203674341807 0.8882967430333448 0.953604634296156 0.991047320388841 0.9974492481651162 1.0003917106694764 1.0159302866902198 1.0331092978699707 1.0472483236574892 1.0618594581726475
5 60 -0.14838357725172188 -0.027123658961282764 0.10990107431916211 0.2088345355721494 0.8882967430333448 0.953604634296156 0.991047320388841 0.9974492481651162 1.0003917106694764 1.0159302866902198 1.0331092978699707 1.0472483236574892 1.0618594581726475
6 72 -0.18374599674600636 -0.03362142742633792 0.10786274208184972 0.24141891374378824 0.8882967430333448 0.953604634296156 0.991047320388841 0.9974492481651162 1.0003917106694764 1.0159302866902198 1.0331092978699707 1.0472483236574892 1.0618594581726475
7 84 -0.2326177863340252 -0.025855536924475675 0.11431218199106738 0.24058308233916928 0.8882967430333448 0.953604634296156 0.991047320388841 0.9974492481651162 1.0003917106694764 1.0159302866902198 1.0331092978699707 1.0472483236574892 1.0618594581726475
8 96 -0.23264693590043134 -0.03683996785320251 0.11342015619377546 0.258614330559342 0.8882967430333448 0.953604634296156 0.991047320388841 0.9974492481651162 1.0003917106694764 1.0159302866902198 1.0331092978699707 1.0472483236574892 1.0618594581726475
9 108 -0.2351040372610178 -0.053994452163245846 0.11968642570440038 0.2247325031583538 0.8882967430333448 0.953604634296156 0.991047320388841 0.9974492481651162 1.0003917106694764 1.0159302866902198 1.0331092978699707 1.0472483236574892 1.0618594581726475
10 120 -0.2359955451051566 -0.053883856710479336 0.12181003276482599 0.1939846011556626 0.7399569649160012 0.8423215036313829 0.8785716339567409 0.9053111256450688 0.9646430676225193 1.033254422394619 1.0826862040031549 1.1324188286878416 1.3033606773132989
11 132 -0.20778024812390486 -0.04349296392557214 0.09922796319620508 0.20434592978350308 0.7399569649160012 0.8423215036313829 0.8785716339567409 0.9053111256450688 0.9646430676225193 1.033254422394619 1.0826862040031549 1.1324188286878416 1.3033606773132989
12 144 -0.24773780911827786 -0.050828041472761126 0.11119193694370666 0.22339112646679468 0.7399569649160012 0.8423215036313829 0.8785716339567409 0.9053111256450688 0.9646430676225193 1.033254422394619 1.0826862040031549 1.1324188286878416 1.3033606773132989
13 156 -0.27981341876222127 -0.06716504979111261 0.10588793930678254 0.23227965822270766 0.7399569649160012 0.8423215036313829 0.8785716339567409 0.9053111256450688 0.9646430676225193 1.033254422394619 1.0826862040031549 1.1324188286878416 1.3033606773132989
14 168 -0.336262204767513 -0.07797571655458774 0.1075570270509087 0.25693937784471044 0.7399569649160012 0.8423215036313829 0.8785716339567409 0.9053111256450688 0.9646430676225193 1.033254422394619 1.0826862040031549 1.1324188286878416 1.3033606773132989
15 180 -0.3923168011578147 -0.09961729201129568 0.13981966852279692 0.2976230184325801 0.7399569649160012 0.8423215036313829 0.8785716339567409 0.9053111256450688 0.9646430676225193 1.033254422394619 1.0826862040031549 1.1324188286878416 1.3033606773132989
16 192 -0.40065568410865404 -0.06745731093964982 0.14808902230715904 0.25218156317380164 0.7399569649160012 0.8423215036313829 0.8785716339567409 0.9053111256450688 0.9646430676225193 1.033254422394619 1.0826862040031549 1.1324188286878416 1.3033606773132989
17 204 -0.4188350441390503 -0.07276167859406212 0.138453402338524 0.21496005324174478 0.7399569649160012 0.8423215036313829 0.8785716339567409 0.9053111256450688 0.9646430676225193 1.033254422394619 1.0826862040031549 1.1324188286878416 1.3033606773132989
18 216 -0.4489071491769358 -0.09893247804084948 0.14783133964329248 0.2381535351628769 0.7399569649160012 0.8423215036313829 0.8785716339567409 0.9053111256450688 0.9646430676225193 1.033254422394619 1.0826862040031549 1.1324188286878416 1.3033606773132989
19 228 -0.48816729639780404 -0.10803221232743244 0.16477297128482937 0.25363530494415226 0.6642114325030453 0.7162429573001838 0.7791368287497911 0.9126885479999395 0.9206811638616372 1.0040160750432807 1.1684411693146595 1.2082146094411792 1.387452782055727
20 240 -0.5409919974380458 -0.10394042943405077 0.16942556809185172 0.24192269422587795 0.6642114325030453 0.7162429573001838 0.7791368287497911 0.9126885479999395 0.9206811638616372 1.0040160750432807 1.1684411693146595 1.2082146094411792 1.387452782055727
21 252 -0.5847336521661032 -0.12049176545367407 0.17562548663384037 0.25679038124050957 0.6642114325030453 0.7162429573001838 0.7791368287497911 0.9126885479999395 0.9206811638616372 1.0040160750432807 1.1684411693146595 1.2082146094411792 1.387452782055727
22 264 -0.6501737210822407 -0.10532305411053784 0.15451209607432398 0.3176645748399527 0.6642114325030453 0.7162429573001838 0.7791368287497911 0.9126885479999395 0.9206811638616372 1.0040160750432807 1.1684411693146595 1.2082146094411792 1.387452782055727
23 276 -0.7006270112444966 -0.09048787637885752 0.14151647738511253 0.35318677158451406 0.6642114325030453 0.7162429573001838 0.7791368287497911 0.9126885479999395 0.9206811638616372 1.0040160750432807 1.1684411693146595 1.2082146094411792 1.387452782055727
24 288 -0.7281346187498059 -0.09376430040969644 0.16504837317405222 0.41248388139985037 0.6642114325030453 0.7162429573001838 0.7791368287497911 0.9126885479999395 0.9206811638616372 1.0040160750432807 1.1684411693146595 1.2082146094411792 1.387452782055727
25 300 -0.7580228525408962 -0.1026436705790493 0.1711005169228485 0.4463334928610268 0.6642114325030453 0.7162429573001838 0.7791368287497911 0.9126885479999395 0.9206811638616372 1.0040160750432807 1.1684411693146595 1.2082146094411792 1.387452782055727
26 312 -0.7758682474342711 -0.09879262276091713 0.1594865444771858 0.4040675342331638 0.6642114325030453 0.7162429573001838 0.7791368287497911 0.9126885479999395 0.9206811638616372 1.0040160750432807 1.1684411693146595 1.2082146094411792 1.387452782055727
27 324 -0.7954260647384024 -0.10393000892708767 0.17133565326434025 0.43183212850434965 0.6642114325030453 0.7162429573001838 0.7791368287497911 0.9126885479999395 0.9206811638616372 1.0040160750432807 1.1684411693146595 1.2082146094411792 1.387452782055727
28 336 -0.8033213594606081 -0.1084526051484078 0.14234148344452596 0.4240772414147539 0.4001390621258732 0.5362999620608362 0.7382991521761331 0.8619668868950592 0.9926809445660005 1.012834909525469 1.189627407942465 1.2470570616382994 1.510822237418832
29 348 -0.8136498213804257 -0.1344325585012262 0.13326306445063069 0.45410210506696547 0.4001390621258732 0.5362999620608362 0.7382991521761331 0.8619668868950592 0.9926809445660005 1.012834909525469 1.189627407942465 1.2470570616382994 1.510822237418832
30 360 -0.838004508818552 -0.12833908986989173 0.1312973548394246 0.47220466383909754 0.4001390621258732 0.5362999620608362 0.7382991521761331 0.8619668868950592 0.9926809445660005 1.012834909525469 1.189627407942465 1.2470570616382994 1.510822237418832
31 372 -0.850555480987939 -0.12469210619455251 0.14382732256569608 0.5027927602946075 0.4001390621258732 0.5362999620608362 0.7382991521761331 0.8619668868950592 0.9926809445660005 1.012834909525469 1.189627407942465 1.2470570616382994 1.510822237418832
32 384 -0.8664298364796138 -0.13526646215650598 0.13381768985290635 0.5169571860164478 0.4001390621258732 0.5362999620608362 0.7382991521761331 0.8619668868950592 0.9926809445660005 1.012834909525469 1.189627407942465 1.2470570616382994 1.510822237418832
33 396 -0.8639195288156207 -0.1399825942276251 0.1310683087358474 0.587197511858888 0.4001390621258732 0.5362999620608362 0.7382991521761331 0.8619668868950592 0.9926809445660005 1.012834909525469 1.189627407942465 1.2470570616382994 1.510822237418832
34 408 -0.8739253678164925 -0.14405095521660835 0.17013420962630804 0.6148804347321999 0.4001390621258732 0.5362999620608362 0.7382991521761331 0.8619668868950592 0.9926809445660005 1.012834909525469 1.189627407942465 1.2470570616382994 1.510822237418832
35 420 -0.8818387157153211 -0.14828498920524283 0.16852541591664755 0.6631129976443989 0.4001390621258732 0.5362999620608362 0.7382991521761331 0.8619668868950592 0.9926809445660005 1.012834909525469 1.189627407942465 1.2470570616382994 1.510822237418832
36 432 -0.8884272279901854 -0.14664494526233424 0.16336204676800473 0.6379193697735798 0.4001390621258732 0.5362999620608362 0.7382991521761331 0.8619668868950592 0.9926809445660005 1.012834909525469 1.189627407942465 1.2470570616382994 1.510822237418832
37 444 -0.9012189620007776 -0.16046342774061034 0.15038798273320098 0.6470570488659446 0.26462713306943453 0.41714752671578487 0.6489973033153918 0.811570802277311 0.8767171931171375 0.9518036191424413 1.2704410872241345 1.3580906379241942 1.5947168562269094
38 456 -0.9039886311223063 -0.14624846010477144 0.13607395995081806 0.6797099560041744 0.26462713306943453 0.41714752671578487 0.6489973033153918 0.811570802277311 0.8767171931171375 0.9518036191424413 1.2704410872241345 1.3580906379241942 1.5947168562269094
39 468 -0.9153986910697541 -0.15294339453836914 0.12001890022225467 0.7078541014357848 0.26462713306943453 0.41714752671578487 0.6489973033153918 0.811570802277311 0.8767171931171375 0.9518036191424413 1.2704410872241345 1.3580906379241942 1.5947168562269094
40 480 -0.9205545448672061 -0.1683457140381864 0.10981673806245756 0.7127731369716924 0.26462713306943453 0.41714752671578487 0.6489973033153918 0.811570802277311 0.8767171931171375 0.9518036191424413 1.2704410872241345 1.3580906379241942 1.5947168562269094
41 492 -0.9249238707530085 -0.16817679930622517 0.1069055594640958 0.7096286248039644 0.26462713306943453 0.41714752671578487 0.6489973033153918 0.811570802277311 0.8767171931171375 0.9518036191424413 1.2704410872241345 1.3580906379241942 1.5947168562269094
42 504 -0.9274843262543864 -0.19185700783440973 0.155379195233887 0.7190573359046748 0.26462713306943453 0.41714752671578487 0.6489973033153918 0.811570802277311 0.8767171931171375 0.9518036191424413 1.2704410872241345 1.3580906379241942 1.5947168562269094
43 516 -0.9274533237105995 -0.19253311032883325 0.15799017894844491 0.7475847149253189 0.26462713306943453 0.41714752671578487 0.6489973033153918 0.811570802277311 0.8767171931171375 0.9518036191424413 1.2704410872241345 1.3580906379241942 1.5947168562269094
44 528 -0.9322857060842755 -0.21453322646333484 0.15531964855972907 0.7556649180173237 0.26462713306943453 0.41714752671578487 0.6489973033153918 0.811570802277311 0.8767171931171375 0.9518036191424413 1.2704410872241345 1.3580906379241942 1.5947168562269094
45 540 -0.9310059670128588 -0.21947190760301988 0.15048547494688297 0.768465142512341 0.26462713306943453 0.41714752671578487 0.6489973033153918 0.811570802277311 0.8767171931171375 0.9518036191424413 1.2704410872241345 1.3580906379241942 1.5947168562269094
46 552 -0.948805601720782 -0.2280903652735783 0.15267241465857267 0.7898200187393489 0.16578961778891774 0.3448300819676045 0.6326669046603638 0.7371403011621447 0.906649042041891 0.9690079332282399 1.2476097023660642 1.3594740349581709 1.6565851321605969
47 564 -0.9504440596905865 -0.22994567362689863 0.16507809440862767 0.7932373586414365 0.16578961778891774 0.3448300819676045 0.6326669046603638 0.7371403011621447 0.906649042041891 0.9690079332282399 1.2476097023660642 1.3594740349581709 1.6565851321605969
48 576 -0.9488579331486877 -0.22806800129212937 0.1535810914664245 0.7970525939592815 0.16578961778891774 0.3448300819676045 0.6326669046603638 0.7371403011621447 0.906649042041891 0.9690079332282399 1.2476097023660642 1.3594740349581709 1.6565851321605969
49 588 -0.9559690280164589 -0.21685314648966697 0.17095027376934344 0.7985434366412787 0.16578961778891774 0.3448300819676045 0.6326669046603638 0.7371403011621447 0.906649042041891 0.9690079332282399 1.2476097023660642 1.3594740349581709 1.6565851321605969
50 600 -0.9516214128030934 -0.2649179560298611 0.16285748082013973 0.8221756120040812 0.16578961778891774 0.3448300819676045 0.6326669046603638 0.7371403011621447 0.906649042041891 0.9690079332282399 1.2476097023660642 1.3594740349581709 1.6565851321605969
51 612 -0.9537360477506236 -0.2676001118863406 0.1725339789090789 0.8281808619960386 0.16578961778891774 0.3448300819676045 0.6326669046603638 0.7371403011621447 0.906649042041891 0.9690079332282399 1.2476097023660642 1.3594740349581709 1.6565851321605969
52 624 -0.9520716349486271 -0.2997417635665409 0.1703736263829392 0.8422918192303642 0.16578961778891774 0.3448300819676045 0.6326669046603638 0.7371403011621447 0.906649042041891 0.9690079332282399 1.2476097023660642 1.3594740349581709 1.6565851321605969
53 636 -0.9572601910574717 -0.2988485264190336 0.18527592928293896 0.843416357143675 0.16578961778891774 0.3448300819676045 0.6326669046603638 0.7371403011621447 0.906649042041891 0.9690079332282399 1.2476097023660642 1.3594740349581709 1.6565851321605969
54 648 -0.9595016495001508 -0.30840199994322176 0.20136615584086134 0.8356942554425755 0.16578961778891774 0.3448300819676045 0.6326669046603638 0.7371403011621447 0.906649042041891 0.9690079332282399 1.2476097023660642 1.3594740349581709 1.6565851321605969
55 660 -0.9600904560621181 -0.3010180963290806 0.22708808082646564 0.8446400939524604 0.10921162526381402 0.25964636206827946 0.554444697972927 0.692773850512368 0.7874064174228456 0.9281333023963758 1.0647529030568659 1.5101247831366678 1.7993599301086052
56 672 -0.9604556637551427 -0.27589288688152624 0.221104122289228 0.8425429930246517 0.10921162526381402 0.25964636206827946 0.554444697972927 0.692773850512368 0.7874064174228456 0.9281333023963758 1.0647529030568659 1.5101247831366678 1.7993599301086052
57 684 -0.960904748071549 -0.2677085351002748 0.24105619951244667 0.8336268269588435 0.10921162526381402 0.25964636206827946 0.554444697972927 0.692773850512368 0.7874064174228456 0.9281333023963758 1.0647529030568659 1.5101247831366678 1.7993599301086052
58 696 -0.9606680804724543 -0.27294783851993365 0.22652325776386223 0.8517793855520837 0.10921162526381402 0.25964636206827946 0.554444697972927 0.692773850512368 0.7874064174228456 0.9281333023963758 1.0647529030568659 1.5101247831366678 1.7993599301086052
59 708 -0.9623980094458148 -0.2866051925820053 0.2327567576352914 0.8563602032241298 0.10921162526381402 0.25964636206827946 0.554444697972927 0.692773850512368 0.7874064174228456 0.9281333023963758 1.0647529030568659 1.5101247831366678 1.7993599301086052
60 720 -0.9625560730511219 -0.29497173552791156 0.22711770498023137 0.8560892616075026 0.10921162526381402 0.25964636206827946 0.554444697972927 0.692773850512368 0.7874064174228456 0.9281333023963758 1.0647529030568659 1.5101247831366678 1.7993599301086052
61 732 -0.963321454471685 -0.28722658402915147 0.25519972758204496 0.8517333002477573 0.10921162526381402 0.25964636206827946 0.554444697972927 0.692773850512368 0.7874064174228456 0.9281333023963758 1.0647529030568659 1.5101247831366678 1.7993599301086052
62 744 -0.9610793180608561 -0.2864503782132667 0.28372793603694785 0.8450933475462827 0.10921162526381402 0.25964636206827946 0.554444697972927 0.692773850512368 0.7874064174228456 0.9281333023963758 1.0647529030568659 1.5101247831366678 1.7993599301086052
63 756 -0.9622776224922879 -0.26716288629692325 0.22521161282419266 0.8514836389138593 0.10921162526381402 0.25964636206827946 0.554444697972927 0.692773850512368 0.7874064174228456 0.9281333023963758 1.0647529030568659 1.5101247831366678 1.7993599301086052
64 768 -0.9615863472161901 -0.25186332121656674 0.20806946439671026 0.8631976689300122 0.08267088987880222 0.19406470941770546 0.527220157942889 0.753894389645124 0.7710356666338456 1.0445268017700045 1.1030147674347104 1.534353835765808 1.6890148186146505
65 780 -0.9603191176516368 -0.25951568176582185 0.22385755290953188 0.8697679001919132 0.08267088987880222 0.19406470941770546 0.527220157942889 0.753894389645124 0.7710356666338456 1.0445268017700045 1.1030147674347104 1.534353835765808 1.6890148186146505
66 792 -0.9590208576816492 -0.27652215321142337 0.20729800338249826 0.8798026507875616 0.08267088987880222 0.19406470941770546 0.527220157942889 0.753894389645124 0.7710356666338456 1.0445268017700045 1.1030147674347104 1.534353835765808 1.6890148186146505
67 804 -0.9551157733455635 -0.3076956385088421 0.20009482707033868 0.8913867184058822 0.08267088987880222 0.19406470941770546 0.527220157942889 0.753894389645124 0.7710356666338456 1.0445268017700045 1.1030147674347104 1.534353835765808 1.6890148186146505
68 816 -0.9498450888274865 -0.3336023520324062 0.20674074600066708 0.8992002787464936 0.08267088987880222 0.19406470941770546 0.527220157942889 0.753894389645124 0.7710356666338456 1.0445268017700045 1.1030147674347104 1.534353835765808 1.6890148186146505
69 828 -0.9545139349061815 -0.35488297822803194 0.20471845322774285 0.901811748054194 0.08267088987880222 0.19406470941770546 0.527220157942889 0.753894389645124 0.7710356666338456 1.0445268017700045 1.1030147674347104 1.534353835765808 1.6890148186146505
70 840 -0.9559537524902799 -0.36168344379654016 0.20110647706454152 0.9091127298064392 0.08267088987880222 0.19406470941770546 0.527220157942889 0.753894389645124 0.7710356666338456 1.0445268017700045 1.1030147674347104 1.534353835765808 1.6890148186146505
71 852 -0.9575229783503457 -0.3335246779498735 0.2093868753162346 0.9098768538949232 0.08267088987880222 0.19406470941770546 0.527220157942889 0.753894389645124 0.7710356666338456 1.0445268017700045 1.1030147674347104 1.534353835765808 1.6890148186146505
72 864 -0.958823032163107 -0.3361169229728621 0.20254400453101418 0.9137340510691252 0.08267088987880222 0.19406470941770546 0.527220157942889 0.753894389645124 0.7710356666338456 1.0445268017700045 1.1030147674347104 1.534353835765808 1.6890148186146505
73 876 -0.9624374593698646 -0.3651795274283023 0.2135169235647394 0.9067855891052496 0.06054492412533588 0.1555643934912094 0.5042769737966929 0.6313147612261271 0.6857454573716527 0.841178757777003 1.1609284752458577 1.653311853299603 1.7493589951345214
74 888 -0.969989795636007 -0.359030034412571 0.21360849507978658 0.9070271772459302 0.06054492412533588 0.1555643934912094 0.5042769737966929 0.6313147612261271 0.6857454573716527 0.841178757777003 1.1609284752458577 1.653311853299603 1.7493589951345214
75 900 -0.9708773428660846 -0.3506786407943252 0.24715454258610958 0.8983632720254554 0.06054492412533588 0.1555643934912094 0.5042769737966929 0.6313147612261271 0.6857454573716527 0.841178757777003 1.1609284752458577 1.653311853299603 1.7493589951345214
76 912 -0.9745944402045215 -0.3355947646368237 0.24292794412927501 0.8938148814634885 0.06054492412533588 0.1555643934912094 0.5042769737966929 0.6313147612261271 0.6857454573716527 0.841178757777003 1.1609284752458577 1.653311853299603 1.7493589951345214
77 924 -0.9739806582944037 -0.3130674057130948 0.19543169723333853 0.8809095448104555 0.06054492412533588 0.1555643934912094 0.5042769737966929 0.6313147612261271 0.6857454573716527 0.841178757777003 1.1609284752458577 1.653311853299603 1.7493589951345214
78 936 -0.9760862841223252 -0.3170495404069775 0.201195595598691 0.8854148009490336 0.06054492412533588 0.1555643934912094 0.5042769737966929 0.6313147612261271 0.6857454573716527 0.841178757777003 1.1609284752458577 1.653311853299603 1.7493589951345214
79 948 -0.9765330221495035 -0.3089059233729864 0.1847669111042321 0.8885538880497662 0.06054492412533588 0.1555643934912094 0.5042769737966929 0.6313147612261271 0.6857454573716527 0.841178757777003 1.1609284752458577 1.653311853299603 1.7493589951345214
80 960 -0.9795377287926795 -0.31182825810239506 0.17915890105044607 0.8846482422333722 0.06054492412533588 0.1555643934912094 0.5042769737966929 0.6313147612261271 0.6857454573716527 0.841178757777003 1.1609284752458577 1.653311853299603 1.7493589951345214
81 972 -0.9783262712059902 -0.2995281604176737 0.2003515753905435 0.8783276677128011 0.06054492412533588 0.1555643934912094 0.5042769737966929 0.6313147612261271 0.6857454573716527 0.841178757777003 1.1609284752458577 1.653311853299603 1.7493589951345214
82 984 -0.9796873055451822 -0.290587138486326 0.19808902101010145 0.8812899077788634 0.05992590584174771 0.15351027309270923 0.4351171397253251 0.5586501064389362 0.7501864870434015 1.0435085654039027 1.2046793921834558 1.560959190110043 1.7122764650028723
83 996 -0.9788904978040256 -0.29287768338344833 0.18880325028553346 0.8809313277821024 0.05992590584174771 0.15351027309270923 0.4351171397253251 0.5586501064389362 0.7501864870434015 1.0435085654039027 1.2046793921834558 1.560959190110043 1.7122764650028723
84 1008 -0.9799433900557337 -0.29260616216935686 0.20169611374073101 0.8771895648788514 0.05992590584174771 0.15351027309270923 0.4351171397253251 0.5586501064389362 0.7501864870434015 1.0435085654039027 1.2046793921834558 1.560959190110043 1.7122764650028723
85 1020 -0.9800015853782916 -0.2882741004134459 0.1759030672722931 0.8676168720520726 0.05992590584174771 0.15351027309270923 0.4351171397253251 0.5586501064389362 0.7501864870434015 1.0435085654039027 1.2046793921834558 1.560959190110043 1.7122764650028723
86 1032 -0.9800838587351702 -0.28219046158873357 0.1773429423227003 0.8636035673442849 0.05992590584174771 0.15351027309270923 0.4351171397253251 0.5586501064389362 0.7501864870434015 1.0435085654039027 1.2046793921834558 1.560959190110043 1.7122764650028723
87 1044 -0.9797556671375138 -0.30521937445360303 0.1929554817482948 0.8675766293604669 0.05992590584174771 0.15351027309270923 0.4351171397253251 0.5586501064389362 0.7501864870434015 1.0435085654039027 1.2046793921834558 1.560959190110043 1.7122764650028723
88 1056 -0.980378398909065 -0.3106725631481203 0.1559816032089943 0.8579370946089754 0.05992590584174771 0.15351027309270923 0.4351171397253251 0.5586501064389362 0.7501864870434015 1.0435085654039027 1.2046793921834558 1.560959190110043 1.7122764650028723
89 1068 -0.9818330720948958 -0.3115998044500018 0.1579090255313554 0.8590958286784153 0.05992590584174771 0.15351027309270923 0.4351171397253251 0.5586501064389362 0.7501864870434015 1.0435085654039027 1.2046793921834558 1.560959190110043 1.7122764650028723
90 1080 -0.9823989882168128 -0.3024464660539442 0.1578913542269449 0.849154092373414 0.05992590584174771 0.15351027309270923 0.4351171397253251 0.5586501064389362 0.7501864870434015 1.0435085654039027 1.2046793921834558 1.560959190110043 1.7122764650028723
91 1092 -0.9844349885272881 -0.2849993152176869 0.12890095508446692 0.8423315011686383 0.04189504795807995 0.1423003888328722 0.41241378515967475 0.47719884666418216 0.7914279115547879 1.0528568864339543 1.2211161923780014 1.6057528773991627 1.66606083735992
92 1104 -0.9838747251768795 -0.3010509306480005 0.11637975869580627 0.844814196865649 0.04189504795807995 0.1423003888328722 0.41241378515967475 0.47719884666418216 0.7914279115547879 1.0528568864339543 1.2211161923780014 1.6057528773991627 1.66606083735992
93 1116 -0.9869119886635525 -0.323044139982095 0.17082288450454808 0.8429898704585814 0.04189504795807995 0.1423003888328722 0.41241378515967475 0.47719884666418216 0.7914279115547879 1.0528568864339543 1.2211161923780014 1.6057528773991627 1.66606083735992
94 1128 -0.9883230863462523 -0.3531444378711144 0.19330956915686223 0.8386780766407521 0.04189504795807995 0.1423003888328722 0.41241378515967475 0.47719884666418216 0.7914279115547879 1.0528568864339543 1.2211161923780014 1.6057528773991627 1.66606083735992
95 1140 -0.9886028675290869 -0.338612147524589 0.17916593538505182 0.8379798345247232 0.04189504795807995 0.1423003888328722 0.41241378515967475 0.47719884666418216 0.7914279115547879 1.0528568864339543 1.2211161923780014 1.6057528773991627 1.66606083735992
96 1152 -0.9878241911662123 -0.33121065490647617 0.19972674738601065 0.8261496486013146 0.04189504795807995 0.1423003888328722 0.41241378515967475 0.47719884666418216 0.7914279115547879 1.0528568864339543 1.2211161923780014 1.6057528773991627 1.66606083735992
97 1164 -0.9888552991056284 -0.3151239476656831 0.18602392077725838 0.8372894965359058 0.04189504795807995 0.1423003888328722 0.41241378515967475 0.47719884666418216 0.7914279115547879 1.0528568864339543 1.2211161923780014 1.6057528773991627 1.66606083735992
98 1176 -0.9887573901195602 -0.28062568249344044 0.17415691596230512 0.8369473145067907 0.04189504795807995 0.1423003888328722 0.41241378515967475 0.47719884666418216 0.7914279115547879 1.0528568864339543 1.2211161923780014 1.6057528773991627 1.66606083735992
99 1188 -0.9889723559830914 -0.29319853859292616 0.19677821372886412 0.8385788947325744 0.04189504795807995 0.1423003888328722 0.41241378515967475 0.47719884666418216 0.7914279115547879 1.0528568864339543 1.2211161923780014 1.6057528773991627 1.66606083735992
100 1200 -0.9902572805227698 -0.3021989699823142 0.23703360959158673 0.8587850051985535 0.03512099382391392 0.12820333364072337 0.4143525138765537 0.5061178618728331 0.7923213989904 0.9816923858780654 1.1486825059387482 1.6576112121185769 1.7017190001271258
101 1212 -0.9907906337095895 -0.330776090069656 0.23868577167488397 0.8743463474819185 0.03512099382391392 0.12820333364072337 0.4143525138765537 0.5061178618728331 0.7923213989904 0.9816923858780654 1.1486825059387482 1.6576112121185769 1.7017190001271258
102 1224 -0.9903199623347122 -0.3269565220868329 0.22530958700749365 0.8872453963553572 0.03512099382391392 0.12820333364072337 0.4143525138765537 0.5061178618728331 0.7923213989904 0.9816923858780654 1.1486825059387482 1.6576112121185769 1.7017190001271258
103 1236 -0.9908580143682331 -0.33272233890779157 0.2087518648262564 0.8895236007885344 0.03512099382391392 0.12820333364072337 0.4143525138765537 0.5061178618728331 0.7923213989904 0.9816923858780654 1.1486825059387482 1.6576112121185769 1.7017190001271258
104 1248 -0.9904761290366808 -0.3251134734179285 0.21526974333458126 0.882629563034012 0.03512099382391392 0.12820333364072337 0.4143525138765537 0.5061178618728331 0.7923213989904 0.9816923858780654 1.1486825059387482 1.6576112121185769 1.7017190001271258
105 1260 -0.9904479339504662 -0.32952082492363866 0.2159335546036898 0.8843765198757968 0.03512099382391392 0.12820333364072337 0.4143525138765537 0.5061178618728331 0.7923213989904 0.9816923858780654 1.1486825059387482 1.6576112121185769 1.7017190001271258
106 1272 -0.9917947105452757 -0.31428553869283016 0.2190500062959865 0.8756829221630724 0.03512099382391392 0.12820333364072337 0.4143525138765537 0.5061178618728331 0.7923213989904 0.9816923858780654 1.1486825059387482 1.6576112121185769 1.7017190001271258
107 1284 -0.9921536923839342 -0.29931539255993717 0.2178627065782639 0.8822557172529928 0.03512099382391392 0.12820333364072337 0.4143525138765537 0.5061178618728331 0.7923213989904 0.9816923858780654 1.1486825059387482 1.6576112121185769 1.7017190001271258
108 1296 -0.9931883593588616 -0.2736664971482269 0.23193099746662793 0.886186480285399 0.03512099382391392 0.12820333364072337 0.4143525138765537 0.5061178618728331 0.7923213989904 0.9816923858780654 1.1486825059387482 1.6576112121185769 1.7017190001271258
109 1308 -0.9934790740664805 -0.2698934515112275 0.22558665076079493 0.879039384348347 0.02710920010874956 0.11593022127221575 0.3998192697015459 0.4877362917602496 0.7546505936895535 0.9537695345425303 1.2011809859152331 1.5998998839997942 1.762496494469196
