% # columns="iteration, evaluation, sigma, void, void,  stds==sigma*sigma_vec.scaling*sqrt(diag(C))", seed=61725, Tue Apr  7 18:34:34 2026, <python>{}</python>
1 12 19.008313947933157 0 0 9.38225834396717 9.734497069734541 4.724703998239743 0.5635558092182524 0.5549733265261136 0.09522691875329216 0.37031578651777847 0.28584855120170666 0.3788688473358099
2 24 19.345666112237407 0 0 9.407990339301037 9.914686798634053 4.789254535609815 0.5605667625100469 0.5555432138941307 0.0978986975399459 0.376037613265575 0.3113127556627607 0.3783420695133212
3 36 20.929729944477867 0 0 10.069871771632245 11.14957373473706 5.390759395694542 0.5983452876039651 0.5913121981042926 0.10656049182325673 0.4249207016744437 0.34114747651979827 0.40376765950456
4 48 20.952794936758647 0 0 10.149915840365555 11.48829213208349 5.383020667783951 0.5926094556868666 0.5773768308801631 0.10616120660989925 0.4258943764478226 0.3453160954380585 0.40326508188018534
5 60 20.37210129249082 0 0 9.941246871952657 10.906745032984004 5.323620214100118 0.5424208263786044 0.567838593397192 0.10276832264356556 0.41700286066491304 0.346248982089485 0.3996109030271035
6 72 20.709924825480748 0 0 10.257468181798021 11.059562730026288 5.6222842966375595 0.5102351630500942 0.5824386465178667 0.10493088167572001 0.41905708565696453 0.36354218593395093 0.40202080128776935
7 84 23.319936162077234 0 0 12.842240130344004 12.21295103576117 6.453549068278802 0.5674021155527721 0.6400154864903909 0.11666666666666667 0.47851377860717964 0.4157627257654354 0.4742983292731369
8 96 26.98491302689293 0 0 15.774139761892382 13.628321924470693 7.398740148493729 0.6394247173418923 0.775294745325921 0.11666666666666665 0.5503185804583642 0.4833333333333333 0.5474526932961165
9 108 30.968864096892972 0 0 18.453698274450982 14.84959913640751 8.519789719539723 0.7328557930664512 0.9724839144685739 0.11666666666666664 0.6288851954527928 0.4833333333333332 0.6435043642630369
10 120 33.264496130631485 0 0 19.76829314549829 15.407239305159267 9.061373582618675 0.7859847993470255 1.1043283745066603 0.11666666666666665 0.6333333333333333 0.48333333333333334 0.6864709040402924
11 132 33.027098205463474 0 0 19.799530591835488 15.097324792934382 8.988190287590673 0.7562431298627419 1.0747105777703676 0.11529226253075273 0.6221208320336694 0.4827223963994107 0.6749702490514027
12 144 36.821168402680584 0 0 21.85345492008702 16.292584423168616 10.182810900180344 0.7895336271375973 1.176178805481273 0.11666666666666664 0.6333333333333333 0.4833333333333332 0.7333333333333334
13 156 32.19241394002488 0 0 19.043315062561508 14.278601578506832 8.85649037367441 0.6542797576649263 0.979113920553172 0.10088462645593113 0.548874206245276 0.41881238619101796 0.6343738007477221
14 168 31.05718501876488 0 0 18.316388404595145 13.965507634737216 8.739472609189294 0.5990218031994269 0.9425551788744498 0.09713078998686937 0.5438390216409852 0.4002895225697246 0.6208622832509495
15 180 29.9402907931702 0 0 17.50477513734835 13.335437941700174 8.245524411749685 0.5579750482106028 0.898345138385812 0.09333556121476314 0.515802575166591 0.38328916579759775 0.6047324347948217
16 192 30.15732181649626 0 0 18.076907972668902 13.333496424484341 8.576798399439994 0.5383763408579382 0.8868489273372241 0.09295652363741154 0.527392885020566 0.38297047197961825 0.5940457665211837
17 204 29.337805401923806 0 0 17.145795141600935 12.857606886662637 8.182801459164294 0.5153845423008742 0.8544656208667286 0.0922760255934307 0.5096839639578066 0.38794673112328165 0.5781127368653843
18 216 28.32176025144584 0 0 16.665985643490846 11.806047350539087 8.3085731507848 0.4688801482488548 0.7871573245168352 0.09098374459347339 0.49431827593314964 0.3727814271316157 0.5610770755019141
19 228 31.68109334909844 0 0 19.696508924666603 13.461568159458512 10.190128473334035 0.5089515469766003 0.8480189840501405 0.1067312605718768 0.543584773601615 0.40332706472369373 0.6255241106515796
20 240 33.835289586894945 0 0 21.395233322224946 14.090225572397243 11.179257246599185 0.5292397285981125 0.906014751906222 0.11619097038870839 0.5973067625699755 0.42300502613271357 0.6913779725048206
21 252 35.87998999616287 0 0 22.219718424597644 14.299034100856021 11.916521094973543 0.5343309831576427 0.9540479440967226 0.11666666666666668 0.6333333333333333 0.45552717330725734 0.7333333333333333
22 264 36.85591272547111 0 0 22.532692206880935 14.268503803352452 12.202454229580331 0.501684831360886 0.9782752851790828 0.11666666666666665 0.6333333333333334 0.46829606061821627 0.7333333333333335
23 276 37.21920611393537 0 0 22.58165733166228 13.925075962645622 12.228638053244481 0.4862671617903664 0.9555742814310946 0.11666666666666665 0.6333333333333332 0.4727849872945116 0.7333333333333333
24 288 35.13836827179092 0 0 21.54926673250464 12.600461994539481 11.314382617975564 0.4512126242900302 0.9205495854005672 0.1134144063419718 0.6017279617550496 0.44369600715328306 0.6848764845540026
25 300 35.095403445463006 0 0 21.434280708101603 12.564219351712898 11.086932833465276 0.43400189448148146 0.9147079515837021 0.11148172531902709 0.5785023976143332 0.4522832615334112 0.6852434084817628
26 312 32.6507803904573 0 0 19.948032099950556 11.699769643718962 9.901208469247884 0.3855153360260746 0.8384278836833122 0.10177752043673731 0.5308053296609305 0.4319652236440603 0.6187027606196098
27 324 28.370046593432935 0 0 17.373052573879356 10.014736518572558 8.662700711006854 0.2985534748160658 0.7146609238014149 0.08830153357054871 0.46106765665396787 0.3856605419999944 0.5230965092739603
28 336 24.150797384631247 0 0 14.767741789609326 8.268705908077669 7.4741819040762385 0.24430141723848686 0.5893513948917661 0.0733819665289846 0.38712394267468125 0.3280266230476409 0.4420769550337276
29 348 21.088713647372316 0 0 12.784079039176742 6.92052999456653 6.531271460018064 0.20720767548108393 0.4998340088621036 0.0635437058883605 0.3306375135260297 0.2762677787728434 0.37925496762060257
30 360 20.323639109745272 0 0 12.404721468997481 6.502866356381898 6.108152313254258 0.1985701660258658 0.47769399471656954 0.060042206535906605 0.3255870139115248 0.2666751086750136 0.3769244033283304
31 372 19.310729584173792 0 0 11.572821210415135 5.75499373940666 5.536976917779822 0.18662174997943967 0.44811889231727065 0.05624915126630876 0.31275033739106445 0.24442813532659077 0.37598697635942546
32 384 17.799937562679425 0 0 10.15939810905724 5.18330934619855 5.148772661203504 0.1681921519017937 0.409664459624405 0.05221882507340034 0.28335559742304706 0.22500948778110128 0.3502218453612464
33 396 16.56374691478639 0 0 9.206367430997137 4.573002675629232 4.735387119533107 0.1517581500885621 0.37467721204831117 0.04898780237438383 0.2610738126300252 0.20801862007314345 0.3290640354123812
34 408 14.615950921328906 0 0 8.01548039919425 4.004217992777173 4.115641273187313 0.13073279897653753 0.3276649012883248 0.04352763790855568 0.2234197403641371 0.1843146498908386 0.29309134035384304
