% # columns="iter, evals, sigma, 0, fitness, xbest" seed=12345, Wed Apr  8 00:36:00 2026, <python>{}</python>
1 12 19.679138847016894 0 0.42632441942199284 311.2377206815042 280.00940282999113 30.719123624585063 1.0318664734428569 3.601296794517332 0.11353547414639976 0.1943291259776483 0.15176273810556007 1.2040680755710516
2 24 18.41308930779568 0 0.5121582716109774 294.70157394064313 276.45214003101415 25.169904952905508 1.1692474254381762 4.1192342430275195 0.10119452591494041 0.8926139875466228 0.5339456816011683 1.1496795007497944
3 36 17.386281104192815 0 0.4982352655881953 293.1118846418119 277.6462510282298 34.39852939283906 0.7030774925161329 4.448530681009592 0.10002348911132714 0.12816472390507272 0.24960869149944565 1.0092960538562872
4 48 17.36261788821706 0 0.4362280870797963 286.77103850229645 277.1193126756004 30.047634569072663 0.954368193366489 3.3988793932613275 0.20158687176344978 0.43103253720421664 0.1374095036470887 1.4744545459343357
5 60 15.229246983722307 0 0.4719884954315524 296.3794342158563 274.6212431207578 25.61028822343011 1.114238204501981 4.039242558484237 0.1275539267537072 0.3878552355198871 0.21163441529419097 1.3555645713608087
6 72 14.655872081121434 0 0.49543791346623145 293.86150122390524 267.6482423888008 34.51827147555368 1.0525872613605727 4.070086780088654 0.1486730447325149 0.3735329552247589 0.15831401068963194 1.4800861559014695
7 84 14.571703984170366 0 0.4824755557631695 294.6794597636197 272.0944276490526 39.06649940948605 0.6219877124847849 3.3290497238054892 0.20894178074117478 0.6546823526460628 0.23137582668756632 1.1591731531978016
8 96 14.55539888174599 0 0.488263858762077 294.58663305935073 282.6084458795427 34.32044777993413 1.1428861082858823 3.7028299911863956 0.12236703932551142 0.2526328240513924 0.4717178834908901 1.1535312001979325
9 108 14.255978908080213 0 0.42406093365760567 287.5330696415114 273.9802959114345 31.421516868154367 0.7556493885995876 3.915732404679977 0.2316322382481037 0.24289132999819862 0.237693294299788 1.6334571968926321
10 120 14.168219947415908 0 0.40792567156887294 289.16961321335987 285.7378521465689 33.24541228032983 1.294823726620147 3.8662059953467853 0.3316879512122851 0.27480987755509123 0.2623278490749537 1.4283620006023792
11 132 13.97170700450942 0 0.4532779247363228 276.99259381963395 277.3128550875629 34.716535768396504 0.6786439408671199 4.190175363815026 0.18799597781718502 0.18376431256015868 0.24342551652041325 1.4094115531993499
12 144 13.968519687300649 0 0.4189077599839298 277.8047708124413 281.1288925149561 37.21985017019526 1.1344023482490644 4.051869227719764 0.1952137810400885 0.14700436066815864 0.25758634105098377 1.4755368035628804
13 156 13.837316307087002 0 0.4251625193911497 272.42279413947875 277.2189705296721 30.80900034330994 0.863701498204648 3.863140150429333 0.2806832863560949 0.4337224732358729 0.27612375080475177 1.0463666749576372
14 168 12.329718679286758 0 0.4330827311685501 277.89612681713 279.0861121231851 35.167389016239845 0.7690509060904261 3.598819344064152 0.13186686141611487 0.2432058852605275 0.3277655531771149 1.3722220346473206
15 180 12.540567502051951 0 0.39140914275744165 274.2249944888692 280.3363688599408 39.95799376868575 0.9075335687998851 3.745988275918996 0.2350132955449002 0.3242402076773731 0.26289968358093635 1.2816851576871695
16 192 11.755208669846954 0 0.3630930578948517 272.9886366462456 285.4729798931618 35.98758175768363 1.373476841365203 3.7942781147159903 0.13078460921504725 0.1004794703298092 0.22325740279325265 1.6639064657111793
17 204 12.246605281990746 0 0.39446058625361435 281.9146795851298 280.8494879188423 38.12658080026182 0.9637774637544196 2.9109492928207907 0.14862577089935194 0.12544052633194408 0.051003498611964904 1.1975885403827826
18 216 11.0392045100176 0 0.3510940435987048 274.26432291533405 277.9892253889124 34.46181445710176 1.2220474508917292 3.8956833881758044 0.1627616210315075 0.24174903803536824 0.11865847785905993 1.5678592513724254
19 228 9.56510957106363 0 0.30688016362836545 272.0760501004672 284.0966174677272 36.9799637825716 1.329821354844007 3.6158753705943942 0.1474850280162263 0.10011700179564373 0.07951540985662627 1.2905391417063066
20 240 8.996712057644245 0 0.3772045875326755 274.61789388887007 282.0493844508994 34.81973371277973 1.1287396319529728 3.98665703477333 0.2743761193869726 0.15740543338307464 0.24966893851080918 1.1460124800950364
21 252 8.742791135638369 0 0.362936208993199 275.22088663934073 281.9344898635887 39.62952762259915 0.9499709398898225 3.5486079327900377 0.1857834120483288 0.16066246339011833 0.1911345045157053 1.1069966360937666
22 264 8.467327195746304 0 0.3640764817611133 272.6449300021893 280.6752657584962 38.151324647095194 0.9191500016665866 3.4967739412379384 0.21185037448380376 0.22155480640966096 0.24482734668423278 1.0797040742883692
23 276 8.024549460156628 0 0.3497474147043246 276.39598594451354 283.0430586755483 38.141416335497134 1.0452413399419975 3.540348233866321 0.21395349176059839 0.1849905055897093 0.19867926887101106 1.2632348609664181
24 288 8.414393780384609 0 0.35913883569511607 263.98840612717 283.395235502171 39.35739089165422 0.9798357706227597 3.4463611000833576 0.13182589340954443 0.14338780785347252 0.23419790460447243 1.4087892137581746
25 300 9.302710644317914 0 0.3610030905572732 261.61238922376134 284.5174475093935 39.92955726138696 1.0597673284868014 3.4253224864416576 0.15618011715651856 0.16732856853528397 0.3085086354056688 1.4362149032211273
26 312 10.402814201669047 0 0.34862795394042745 250.93697556856063 280.5494619743111 37.26668172275556 1.009876108383506 3.521386696569235 0.14201401832533733 0.1063979339666416 0.3411124245972819 1.080798140648506
27 324 10.972419271879174 0 0.3362381734689259 258.5621158478764 283.29608579391754 37.18013529987872 1.1518296931583702 3.25373370141077 0.10059945109395628 0.26543035176878016 0.25047138379626666 1.4674184799940249
28 336 11.658229943780459 0 0.2993237341768603 259.2262391481377 279.6437600198953 35.57748627120599 1.2022916974668474 3.431651636170134 0.11158474682031053 0.21076062029910325 0.0798421709103164 1.7814590232393417
29 348 11.701105519328271 0 0.28759319149035645 249.94437269321514 282.06339872878465 39.27940319120067 1.2173284156209905 3.4961092224547263 0.11255193689562772 0.10129461608619818 0.11661963035484588 1.5778363102433024
30 360 10.205158834586515 0 0.3515112469220574 250.67633896995608 281.30656493238814 39.43139975295438 1.0281279464283224 3.1408232917999057 0.11609527459623803 0.17504989595880677 0.1907931689527654 1.7340120027440242
31 372 9.011652295408384 0 0.36088921276739916 254.67265550114436 279.34761092603355 38.898324665190394 0.8646773570006082 3.0356900736960832 0.18504035453358647 0.15979042078837438 0.32499352800894166 1.4842549034694752
32 384 9.565629061444982 0 0.3487863822831291 242.4857873908719 280.4069353992703 38.101826057883635 0.973687784837309 2.8465141872169446 0.1298164398099772 0.18538547945876202 0.4983049167863063 1.5643323773682076
33 396 8.647570852069107 0 0.32677649623911587 236.52152409199283 279.1339657243988 37.88279212710313 0.988272468718987 3.072563853239969 0.11248963950292186 0.1082851986556044 0.3798111671066123 1.7252231757055347
34 408 7.421407017691286 0 0.31460525311196474 243.57767352233788 282.45639250292436 39.65984932061585 1.0736521057539545 3.1261477674248277 0.16548845243275018 0.22030316242505754 0.27011957396806274 1.5292795573837643
35 420 7.371693268966502 0 0.3227311277396455 240.31449208267378 280.56041060200084 36.2826457658866 1.1790002029107944 3.3017688195504067 0.10126959267854077 0.1055805996207875 0.3375303087503168 1.9956164018411484
36 432 7.327937506573849 0 0.3385838437114994 243.84208859986893 280.376200742471 37.80360530733569 0.9181735984965482 3.1302284646392233 0.11018619329131031 0.15570609928050877 0.24422383003746126 1.9176906557624902
37 444 6.592824629001421 0 0.32054300741156605 237.49954111654063 280.28492790190796 38.14102479210393 1.057927734798052 3.0501918738570866 0.10055656858244563 0.3167488205920235 0.2864696617090755 1.8316039826733588
38 456 6.49260768234507 0 0.3222555238364013 245.43542587400137 284.6749777408838 39.41344646481526 1.2757633998540394 3.194106389240479 0.11678140530259956 0.17904961294482974 0.23603489832740665 1.5305893441009162
39 468 6.3946700461647215 0 0.3166219267897006 242.41388476513046 284.3884914601992 39.72754731650357 1.255737357971021 3.060001443173555 0.10067950997401014 0.27052584761796866 0.19817378412021558 1.7126529526784455
40 480 6.015625241986463 0 0.3183413093959149 242.8287633546618 282.1790442862249 36.9405396415799 1.2675011021852203 3.3743646091501223 0.10000088393530414 0.29608269289714906 0.28343483598265057 1.916419005966672
41 492 5.500117711885875 0 0.3133284719164924 242.82640874014194 280.63560150956323 36.52841915127278 1.1106239800482192 3.164960375469712 0.10851934230063578 0.3054380673323238 0.27253136484210355 1.783316040647082
42 504 5.321297707308444 0 0.31004364299351794 235.104547319826 279.4293096527108 35.3483742833665 1.114047609634266 3.074250382086729 0.10551461111175515 0.38476217476380403 0.30070679761808444 2.074625436428296
43 516 5.238290901646186 0 0.31163322393738 237.8251767922647 281.2509791114799 38.13490583808802 1.0882758213704973 3.0278596377507587 0.10403040240894597 0.3904151771514533 0.2509985699448541 2.024231870637381
44 528 5.645116347754012 0 0.31212701148455935 236.66740616138614 280.4695430107955 35.491457928091776 1.1919549566671228 2.989408432257852 0.10804361659563735 0.32920875768050617 0.32577896923634236 2.027419906263816
45 540 4.879152961780405 0 0.3085768609080535 240.73113343474748 280.7981681389399 37.02242578473466 1.120869988175971 3.2362238755202983 0.10058910274564428 0.29429820700492604 0.20318035283533356 1.8549667761761393
46 552 4.382749732597439 0 0.3128164859087076 237.09960027928304 280.38072975605917 36.87242640907207 1.0937227448593587 3.13865863253555 0.10066951259929062 0.3281543539507905 0.32345817862701776 2.057527636941333
47 564 4.656851947017484 0 0.3106075630559383 233.67509696019437 282.1474208826729 40.45809867619693 1.0533098088693202 2.907006540552725 0.11014046056749915 0.26646899357102294 0.2548237285634997 2.1047038429821763
48 576 5.27376257921372 0 0.308750036013115 236.37469280261905 283.75818589085367 42.72544386003827 1.0243258022052684 2.7480385188872414 0.10516616239796585 0.33323859827905994 0.2755553113113497 1.888275425031077
49 588 5.226475924020743 0 0.30666258932059387 233.7026596474997 282.5555224924586 40.392984093714375 1.108512280285259 2.9510409467145076 0.1308193985025774 0.3502748814228963 0.25353474748139454 2.178638938440492
50 600 5.578324357044454 0 0.3065700179133738 227.50386581718988 282.9604715524649 40.69166203963939 1.1210975078910184 2.7490779245673753 0.16506556401289993 0.3721764010859983 0.28432370796341827 2.4314179505665017
51 612 5.003635819344891 0 0.31167882541925507 234.63020776366267 284.08172659548956 41.81337293637824 1.1145910443647373 2.929719917442079 0.10336005728765318 0.3456511403955018 0.2254093396181091 2.0703561009882923
